# Student number: r0812080
# Iteration, Elapsed time, Mean value, Best value, Cycle
0,6.192030191421509,inf,196538.33311817615,661,190,438,247,592,474,115,386,694,489,402,271,199,134,174,384,61,245,282,532,327,642,26,746,131,43,279,223,351,112,457,233,525,165,53,92,368,443,451,715,119,44,3,587,626,340,152,159,305,254,486,638,377,280,515,129,73,410,263,447,157,35,189,667,633,716,97,727,360,387,472,186,734,336,29,294,456,590,66,147,691,572,321,292,345,10,349,547,524,156,273,629,109,221,450,729,365,291,394,98,240,338,714,401,497,675,143,398,65,237,295,257,311,289,444,71,686,632,51,0,231,227,735,142,440,687,286,556,555,737,553,636,236,154,210,625,79,563,699,605,695,630,648,562,246,68,599,301,484,406,48,581,644,380,198,1,284,640,426,133,300,59,277,565,439,146,608,488,561,114,475,304,202,674,741,454,473,722,151,505,546,329,87,616,262,702,721,32,579,399,659,623,2,470,184,596,164,350,586,125,24,653,101,601,181,275,403,303,508,75,204,25,89,678,238,582,144,407,269,127,393,382,663,55,108,132,400,507,620,370,593,149,594,172,170,493,45,535,102,610,657,732,220,319,442,681,575,624,39,23,713,425,646,690,655,268,673,733,255,356,514,50,355,103,641,665,299,745,276,248,27,385,259,677,17,100,643,688,211,420,554,84,251,296,274,374,639,490,395,376,383,20,195,529,566,52,544,436,651,584,510,717,209,19,182,70,344,191,315,588,188,318,483,348,615,22,265,560,531,7,4,523,287,168,637,185,56,139,38,689,120,583,692,76,577,491,33,308,413,62,180,570,334,707,42,504,671,517,660,607,602,445,743,244,178,499,312,206,433,78,416,460,728,217,464,322,669,392,367,421,230,373,161,427,534,455,372,49,219,361,67,417,320,6,241,424,158,229,742,5,452,196,668,124,260,72,704,698,697,293,700,672,337,437,297,479,252,649,314,339,494,550,122,226,709,194,46,522,261,309,232,11,358,647,99,256,86,512,264,396,306,389,278,459,634,375,153,298,222,530,617,266,536,390,598,381,16,81,215,574,478,9,197,150,166,363,708,485,650,316,91,541,18,326,90,110,281,41,179,40,328,654,569,680,126,423,419,412,270,422,468,518,212,15,310,250,578,77,192,539,558,606,595,333,533,693,96,521,725,239,74,283,481,513,135,201,511,430,13,155,538,216,706,526,618,123,36,740,492,635,611,676,435,357,432,710,415,711,747,205,604,404,666,175,307,28,482,116,701,82,679,88,739,726,498,429,208,589,14,60,160,738,148,696,331,730,684,105,214,391,458,670,140,480,446,130,622,736,685,200,362,37,431,335,718,591,95,104,54,600,463,664,138,571,487,621,418,285,461,228,379,136,580,169,573,568,612,705,502,249,176,106,631,57,317,731,121,93,30,503,500,137,352,242,234,466,85,453,80,354,272,467,378,712,428,542,203,527,366,703,288,496,520,469,243,411,177,441,332,576,330,145,302,658,434,448,597,545,371,397,662,409,477,94,183,749,8,567,471,603,359,258,720,324,64,628,476,31,585,519,557,353,163,501,207,342,619,516,141,551,449,325,111,69,408,652,171,290,12,187,224,683,323,723,724,218,548,537,113,506,552,213,614,369,543,528,173,341,167,83,347,462,253,107,343,193,414,267,118,748,47,63,744,559,21,682,495,645,656,34,465,540,235,128,388,549,509,364,627,162,719,609,613,58,313,346,225,564,117,405,
1,6.784405708312988,inf,194641.9463265533,661,190,438,247,592,474,115,386,694,489,402,271,199,134,174,384,61,245,282,532,327,642,26,746,131,43,279,223,351,112,457,233,525,165,53,92,368,443,451,715,119,44,3,587,626,340,152,159,305,254,486,638,377,280,515,129,73,410,263,447,157,35,189,667,633,716,97,727,360,387,472,186,734,336,29,294,456,590,66,147,691,572,321,292,345,10,349,547,524,156,273,629,109,221,450,729,365,291,394,98,240,338,714,401,497,675,143,398,65,237,295,257,311,289,288,496,520,469,243,411,177,441,332,576,330,145,302,658,434,448,597,545,371,397,662,409,444,71,686,632,51,0,231,227,735,142,440,687,286,556,555,737,553,636,236,154,210,625,79,563,699,605,695,630,648,562,246,68,599,301,484,406,48,581,644,380,198,1,284,640,426,133,300,59,277,565,439,146,608,488,561,114,475,304,202,674,741,454,473,722,151,505,546,329,87,616,262,702,721,32,579,399,659,623,2,470,184,596,164,350,586,125,24,653,101,601,181,275,403,303,508,75,204,25,89,678,238,582,144,407,269,127,393,382,663,55,108,132,400,507,620,370,593,149,594,172,170,493,45,535,102,610,657,732,220,319,442,681,575,624,39,23,713,425,646,690,655,268,673,733,255,356,514,50,355,103,641,665,299,745,276,248,27,385,259,677,17,100,643,688,211,420,554,84,251,296,274,374,639,490,395,376,383,20,195,529,566,52,544,436,651,584,510,717,209,19,182,70,344,191,315,588,188,318,483,348,615,22,265,560,531,7,4,523,287,168,637,185,56,139,38,689,120,583,692,76,577,491,33,308,413,62,180,570,334,707,42,504,671,517,660,607,602,445,743,244,178,499,312,206,433,78,416,460,728,217,464,322,669,392,367,421,230,373,161,427,534,455,372,49,219,361,67,417,320,6,241,424,158,229,742,5,452,196,668,124,260,72,704,698,697,293,700,672,337,437,297,479,252,649,314,339,494,550,122,226,709,194,46,522,261,309,232,11,358,647,99,256,86,512,264,396,306,389,278,459,634,375,153,298,222,530,617,266,536,390,598,381,16,81,215,574,478,9,197,150,166,363,708,485,650,316,91,541,18,326,90,110,281,41,179,40,328,654,569,680,126,423,419,412,270,422,468,518,212,15,310,250,578,77,192,539,558,606,595,333,533,693,96,521,725,239,74,283,481,513,135,201,511,430,13,155,538,216,706,526,618,123,36,740,492,635,611,676,435,357,432,710,415,711,747,205,604,404,666,175,307,28,482,116,701,82,679,88,739,726,498,429,208,589,14,60,160,738,148,696,331,730,684,105,214,391,458,670,140,480,446,130,622,736,685,200,362,37,431,335,718,591,95,104,54,600,463,664,138,571,487,621,418,285,461,228,379,136,580,169,573,568,612,705,502,249,176,106,631,57,317,731,121,93,30,503,500,137,352,242,234,466,85,453,80,354,272,467,378,712,428,542,203,527,366,703,477,94,183,749,8,567,471,603,359,258,720,324,64,628,476,31,585,519,557,353,163,501,207,342,619,516,141,551,449,325,111,69,408,652,171,290,12,187,224,683,323,723,724,218,548,537,113,506,552,213,614,369,543,528,173,341,167,83,347,462,253,107,343,193,414,267,118,748,47,63,744,559,21,682,495,645,656,34,465,540,235,128,388,549,509,364,627,162,719,609,613,58,313,346,225,564,117,405,
2,7.394713878631592,inf,192620.39771121502,661,190,438,247,592,474,115,386,694,489,402,271,199,134,174,384,61,245,282,532,327,642,26,746,131,43,279,223,351,112,457,233,525,165,53,92,368,443,451,715,119,44,3,587,626,340,152,159,305,254,486,638,377,280,515,129,73,410,263,447,157,35,189,667,633,716,97,727,360,387,472,186,734,336,29,294,456,590,66,147,691,572,321,292,345,10,349,547,524,156,273,629,109,221,450,729,365,291,394,98,240,338,714,401,497,675,143,398,65,237,295,257,311,289,288,496,520,469,243,411,177,441,332,444,71,686,632,51,0,231,227,735,142,440,687,286,556,555,737,553,636,236,154,210,625,79,563,699,605,695,630,648,562,246,68,599,301,484,406,48,581,644,380,198,1,284,640,426,133,300,59,277,565,439,146,608,488,561,114,475,304,202,674,741,454,473,722,151,505,546,329,87,616,262,702,721,32,579,399,659,623,2,470,184,596,164,576,330,145,302,658,434,448,597,545,371,397,662,409,350,586,125,24,653,101,601,181,275,403,303,508,75,204,25,89,678,238,582,144,407,269,127,393,382,663,55,108,132,400,507,620,370,593,149,594,172,170,493,45,535,102,610,657,732,220,319,442,681,575,624,39,23,713,425,646,690,655,268,673,733,255,356,514,50,355,103,641,665,299,745,276,248,27,385,259,677,17,100,643,688,211,420,554,84,251,296,274,374,639,490,395,376,383,20,195,529,566,52,544,436,651,584,510,717,209,19,182,70,344,191,315,588,188,318,483,348,615,22,265,560,531,7,4,523,287,168,637,185,56,139,38,689,120,583,692,76,577,491,33,308,413,62,180,570,334,707,42,504,671,517,660,607,602,445,743,244,178,499,312,206,433,78,416,460,728,217,464,322,669,392,367,421,230,373,161,427,534,455,372,49,219,361,67,417,320,6,241,424,158,229,742,5,452,196,668,124,260,72,704,698,697,293,700,672,337,437,297,479,252,649,314,339,494,550,122,226,709,194,46,522,261,309,232,11,358,647,99,256,86,512,264,396,306,389,278,459,634,375,153,298,222,530,617,266,536,390,598,381,16,81,215,574,478,9,197,150,166,363,708,485,650,316,91,541,18,326,90,110,281,41,179,40,328,654,569,680,126,423,419,412,270,422,468,518,212,15,310,250,578,77,192,539,558,606,595,333,533,693,96,521,725,239,74,283,481,513,135,201,511,430,13,155,538,216,706,526,618,123,36,740,492,635,611,676,435,357,432,710,415,711,747,205,604,404,666,175,307,28,482,116,701,82,679,88,739,726,498,429,208,589,14,60,160,738,148,696,331,730,684,105,214,391,458,670,140,480,446,130,622,736,685,200,362,37,431,335,718,591,95,104,54,600,463,664,138,571,487,621,418,285,461,228,379,136,580,169,573,568,612,705,502,249,176,106,631,57,317,731,121,93,30,503,500,137,352,242,234,466,85,453,80,354,272,467,378,712,428,542,203,527,366,703,477,94,183,749,8,567,471,603,359,258,720,324,64,628,476,31,585,519,557,353,163,501,207,342,619,516,141,551,449,325,111,69,408,652,171,290,12,187,224,683,323,723,724,218,548,537,113,506,552,213,614,369,543,528,173,341,167,83,347,462,253,107,343,193,414,267,118,748,47,63,744,559,21,682,495,645,656,34,465,540,235,128,388,549,509,364,627,162,719,609,613,58,313,346,225,564,117,405,
3,7.901016712188721,inf,190912.60844051465,661,190,438,247,592,474,115,386,694,489,402,271,199,134,174,384,61,245,282,532,327,642,26,746,131,43,279,223,351,112,457,233,525,165,169,573,568,612,705,502,249,176,106,631,57,317,731,121,93,30,503,500,137,352,242,234,466,85,453,80,354,272,467,378,712,428,542,203,527,366,703,477,94,183,749,8,567,471,603,359,258,720,324,64,628,476,31,585,519,557,353,163,501,207,342,619,516,141,551,449,325,111,69,408,652,171,290,12,187,224,683,323,723,724,218,53,92,368,443,451,715,119,44,3,587,626,340,152,159,305,254,486,638,377,280,515,129,73,410,263,447,157,35,189,667,633,716,97,727,360,387,472,186,734,336,29,294,456,590,66,147,691,572,321,292,345,10,349,547,524,156,273,629,109,221,450,729,365,291,394,98,240,338,714,401,497,675,143,398,65,237,295,257,311,289,288,496,520,469,243,411,177,441,332,444,71,686,632,51,0,231,227,735,142,440,687,286,556,555,737,553,636,236,154,210,625,79,563,699,605,695,630,648,562,246,68,599,301,484,406,48,581,644,380,198,1,284,640,426,133,300,59,277,565,439,146,608,488,561,114,475,304,202,674,741,454,473,722,151,505,546,329,87,616,262,702,721,32,579,399,659,623,2,470,184,596,164,576,330,145,302,658,434,448,597,545,371,397,662,409,350,586,125,24,653,101,601,181,275,403,303,508,75,204,25,89,678,238,582,144,407,269,127,393,382,663,55,108,132,400,507,620,370,593,149,594,172,170,493,45,535,102,610,657,732,220,319,442,681,575,624,39,23,713,425,646,690,655,268,673,733,255,356,514,50,355,103,641,665,299,745,276,248,27,385,259,677,17,100,643,688,211,420,554,84,251,296,274,374,639,490,395,376,383,20,195,529,566,52,544,436,651,584,510,717,209,19,182,70,344,191,315,588,188,318,483,348,615,22,265,560,531,7,4,523,287,168,637,185,56,139,38,689,120,583,692,76,577,491,33,308,413,62,180,570,334,707,42,504,671,517,660,607,602,445,743,244,178,499,312,206,433,78,416,460,728,217,464,322,669,392,367,421,230,373,161,427,534,455,372,49,219,361,67,417,320,6,241,424,158,229,742,5,452,196,668,124,260,72,704,698,697,293,700,672,337,437,297,479,252,649,314,339,494,550,122,226,709,194,46,522,261,309,232,11,358,647,99,256,86,512,264,396,306,389,278,459,634,375,153,298,222,530,617,266,536,390,598,381,16,81,215,574,478,9,197,150,166,363,708,485,650,316,91,541,18,326,90,110,281,41,179,40,328,654,569,680,126,423,419,412,270,422,468,518,212,15,310,250,578,77,192,539,558,606,595,333,533,693,96,521,725,239,74,283,481,513,135,201,511,430,13,155,538,216,706,526,618,123,36,740,492,635,611,676,435,357,432,710,415,711,747,205,604,404,666,175,307,28,482,116,701,82,679,88,739,726,498,429,208,589,14,60,160,738,148,696,331,730,684,105,214,391,458,670,140,480,446,130,622,736,685,200,362,37,431,335,718,591,95,104,54,600,463,664,138,571,487,621,418,285,461,228,379,136,580,548,537,113,506,552,213,614,369,543,528,173,341,167,83,347,462,253,107,343,193,414,267,118,748,47,63,744,559,21,682,495,645,656,34,465,540,235,128,388,549,509,364,627,162,719,609,613,58,313,346,225,564,117,405,
4,8.435866117477417,inf,189260.77337537607,661,190,438,247,592,474,115,386,694,489,402,271,199,134,174,384,61,245,282,532,327,642,26,746,131,43,279,223,351,112,457,233,525,165,169,573,568,612,705,502,249,176,106,631,57,317,731,121,93,355,103,641,665,299,745,276,248,27,385,259,677,17,100,643,688,211,420,554,84,251,296,274,374,639,490,395,376,383,20,195,529,566,52,544,436,651,584,510,717,209,19,182,70,344,191,315,588,188,318,483,348,615,22,265,560,531,7,4,523,287,168,637,185,56,139,38,689,120,583,692,76,577,491,33,308,413,62,180,570,334,707,42,504,671,517,660,607,602,445,743,244,178,499,312,206,433,78,416,460,728,217,464,322,669,392,367,421,230,373,161,427,534,455,372,49,219,361,67,417,320,6,241,424,158,229,742,5,452,196,668,124,260,72,704,698,697,293,700,672,337,437,297,479,252,649,314,339,494,550,122,226,709,194,46,522,261,309,232,11,358,647,99,256,86,512,264,396,306,389,278,459,634,375,153,298,222,530,617,266,536,390,598,381,16,81,215,574,478,9,197,150,166,363,708,485,650,316,91,541,18,326,90,110,281,41,179,40,328,654,569,680,126,423,419,412,270,422,468,518,212,15,310,250,578,77,192,539,558,606,595,333,533,693,96,521,725,239,74,283,481,513,135,201,511,430,13,155,538,216,706,526,618,123,36,740,492,635,611,676,435,357,432,710,415,711,747,205,604,404,666,175,307,28,482,116,701,82,679,88,739,726,498,429,208,589,14,60,160,738,148,696,331,730,684,105,214,391,458,670,140,480,446,130,622,736,685,200,362,37,431,335,718,591,95,104,54,600,463,664,138,571,487,621,418,285,461,228,379,136,580,548,537,113,506,552,213,614,369,543,528,173,341,167,83,347,462,253,107,343,193,414,267,118,748,47,63,744,559,21,682,495,645,656,34,465,540,235,128,388,549,509,364,627,162,719,609,613,58,313,346,225,564,117,405,30,503,500,137,352,242,234,466,85,453,80,354,272,467,378,712,428,542,203,527,366,703,477,94,183,749,8,567,471,603,359,258,720,324,64,628,476,31,585,519,557,353,163,501,207,342,619,516,141,551,449,325,111,69,408,652,171,290,12,187,224,683,323,723,724,218,53,92,368,443,451,715,119,44,3,587,626,340,152,159,305,254,486,638,377,280,515,129,73,410,263,447,157,35,189,667,633,716,97,727,360,387,472,186,734,336,29,294,456,590,66,147,691,572,321,292,345,10,349,547,524,156,273,629,109,221,450,729,365,291,394,98,240,338,714,401,497,675,143,398,65,237,295,257,311,289,288,496,520,469,243,411,177,441,332,444,71,686,632,51,0,231,227,735,142,440,687,286,556,555,737,553,636,236,154,210,625,79,563,699,605,695,630,648,562,246,68,599,301,484,406,48,581,644,380,198,1,284,640,426,133,300,59,277,565,439,146,608,488,561,114,475,304,202,674,741,454,473,722,151,505,546,329,87,616,262,702,721,32,579,399,659,623,2,470,184,596,164,576,330,145,302,658,434,448,597,545,371,397,662,409,350,586,125,24,653,101,601,181,275,403,303,508,75,204,25,89,678,238,582,144,407,269,127,393,382,663,55,108,132,400,507,620,370,593,149,594,172,170,493,45,535,102,610,657,732,220,319,442,681,575,624,39,23,713,425,646,690,655,268,673,733,255,356,514,50,
5,8.92589282989502,346841.8607304287,187643.00378264327,661,190,438,247,592,474,115,386,694,489,402,271,199,134,174,384,61,245,282,532,327,642,26,746,131,43,279,223,351,112,457,233,525,165,169,573,568,612,705,502,249,176,106,631,57,317,731,121,93,355,103,641,665,299,745,276,248,27,385,259,677,17,100,643,688,211,420,554,84,251,296,274,374,639,490,395,376,383,20,195,529,566,52,544,436,651,584,510,717,209,19,182,70,344,191,315,588,188,318,483,348,615,22,265,560,531,7,4,523,287,168,637,185,56,139,38,689,120,583,692,76,577,491,33,308,413,62,180,570,334,707,42,504,671,517,660,607,602,445,743,244,178,499,312,206,433,78,416,460,728,217,464,322,669,392,367,421,230,373,161,427,534,455,372,49,219,361,67,417,320,6,241,424,158,229,742,5,452,196,668,124,260,72,704,698,697,293,700,672,337,437,297,479,252,649,314,339,494,550,122,226,709,194,46,522,261,309,232,11,358,647,99,256,86,512,264,396,306,389,278,459,634,375,153,298,222,530,617,266,536,390,598,381,16,81,215,574,478,9,197,150,166,363,708,485,650,316,91,541,18,326,90,110,281,41,179,40,328,654,569,680,126,423,419,412,270,422,468,518,212,15,310,250,578,77,192,539,558,606,595,333,533,693,96,521,725,239,74,283,481,513,135,201,511,430,13,155,538,216,706,526,618,123,36,740,492,635,611,676,435,357,432,710,415,711,747,205,604,404,666,175,307,28,482,116,701,82,679,88,739,726,498,429,208,589,14,60,160,738,148,696,331,730,684,105,214,391,458,670,140,480,446,130,622,736,685,200,362,37,431,335,718,591,95,104,54,600,463,664,138,571,487,621,418,285,461,228,379,136,580,548,537,113,506,552,213,614,369,543,528,173,341,167,83,347,462,253,107,343,193,414,267,118,748,47,63,744,559,21,682,495,645,656,34,465,540,235,128,388,549,509,364,627,162,719,609,613,58,313,346,225,564,117,405,30,503,500,137,352,242,234,466,85,453,80,354,272,467,378,712,428,542,203,527,366,703,477,94,183,749,8,567,471,603,359,258,720,324,64,628,476,31,585,519,557,353,163,501,207,342,619,516,141,551,449,325,111,69,408,652,171,290,12,187,224,683,323,723,724,218,53,92,368,443,451,715,119,44,3,587,626,340,152,159,305,254,486,638,377,280,515,129,73,410,263,447,157,35,189,667,633,716,97,727,360,387,472,186,734,336,29,294,456,590,66,147,691,572,321,292,345,10,349,547,524,156,273,629,109,221,450,729,365,291,394,98,240,338,714,401,497,675,143,398,65,237,295,257,311,289,288,496,520,469,243,411,177,444,71,686,632,51,0,231,227,735,142,440,687,286,556,555,737,553,636,236,154,210,625,441,332,79,563,699,605,695,630,648,562,246,68,599,301,484,406,48,581,644,380,198,1,284,640,426,133,300,59,277,565,439,146,608,488,561,114,475,304,202,674,741,454,473,722,151,505,546,329,87,616,262,702,721,32,579,399,659,623,2,470,184,596,164,576,330,145,302,658,434,448,597,545,371,397,662,409,350,586,125,24,653,101,601,181,275,403,303,508,75,204,25,89,678,238,582,144,407,269,127,393,382,663,55,108,132,400,507,620,370,593,149,594,172,170,493,45,535,102,610,657,732,220,319,442,681,575,624,39,23,713,425,646,690,655,268,673,733,255,356,514,50,
6,9.340819835662842,195365.89794633002,186159.9611908629,661,190,438,247,592,474,115,386,694,489,402,271,199,134,174,384,61,245,282,532,327,642,26,746,131,43,279,223,351,112,457,233,525,165,169,573,568,612,705,502,249,176,106,631,57,317,731,121,93,355,103,641,665,299,745,276,248,27,385,259,677,17,100,643,688,211,420,554,84,251,296,274,374,639,490,395,376,383,20,195,529,566,52,544,436,651,584,510,717,209,19,182,70,344,191,313,315,588,188,318,483,348,615,22,265,560,531,7,4,523,287,168,637,185,56,139,38,689,120,583,692,76,577,491,33,308,413,62,180,570,334,707,42,504,671,517,660,607,602,445,743,244,178,499,312,206,433,78,416,460,728,217,464,322,669,392,367,421,230,373,161,427,534,455,372,49,219,361,67,417,320,6,241,424,158,229,742,5,452,196,668,124,260,72,704,698,697,293,700,672,337,437,297,479,252,649,314,339,494,550,122,226,709,194,46,522,261,309,232,11,358,647,99,256,86,512,264,396,306,389,278,459,634,375,153,298,222,530,617,266,536,390,598,381,16,81,215,574,478,9,197,150,166,363,708,485,650,316,91,541,18,326,90,110,281,41,179,40,328,654,569,680,126,423,419,412,270,422,468,518,212,15,310,250,578,77,192,539,558,606,595,333,533,693,96,521,725,239,74,283,481,513,135,201,511,430,13,155,538,216,706,526,618,123,36,740,492,635,611,676,435,357,432,710,415,711,747,205,604,404,666,175,307,28,482,116,701,82,679,88,739,726,498,429,208,589,14,60,160,738,148,696,331,730,684,105,214,391,458,670,140,480,446,130,622,736,685,200,362,37,431,335,718,591,95,104,54,600,463,664,138,571,487,621,418,285,461,228,379,136,580,548,537,113,506,552,213,614,369,543,528,173,341,167,83,347,462,253,107,343,193,414,267,118,748,47,63,744,559,21,682,495,645,656,34,465,540,235,128,388,549,509,364,627,162,719,609,613,58,346,225,564,117,405,30,503,500,137,352,242,234,466,85,453,80,354,272,467,378,712,428,542,203,527,366,703,477,94,183,749,8,567,471,603,359,258,720,324,64,628,476,31,585,519,557,353,163,501,207,342,619,516,141,551,449,325,111,69,408,652,171,290,12,187,224,683,323,723,724,218,53,92,368,443,451,715,119,44,3,587,626,340,152,159,305,254,486,638,377,280,515,129,73,410,263,447,157,35,189,667,633,716,97,727,360,387,472,186,734,336,29,294,456,590,66,147,691,572,321,292,345,10,349,547,524,156,273,629,109,221,450,729,365,291,394,98,240,338,714,401,497,675,143,398,65,237,295,257,311,289,288,496,520,469,243,411,177,444,71,686,632,51,0,231,227,735,142,440,687,286,556,555,737,553,636,236,154,210,625,441,332,79,563,699,605,695,630,648,562,246,68,599,301,484,406,48,581,644,380,198,1,284,640,426,133,300,59,277,565,439,146,608,488,561,114,475,304,202,674,741,454,473,722,151,505,546,329,87,616,262,702,721,32,579,399,659,623,2,470,184,596,164,576,330,145,302,658,434,448,597,545,371,397,662,409,350,586,125,24,653,101,601,181,275,403,303,508,75,204,25,89,678,238,582,144,407,269,127,393,382,663,55,108,132,400,507,620,370,593,149,594,172,170,493,45,535,102,610,657,732,220,319,442,681,575,624,39,23,713,425,646,690,655,268,673,733,255,356,514,50,
7,9.689200639724731,195075.42837793796,184985.8608509748,661,190,438,247,592,474,115,386,694,489,402,271,199,134,174,384,61,245,282,532,327,642,26,746,131,43,279,223,351,112,457,233,525,165,169,176,106,631,57,317,731,121,93,355,103,641,665,299,745,276,248,27,385,259,677,17,100,643,688,211,420,554,84,251,296,274,374,639,490,395,376,383,20,195,529,566,52,544,436,651,584,510,717,209,19,182,70,344,191,313,315,588,188,318,483,348,615,22,265,560,531,7,4,523,287,168,637,185,56,139,38,689,120,583,692,76,577,491,33,308,413,62,180,570,334,707,42,504,671,517,660,607,602,445,743,244,178,499,312,206,433,78,416,460,728,217,464,322,669,392,367,421,230,373,161,427,534,455,372,49,219,361,67,417,320,6,241,424,158,229,742,5,452,196,668,124,260,72,704,698,697,293,700,672,337,437,297,479,252,649,314,339,494,550,122,226,709,194,46,522,261,309,232,11,358,647,99,256,86,512,264,396,306,389,278,459,634,375,153,298,222,530,617,266,536,390,598,381,16,81,215,574,478,9,197,150,166,363,708,485,650,316,91,541,18,326,90,110,281,41,179,40,328,654,569,680,126,423,419,412,270,422,468,518,212,15,310,250,578,77,192,539,558,606,595,333,533,693,96,521,725,239,74,283,481,513,135,201,511,430,13,155,538,216,706,526,618,123,36,740,492,635,611,676,435,357,432,710,415,711,747,205,604,404,666,175,307,28,482,116,701,82,679,88,739,726,498,429,208,589,14,60,160,738,148,696,331,730,684,105,214,391,458,670,140,480,446,130,622,736,685,200,362,37,431,335,718,591,95,104,54,600,463,664,138,571,487,621,418,285,461,228,379,136,580,548,537,113,506,552,213,614,369,543,528,173,341,167,83,347,462,253,107,343,193,414,267,118,748,47,63,744,559,21,682,495,645,656,34,465,540,235,128,388,549,509,364,627,162,719,609,613,58,346,225,564,117,405,30,503,500,137,352,242,234,466,85,453,80,354,272,467,378,712,428,542,203,527,366,703,477,94,183,749,8,567,471,603,359,258,720,324,64,628,476,31,585,519,557,353,163,501,207,342,619,516,141,551,449,325,111,69,408,652,171,290,12,187,224,683,323,723,724,218,573,568,612,705,502,249,53,92,368,443,451,715,119,44,3,587,626,340,152,159,305,254,486,638,377,280,515,129,73,410,263,447,157,35,189,667,633,716,97,727,360,387,472,186,734,336,29,294,456,590,66,147,691,572,321,292,345,10,349,547,524,156,273,629,109,221,450,729,365,291,394,98,240,338,714,401,497,675,143,398,65,237,295,257,311,289,288,496,520,469,243,411,177,444,71,686,632,51,0,231,227,735,142,440,687,286,556,555,737,553,636,236,154,210,625,441,332,79,563,699,605,695,630,648,562,246,68,599,301,484,406,48,581,644,380,198,1,284,640,426,133,300,59,277,565,439,146,608,488,561,114,475,304,202,674,741,454,473,722,151,505,546,329,87,616,262,702,721,32,579,399,659,623,2,470,184,596,164,576,330,145,302,658,434,448,597,545,371,397,662,409,350,586,125,24,653,101,601,181,275,403,303,508,75,204,25,89,678,238,582,144,407,269,127,393,382,663,55,108,132,400,507,620,370,593,149,594,172,170,493,45,535,102,610,657,732,220,319,442,681,575,624,39,23,713,425,646,690,655,268,673,733,255,356,514,50,
8,10.062977075576782,194237.47357476654,183954.38100936438,661,190,438,247,592,474,115,386,694,489,402,271,199,134,174,384,61,245,282,532,327,642,26,746,131,43,279,223,351,112,457,233,525,165,169,176,106,631,57,317,731,121,93,355,103,641,665,299,745,276,248,27,385,259,677,17,100,643,688,211,420,554,84,251,296,274,374,639,490,395,376,383,20,195,529,566,52,544,436,651,584,510,717,209,19,182,70,344,191,313,315,588,188,318,483,348,615,22,265,560,531,7,4,523,287,168,637,185,56,139,38,689,120,583,692,76,577,491,33,308,413,62,180,570,334,707,42,504,671,517,660,607,602,445,743,244,178,499,312,206,433,78,416,460,728,217,464,322,669,392,367,421,230,373,161,427,534,455,372,49,219,361,67,417,320,6,241,424,158,229,742,5,452,196,668,124,260,72,704,698,697,293,700,672,337,437,297,479,252,649,314,339,494,550,122,226,709,194,46,522,261,309,232,11,358,647,99,256,86,512,264,396,306,389,278,459,634,375,153,298,222,530,617,266,536,390,598,381,16,81,215,574,478,9,197,150,166,363,708,485,650,316,91,541,18,326,90,110,281,41,179,40,328,654,569,680,126,423,419,412,270,422,468,518,212,15,310,250,578,77,192,539,558,606,595,333,533,693,96,521,725,239,74,283,481,513,135,201,511,430,13,155,538,216,706,526,618,123,36,740,492,635,611,676,435,357,432,710,415,711,747,205,604,404,666,175,307,28,482,116,701,82,679,88,739,726,498,429,208,589,14,60,160,738,148,696,331,730,684,105,214,391,458,670,140,480,446,130,622,736,685,200,362,37,431,335,718,591,95,104,54,600,463,664,138,571,487,621,418,285,461,228,379,136,580,548,537,113,506,552,213,614,369,543,528,173,341,167,83,347,462,253,107,343,193,414,267,118,748,47,63,744,559,21,682,495,645,656,34,465,540,235,128,388,549,509,364,627,162,719,609,613,58,346,225,564,117,405,30,503,500,137,352,242,234,466,85,453,80,354,272,467,378,527,366,703,477,94,183,749,8,567,471,603,359,258,720,324,64,628,476,31,585,519,557,353,163,501,207,342,619,516,141,551,449,325,111,69,408,652,171,290,12,187,224,683,323,723,724,218,573,568,612,705,502,249,53,92,368,443,451,715,119,44,3,587,626,340,152,159,305,254,486,638,377,280,515,129,73,410,263,447,157,35,189,667,633,716,97,727,360,387,472,186,734,336,29,294,456,590,66,147,691,572,321,292,345,10,349,547,524,156,273,629,109,221,450,729,365,291,394,98,240,338,714,401,497,675,143,398,65,237,295,257,311,289,288,496,520,469,243,411,177,444,71,686,632,51,0,231,227,735,142,440,687,286,556,555,737,553,636,236,154,210,625,441,332,79,563,699,605,695,630,648,562,246,68,599,301,484,406,48,581,644,380,198,1,284,640,426,133,300,59,277,565,439,146,608,488,561,114,475,304,202,674,741,454,473,722,151,505,546,329,87,616,262,702,721,32,579,399,659,623,2,470,184,596,164,576,330,145,302,658,434,448,597,545,371,397,662,409,350,586,125,24,653,101,601,181,275,403,303,508,75,204,25,89,678,238,582,144,407,269,127,393,382,663,55,108,132,400,507,620,370,593,149,594,172,170,493,45,535,102,610,657,732,220,712,428,542,203,319,442,681,575,624,39,23,713,425,646,690,655,268,673,733,255,356,514,50,
9,10.457088232040405,191922.81201139957,183018.6430461186,661,190,438,247,592,474,115,386,694,489,402,271,199,134,174,384,61,245,282,532,327,642,26,746,131,43,279,223,351,112,457,233,525,165,169,176,106,631,57,317,731,121,93,355,103,641,665,299,745,276,248,27,385,259,677,17,100,643,688,211,420,554,84,251,296,274,374,639,490,395,376,383,20,195,529,566,52,544,436,651,584,510,717,209,19,182,70,344,191,313,315,588,188,318,483,348,615,22,265,560,531,7,4,523,287,168,637,185,56,139,38,689,120,583,692,76,577,491,33,308,413,62,180,570,334,707,42,504,671,517,660,607,602,445,743,244,178,499,312,206,433,78,416,460,728,217,464,322,669,392,367,421,230,373,161,427,534,455,372,49,219,361,67,417,320,6,241,424,158,229,742,5,452,196,668,124,260,72,704,698,697,293,700,672,337,437,297,479,252,649,314,339,494,550,122,226,709,194,46,522,261,309,232,11,358,647,99,256,86,512,264,396,306,389,278,459,634,375,153,298,222,530,617,266,536,390,598,381,16,81,215,574,478,9,197,150,166,363,708,485,650,316,91,541,18,326,90,110,281,41,179,40,328,654,569,680,126,423,419,412,270,422,468,518,212,15,310,250,578,77,192,539,558,606,595,333,533,693,96,521,725,239,74,283,481,513,135,201,511,430,13,155,538,216,706,526,618,123,36,740,492,635,611,676,435,357,432,710,415,711,747,205,604,404,666,175,307,28,482,116,701,82,679,88,739,726,498,429,208,589,14,60,160,738,148,696,331,730,684,105,214,391,458,670,140,480,446,130,622,736,685,200,362,37,431,335,718,591,95,104,54,600,463,664,138,571,487,621,418,285,461,228,379,136,580,548,537,113,506,552,213,614,369,543,528,173,341,167,83,347,462,253,107,343,193,414,267,118,748,47,63,744,559,21,682,495,645,656,34,465,540,235,128,388,549,509,364,627,162,719,609,613,58,346,225,564,117,405,30,503,500,137,352,242,234,466,85,453,80,354,272,467,378,527,366,703,477,94,183,749,8,567,471,603,359,258,720,324,64,628,476,31,585,519,557,353,163,501,207,342,619,516,141,551,449,325,111,69,408,652,171,290,12,187,224,683,323,723,724,218,573,568,612,705,502,249,53,92,368,443,451,715,119,44,3,587,626,340,152,159,305,254,486,638,377,280,515,129,73,410,263,447,157,35,189,667,633,716,97,727,360,387,472,186,734,336,29,294,456,590,66,147,691,572,321,292,345,10,349,547,524,156,273,629,109,221,450,729,365,291,394,98,240,338,714,401,497,675,143,398,65,237,295,257,311,289,288,496,520,469,243,411,177,444,71,686,632,51,0,231,227,735,142,440,687,286,556,555,737,553,636,236,154,210,625,441,332,79,563,699,605,695,630,648,562,246,68,599,301,484,406,48,581,644,380,198,1,284,640,426,133,300,59,277,565,439,146,608,488,561,114,475,304,202,674,741,454,473,722,151,505,546,329,87,616,262,702,721,32,579,399,659,623,2,470,184,596,164,576,330,145,302,658,434,448,597,545,371,397,662,409,350,586,125,24,653,101,601,181,275,403,303,508,75,204,25,89,678,238,582,144,407,269,127,393,382,663,55,108,132,400,507,620,370,593,149,594,172,170,493,45,535,102,610,657,732,220,203,319,442,681,575,624,39,23,713,425,646,712,428,542,690,655,268,673,733,255,356,514,50,
10,10.803799867630005,190024.0281118664,182103.4958937778,661,190,438,247,592,474,115,386,694,489,402,271,199,134,174,384,61,245,282,532,327,642,26,746,131,43,279,223,351,112,457,233,525,165,169,176,106,631,57,317,731,121,93,355,103,641,665,299,745,276,248,27,385,259,677,17,100,643,688,211,420,554,84,251,296,274,374,639,490,395,376,383,20,195,529,566,52,544,436,651,584,510,717,209,19,182,70,344,191,313,315,588,188,318,483,348,615,22,265,560,531,7,4,523,287,168,637,185,56,139,38,689,120,583,692,76,577,491,33,308,413,62,180,570,334,707,42,9,197,150,166,363,708,485,650,316,91,541,18,326,90,110,281,41,179,40,328,654,569,680,126,423,419,412,270,422,468,518,212,15,310,250,578,77,192,539,558,606,595,333,533,693,96,521,725,239,74,283,481,513,135,201,511,430,13,155,538,216,706,526,618,123,36,740,492,635,611,676,435,357,432,710,415,711,747,205,604,404,666,175,307,28,482,116,701,82,679,88,739,726,498,429,208,589,14,60,160,738,148,696,331,730,684,105,214,391,458,670,140,480,446,130,622,736,685,200,362,37,431,335,718,591,95,104,54,600,463,664,138,571,487,621,418,285,461,228,379,136,580,548,537,113,506,552,213,614,369,543,528,173,341,167,83,347,462,253,107,343,193,414,267,118,748,47,63,744,559,21,682,495,645,656,34,465,540,235,128,388,549,509,364,627,162,719,609,613,58,504,671,517,660,607,602,445,743,244,178,499,312,206,433,78,416,460,728,217,464,322,669,392,367,421,230,373,161,427,534,455,372,49,219,361,67,417,320,6,241,424,158,229,742,5,452,196,668,124,260,72,704,698,697,293,700,672,337,437,297,479,252,649,314,339,494,550,122,226,709,194,46,522,261,309,232,11,358,647,99,256,86,512,264,396,306,389,278,459,634,375,153,298,222,530,617,266,536,390,598,381,16,81,215,574,478,346,225,564,117,405,30,503,500,137,352,242,234,466,85,453,80,354,272,467,378,527,366,703,477,94,183,749,8,567,471,603,359,258,720,324,64,628,476,31,585,519,557,353,163,501,207,342,619,516,141,551,449,325,111,69,408,652,171,290,12,187,224,683,323,723,724,218,573,568,612,705,502,249,53,92,368,443,451,715,119,44,3,587,626,340,152,159,305,254,486,638,377,280,515,129,73,410,263,447,157,35,189,667,633,716,97,727,360,387,472,186,734,336,29,294,456,590,66,147,691,572,321,292,345,10,349,547,524,156,273,629,109,221,450,729,365,291,394,98,240,338,714,401,497,675,143,398,65,237,295,257,311,289,288,496,520,469,243,411,177,444,71,686,632,51,0,231,227,735,142,440,687,286,556,555,737,553,636,236,154,210,625,441,332,79,563,699,605,695,630,648,562,246,68,599,301,484,406,48,581,644,380,198,1,284,640,426,133,300,59,277,565,439,146,608,488,561,114,475,304,202,674,741,454,473,722,151,505,546,329,87,616,262,702,721,32,579,399,659,623,2,470,184,596,164,576,330,145,302,658,434,448,597,545,371,397,662,409,350,586,125,24,653,101,601,181,275,403,303,508,75,204,25,89,678,238,582,144,407,269,127,393,382,663,55,108,132,400,507,620,370,593,149,594,172,170,493,45,535,102,610,657,732,220,203,319,442,681,575,624,39,23,713,425,646,712,428,542,690,655,268,673,733,255,356,514,50,
11,11.183450937271118,189677.77940471156,181423.45540346732,661,190,438,247,592,474,115,386,694,489,402,271,199,134,174,384,61,245,282,532,327,642,26,746,131,43,279,223,351,112,457,233,525,165,169,176,106,631,57,317,731,121,93,355,103,641,665,299,745,276,248,27,385,259,677,17,100,643,688,211,420,554,84,251,296,274,374,639,490,395,376,383,20,195,529,566,52,544,436,651,584,510,717,209,19,182,70,344,191,313,315,588,188,318,483,348,615,22,265,560,531,7,4,523,287,168,637,185,56,139,38,689,120,583,692,76,577,491,33,308,413,62,180,570,334,707,42,9,197,150,166,363,708,485,650,316,91,541,18,326,90,110,281,41,179,40,328,654,569,680,126,423,419,412,270,422,468,518,212,15,310,250,578,77,192,539,558,606,595,333,533,693,96,521,725,239,74,283,481,513,135,201,511,430,13,155,538,216,706,526,618,123,36,740,492,635,611,676,435,357,432,710,415,711,747,205,604,404,666,175,307,28,482,116,701,82,679,88,739,726,498,429,208,589,14,60,160,738,148,696,331,730,684,105,214,391,458,670,140,480,446,130,622,736,685,200,362,37,431,335,718,591,95,104,54,600,463,664,138,571,487,621,418,285,461,228,379,136,580,548,537,113,506,552,213,614,369,543,528,173,341,167,83,347,462,253,107,343,193,414,267,118,748,47,63,744,559,21,682,495,645,656,34,465,540,235,128,388,549,509,364,627,162,719,609,613,58,504,671,517,660,607,602,445,743,244,178,499,312,206,433,78,416,460,728,217,464,322,669,392,367,421,230,373,161,427,534,455,372,49,219,361,67,417,320,6,241,424,158,229,742,5,452,196,668,124,260,72,704,698,697,293,700,672,337,437,297,479,252,649,314,339,494,550,122,226,709,194,46,522,261,309,232,11,358,647,99,256,86,512,264,396,306,389,278,459,634,375,153,298,222,530,617,266,536,390,598,381,16,81,215,574,478,346,225,564,117,405,30,503,500,137,352,242,234,466,85,453,80,354,272,467,378,527,366,703,477,94,183,749,8,567,471,603,359,258,720,324,64,628,476,31,585,519,557,353,163,501,207,342,619,516,141,551,449,325,111,69,408,652,171,290,12,187,224,683,323,723,724,218,573,568,612,705,502,249,53,92,368,443,451,715,119,44,3,587,626,340,152,159,305,254,486,638,377,280,515,129,73,410,263,447,157,35,189,667,633,716,97,727,360,387,472,186,734,336,29,294,456,590,66,147,691,572,321,292,345,10,349,547,524,156,273,629,109,221,450,729,365,291,394,98,240,338,714,401,497,675,143,398,65,237,295,257,311,289,288,496,520,469,243,411,177,444,71,686,632,51,0,231,227,735,142,440,687,286,556,555,737,553,636,236,154,210,625,441,332,79,563,699,605,695,630,648,562,246,68,599,301,484,406,48,581,644,380,198,1,284,640,426,133,300,59,277,565,439,146,608,488,561,114,475,304,202,674,741,454,473,722,151,505,546,329,87,616,262,702,721,32,579,399,659,623,2,470,184,596,164,576,330,145,302,658,434,448,545,371,397,662,409,597,350,586,125,24,653,101,601,181,275,403,303,508,75,204,25,89,678,238,582,144,407,269,127,393,382,663,55,108,132,400,507,620,370,593,149,594,172,170,493,45,535,102,610,657,732,220,203,319,442,681,575,624,39,23,713,425,646,712,428,542,690,655,268,673,733,255,356,514,50,
12,11.620580196380615,inf,180813.3129288144,661,190,438,247,592,474,115,386,694,489,402,271,199,134,174,384,61,245,282,532,327,642,26,746,131,43,279,223,351,112,457,233,525,165,169,176,106,631,57,317,731,121,93,355,103,641,665,299,745,276,248,27,385,259,677,17,100,643,688,211,420,554,84,251,296,274,374,639,490,395,376,383,20,195,529,566,52,544,436,651,584,510,717,209,19,182,70,344,191,313,315,588,188,318,483,348,615,22,265,560,531,7,4,523,287,168,637,185,56,139,38,689,120,583,692,76,577,491,33,308,413,62,180,570,334,707,42,9,197,150,166,363,708,485,650,316,91,541,18,326,90,110,281,41,179,40,328,654,569,680,126,423,419,412,270,422,468,518,212,15,310,250,578,77,192,539,558,606,595,333,533,693,96,521,725,239,74,283,481,513,135,201,511,430,13,155,538,216,706,526,618,123,36,740,492,635,611,676,435,357,432,710,415,711,747,205,604,404,666,175,307,28,482,116,701,82,679,88,739,193,726,498,429,208,589,14,60,160,738,148,696,331,730,684,105,214,391,458,670,140,480,446,130,622,736,685,200,362,37,431,335,718,591,95,104,54,600,463,664,138,571,487,621,418,285,461,228,379,136,580,548,537,113,506,552,213,614,369,543,528,173,341,167,83,347,462,253,107,343,414,267,118,748,47,63,744,559,21,682,495,645,656,34,465,540,235,128,388,549,509,364,627,162,719,609,613,58,504,671,517,660,607,602,445,743,244,178,499,312,206,433,78,416,460,728,217,464,322,669,392,367,421,230,373,161,427,534,455,372,49,219,361,67,417,320,6,241,424,158,229,742,5,452,196,668,124,260,72,704,698,697,293,700,672,337,437,297,479,252,649,314,339,494,550,122,226,709,194,46,522,261,309,232,11,358,647,99,256,86,512,264,396,306,389,278,459,634,375,153,298,222,530,617,266,536,390,598,381,16,81,215,574,478,346,225,564,117,405,30,503,500,137,352,242,234,466,85,453,80,354,272,467,378,527,366,703,477,94,183,749,8,567,471,603,359,258,720,324,64,628,476,31,585,519,557,353,163,501,207,342,619,516,141,551,449,325,111,69,408,652,171,290,12,187,224,683,323,723,724,218,573,568,612,705,502,249,53,92,368,443,451,715,119,44,3,587,626,340,152,159,305,254,486,638,377,280,515,129,73,410,263,447,157,35,189,667,633,716,97,727,360,387,472,186,734,336,29,294,456,590,66,147,691,572,321,292,345,10,349,547,524,156,273,629,109,221,450,729,365,291,394,98,240,338,714,401,497,675,143,398,65,237,295,257,311,289,288,496,520,469,243,411,177,444,71,686,632,51,0,231,227,735,142,440,687,286,556,555,737,553,636,236,154,210,625,441,332,79,563,699,605,695,630,648,562,246,68,599,301,484,406,48,581,644,380,198,1,284,640,426,133,300,59,277,565,439,146,608,488,561,114,475,304,202,674,741,454,473,722,151,505,546,329,87,616,262,702,721,32,579,399,659,623,2,470,184,596,164,576,330,145,302,658,434,448,545,371,397,662,409,597,350,586,125,24,653,101,601,181,275,403,303,508,75,204,25,89,678,238,582,144,407,269,127,393,382,663,55,108,132,400,507,620,370,593,149,594,172,170,493,45,535,102,610,657,732,220,203,319,442,681,575,624,39,23,713,425,646,712,428,542,690,655,268,673,733,255,356,514,50,
13,12.006805658340454,inf,180279.79297859196,661,190,438,247,592,474,115,386,694,489,402,271,199,134,174,384,61,245,282,532,327,642,26,746,131,43,279,223,351,112,457,233,525,165,169,176,106,631,57,317,731,121,93,355,103,641,665,299,745,276,248,27,385,259,677,17,100,643,688,211,420,554,84,251,296,274,374,639,490,395,376,383,20,195,529,566,52,544,436,651,584,510,717,209,19,182,70,344,191,313,315,588,188,318,483,348,615,22,265,560,531,7,4,523,287,168,637,185,56,139,38,689,120,583,692,76,577,491,33,308,413,62,180,570,334,707,42,9,197,150,166,363,708,485,650,316,91,541,18,326,90,110,281,41,179,40,328,654,569,680,126,423,419,412,270,422,468,518,212,15,310,250,578,77,192,539,558,606,595,333,533,693,96,521,725,239,74,283,481,513,135,201,511,430,13,155,538,216,706,526,618,123,36,740,492,635,611,676,435,357,432,710,415,711,747,205,604,404,666,175,307,28,482,116,701,82,679,88,739,193,726,498,429,208,589,14,60,160,738,148,696,331,730,684,105,214,391,458,670,140,480,446,130,622,736,685,200,362,37,431,335,718,591,95,104,54,600,463,664,138,571,487,621,418,285,461,228,379,136,580,548,537,113,506,552,213,614,369,543,528,173,341,167,83,347,462,253,107,343,414,267,118,748,47,63,744,559,21,682,495,645,656,34,465,540,235,128,388,549,509,364,627,162,719,609,613,58,504,671,517,660,607,602,445,743,244,178,499,312,206,433,78,416,460,728,217,464,322,669,392,367,421,230,373,161,427,225,564,117,405,534,455,372,49,219,361,67,417,320,6,241,424,158,229,742,5,452,196,668,124,260,72,704,698,697,293,700,672,337,437,297,479,252,649,314,339,494,550,122,226,709,194,46,522,261,309,232,11,358,647,99,256,86,512,264,396,306,389,278,459,634,375,153,298,222,530,617,266,536,390,598,381,16,81,215,574,478,346,30,503,500,137,352,242,234,466,85,453,80,354,272,467,378,527,366,703,477,94,183,749,8,567,471,603,359,258,720,324,64,628,476,31,585,519,557,353,163,501,207,342,619,516,141,551,449,325,111,69,408,652,171,290,12,187,224,683,323,723,724,218,573,568,612,705,502,249,53,92,368,443,451,715,119,44,3,587,626,340,152,159,305,254,486,638,377,280,515,129,73,410,263,447,157,35,189,667,633,716,97,727,360,387,472,186,734,336,29,294,456,590,66,147,691,572,321,292,345,10,349,547,524,156,273,629,109,221,450,729,365,291,394,98,240,338,714,401,497,675,143,398,65,237,295,257,311,289,288,496,520,469,243,411,177,444,71,686,632,51,0,231,227,735,142,440,687,286,556,555,737,553,636,236,154,210,625,441,332,79,563,699,605,695,630,648,562,246,68,599,301,484,406,48,581,644,380,198,1,284,640,426,133,300,59,277,565,439,146,608,488,561,114,475,304,202,674,741,454,473,722,151,505,546,329,87,616,262,702,721,32,579,399,659,623,2,470,184,596,164,576,330,145,302,658,434,448,545,371,397,662,409,597,350,586,125,24,653,101,601,181,275,403,303,508,75,204,25,89,678,238,582,144,407,269,127,393,382,663,55,108,132,400,507,620,370,593,149,594,172,170,493,45,535,102,610,657,732,220,203,319,442,681,575,624,39,23,713,425,646,712,428,542,690,655,268,673,733,255,356,514,50,
14,12.35936188697815,inf,178734.70279285204,661,190,438,247,592,474,115,386,694,489,402,271,199,134,174,384,61,245,282,532,327,642,26,746,131,43,279,223,351,112,457,233,525,165,169,176,106,631,57,317,731,121,93,355,103,641,665,299,745,276,248,27,385,259,677,17,100,643,688,211,420,554,84,251,296,274,374,639,490,395,376,383,20,195,529,566,52,544,436,651,584,510,717,209,19,182,70,344,191,313,315,588,188,318,483,348,615,22,265,560,531,7,4,523,287,168,637,185,56,139,38,689,120,583,692,76,577,491,33,308,413,62,180,570,334,707,42,9,197,150,166,363,708,485,650,316,91,541,18,326,90,110,281,41,179,40,328,654,569,680,126,423,419,412,270,422,468,518,212,15,310,250,578,77,192,539,558,606,595,333,533,693,96,521,725,239,74,283,481,513,135,201,511,430,13,155,538,216,706,526,618,123,36,740,492,635,611,676,435,357,432,710,415,711,747,205,604,404,666,175,307,28,482,116,701,82,679,88,739,193,726,498,429,208,589,14,60,160,738,148,696,331,730,684,105,214,391,458,670,140,480,446,130,622,736,685,200,362,37,431,335,718,591,95,104,54,600,463,664,138,571,487,621,418,285,461,228,379,136,580,548,537,113,506,552,213,614,369,543,528,173,341,167,83,347,462,253,107,343,414,267,118,748,47,63,744,559,21,682,495,645,656,34,465,540,235,128,388,549,509,364,627,162,719,609,613,58,504,671,517,660,607,602,445,743,244,178,499,312,206,433,78,416,460,728,217,464,322,669,392,367,421,230,373,161,427,225,564,534,455,372,49,219,361,67,417,320,6,241,424,158,229,742,5,452,196,668,124,260,72,704,698,697,293,700,672,337,437,297,479,252,649,314,339,494,550,122,226,709,194,46,522,261,309,232,11,358,647,99,256,86,512,264,117,405,396,306,389,278,459,634,375,153,298,222,530,617,266,536,390,598,381,16,81,215,574,478,346,30,503,500,137,352,242,234,466,85,453,80,354,272,467,378,527,366,703,477,94,183,749,8,567,471,603,359,258,720,324,64,628,476,31,585,519,557,353,163,501,207,342,619,516,141,551,449,325,111,69,408,652,171,290,12,187,224,683,323,723,724,218,573,568,612,705,502,249,53,92,368,443,451,715,119,44,3,587,626,340,152,159,305,254,486,638,377,280,515,129,73,410,263,447,157,35,189,667,633,716,97,727,360,387,472,186,734,336,29,294,456,590,66,147,691,572,321,292,345,10,349,547,524,156,273,629,109,221,450,729,365,291,394,98,240,338,714,401,497,675,143,398,65,237,295,257,311,289,288,496,520,469,243,411,177,444,71,686,632,51,0,231,227,735,142,440,687,286,556,555,737,553,636,236,154,210,625,441,332,79,563,699,605,695,630,648,562,246,68,599,301,484,406,48,581,644,380,198,1,284,640,426,133,300,59,277,565,439,146,608,488,561,114,475,304,202,674,741,454,473,722,151,505,546,329,87,616,262,702,721,32,579,399,659,623,2,470,184,596,164,576,330,145,302,658,434,448,545,371,397,662,409,597,350,586,125,24,653,101,601,181,275,403,303,508,75,204,25,89,678,238,582,144,407,269,127,393,382,663,55,108,132,400,507,620,370,593,149,594,172,170,493,45,535,102,610,657,732,220,203,319,442,681,575,624,39,23,713,425,646,712,428,542,690,655,268,673,733,255,356,514,50,
15,12.704147577285767,inf,178250.5908134453,661,190,438,247,592,474,115,386,694,489,402,271,199,134,174,384,61,245,282,532,327,642,26,746,131,43,279,223,351,112,457,233,525,165,169,176,106,631,57,317,731,121,529,566,52,544,436,651,584,510,717,209,19,182,70,344,191,313,315,588,188,318,483,348,615,22,265,560,531,7,4,523,287,168,637,185,56,139,38,689,120,583,692,76,577,491,33,308,413,62,180,570,334,707,42,9,197,150,166,363,708,485,650,316,91,541,18,326,90,110,281,41,179,40,328,654,569,680,126,423,419,412,270,422,468,518,212,15,310,250,578,77,192,539,558,606,595,333,533,693,96,521,725,239,74,283,481,513,135,201,511,430,13,155,538,216,706,526,618,123,36,740,492,635,611,676,435,357,432,710,415,711,747,205,604,404,666,175,307,28,482,116,701,82,679,88,739,193,726,498,429,208,589,14,60,160,738,148,696,331,730,684,105,214,391,458,670,140,480,446,130,622,736,685,200,362,37,431,335,718,591,95,104,54,600,463,664,138,571,487,621,418,285,461,228,379,136,580,548,537,113,506,552,213,614,369,543,528,173,341,167,83,347,462,253,107,343,414,267,118,748,47,63,744,559,21,682,495,645,656,34,465,540,235,128,388,549,509,364,627,162,719,609,613,58,504,671,517,660,607,602,445,743,244,178,499,312,206,433,78,416,460,728,217,464,322,669,392,367,421,230,373,161,427,225,564,534,455,372,49,219,361,67,417,320,6,241,424,158,229,742,5,452,196,668,124,260,72,704,698,697,293,700,672,337,437,297,479,252,649,314,339,494,550,122,226,709,194,46,522,261,309,232,11,358,647,99,256,86,512,264,117,405,396,306,389,278,459,634,375,153,298,222,530,617,266,536,390,598,381,16,81,215,574,478,346,30,503,500,93,355,103,641,665,299,745,276,248,27,385,259,677,17,100,643,688,211,420,554,84,251,296,274,374,639,490,395,376,383,20,195,137,352,242,234,466,85,453,80,354,272,467,378,527,366,703,477,94,183,749,8,567,471,603,359,258,720,324,64,628,476,31,585,519,557,353,163,501,207,342,619,516,141,551,449,325,111,69,408,652,171,290,12,187,224,683,323,723,724,218,573,568,612,705,502,249,53,92,368,443,451,715,119,44,3,587,626,340,152,159,305,254,486,638,377,280,515,129,73,410,263,447,157,35,189,667,633,716,97,727,360,387,472,186,734,336,29,294,456,590,66,147,691,572,321,292,345,10,349,547,524,156,273,629,109,221,450,729,365,291,394,98,240,338,714,401,497,675,143,398,65,237,295,257,311,289,288,496,520,469,243,411,177,444,71,686,632,51,0,231,227,735,142,440,687,286,556,555,737,553,636,236,154,210,625,441,332,79,563,699,605,695,630,648,562,246,68,599,301,484,406,48,581,644,380,198,1,284,640,426,133,300,59,277,565,439,146,608,488,561,114,475,304,202,674,741,454,473,722,151,505,546,329,87,616,262,702,721,32,579,399,659,623,2,470,184,596,164,576,330,145,302,658,434,448,545,371,397,662,409,597,350,586,125,24,653,101,601,181,275,403,303,508,75,204,25,89,678,238,582,144,407,269,127,393,382,663,55,108,132,400,507,620,370,593,149,594,172,170,493,45,535,102,610,657,732,220,203,319,442,681,575,624,39,23,713,425,646,712,428,542,690,655,268,673,733,255,356,514,50,
16,13.084778547286987,inf,177795.69239584115,661,190,438,247,592,474,115,386,694,489,402,271,199,134,174,384,61,245,282,532,327,642,26,746,131,43,279,223,351,112,457,233,525,165,169,176,106,631,57,317,731,121,529,566,52,544,436,651,584,510,717,209,19,182,70,344,191,313,315,588,188,318,483,348,615,22,265,560,531,7,4,523,287,168,637,185,56,139,38,689,120,583,692,76,577,491,33,308,413,62,180,570,334,707,42,9,197,150,166,363,708,485,650,316,91,541,18,326,90,110,281,41,179,40,328,654,569,680,192,539,558,606,595,333,533,693,96,521,725,239,74,283,481,513,135,201,511,430,13,155,538,216,706,526,126,423,419,412,270,422,468,518,212,15,310,250,578,77,618,123,36,740,492,635,611,676,435,357,432,710,415,711,747,205,604,404,666,175,307,28,482,116,701,82,679,88,739,193,726,498,429,208,589,14,60,160,738,148,696,331,730,684,105,214,391,458,670,140,480,446,130,622,736,685,200,362,37,431,335,718,591,95,104,54,600,463,664,138,571,487,621,418,285,461,228,379,136,580,548,537,113,506,552,213,614,369,543,528,173,341,167,83,347,462,253,107,343,414,267,118,748,47,63,744,559,21,682,495,645,656,34,465,540,235,128,388,549,509,364,627,162,719,609,613,58,504,671,517,660,607,602,445,743,244,178,499,312,206,433,78,416,460,728,217,464,322,669,392,367,421,230,373,161,427,225,564,534,455,372,49,219,361,67,417,320,6,241,424,158,229,742,5,452,196,668,124,260,72,704,698,697,293,700,672,337,437,297,479,252,649,314,339,494,550,122,226,709,194,46,522,261,309,232,11,358,647,99,256,86,512,264,117,405,396,306,389,278,459,634,375,153,298,222,530,617,266,536,390,598,381,16,81,215,574,478,346,30,503,500,93,355,103,641,665,299,745,276,248,27,385,259,677,17,100,643,688,211,420,554,84,251,296,274,374,639,490,395,376,383,20,195,137,352,242,234,466,85,453,80,354,272,467,378,527,366,703,477,94,183,749,8,567,471,603,359,258,720,324,64,628,476,31,585,519,557,353,163,501,207,342,619,516,141,551,449,325,111,69,408,652,171,290,12,187,224,683,323,723,724,218,573,568,612,705,502,249,53,92,368,443,451,715,119,44,3,587,626,340,152,159,305,254,486,638,377,280,515,129,73,410,263,447,157,35,189,667,633,716,97,727,360,387,472,186,734,336,29,294,456,590,66,147,691,572,321,292,345,10,349,547,524,156,273,629,109,221,450,729,365,291,394,98,240,338,714,401,497,675,143,398,65,237,295,257,311,289,288,496,520,469,243,411,177,444,71,686,632,51,0,231,227,735,142,440,687,286,556,555,737,553,636,236,154,210,625,441,332,79,563,699,605,695,630,648,562,246,68,599,301,484,406,48,581,644,380,198,1,284,640,426,133,300,59,277,565,439,146,608,488,561,114,475,304,202,674,741,454,473,722,151,505,546,329,87,616,262,702,721,32,579,399,659,623,2,470,184,596,164,576,330,145,302,658,434,448,545,371,397,662,409,597,350,586,125,24,653,101,601,181,275,403,303,508,75,204,25,89,678,238,582,144,407,269,127,393,382,663,55,108,132,400,507,620,370,593,149,594,172,170,493,45,535,102,610,657,732,220,203,319,442,681,575,624,39,23,713,425,646,712,428,542,690,655,268,673,733,255,356,514,50,
17,13.453897953033447,186328.8717367578,177411.20356404275,661,190,438,247,592,474,115,386,694,489,402,271,199,134,174,384,61,245,282,532,327,642,26,746,131,43,279,223,351,112,457,233,525,165,169,176,106,631,57,317,731,121,529,566,52,544,436,651,584,510,717,209,19,182,70,344,191,313,315,588,188,318,483,348,615,22,265,560,531,7,4,523,287,168,637,185,56,139,38,689,120,583,692,76,577,491,33,308,413,62,180,570,334,707,42,9,197,150,166,363,708,485,650,316,91,541,18,326,90,110,281,41,179,40,328,654,569,680,192,539,558,606,595,333,533,693,96,521,725,239,74,283,481,513,135,201,511,430,13,155,538,216,706,526,126,423,419,412,270,422,468,518,212,15,310,250,578,77,618,123,36,740,492,635,611,676,435,357,432,710,415,711,747,205,604,404,666,175,307,28,482,116,701,82,679,88,739,193,726,498,429,208,589,14,60,160,738,148,696,331,730,684,105,214,391,458,670,140,480,446,130,622,736,685,200,362,37,431,335,718,591,95,104,54,600,463,664,138,571,487,621,418,285,461,228,379,136,580,548,537,113,506,552,213,614,369,543,528,173,341,167,83,347,462,253,107,343,414,267,118,748,47,63,744,559,21,682,495,645,656,34,465,540,235,128,388,549,509,364,627,162,719,609,613,58,504,671,517,660,607,602,445,743,244,178,499,312,206,433,78,416,460,728,217,464,322,669,392,367,421,230,373,161,427,225,564,534,455,372,49,219,361,67,417,320,6,241,424,158,229,742,5,452,196,668,124,260,72,704,698,697,293,700,672,337,437,297,479,252,649,314,339,494,550,122,226,709,194,46,522,261,309,232,11,358,647,99,256,86,512,264,117,405,396,306,389,278,459,634,375,153,298,222,530,617,266,536,390,598,381,16,81,215,574,478,346,30,503,500,93,355,103,641,665,299,745,276,248,27,385,259,677,17,100,643,688,211,420,554,84,251,296,274,374,639,490,395,376,383,20,195,137,352,242,234,466,85,453,80,354,272,467,378,527,366,703,477,456,590,66,94,183,749,8,567,471,603,359,258,720,324,64,628,476,31,585,519,557,353,163,501,207,342,619,516,141,551,449,325,111,69,408,652,171,290,12,187,224,683,323,723,724,218,573,568,612,705,502,249,53,92,368,443,451,715,119,44,3,587,626,340,152,159,305,254,486,638,377,280,515,129,73,410,263,447,157,35,189,667,633,716,97,727,360,387,472,186,734,336,29,294,147,691,572,321,292,345,10,349,547,524,156,273,629,109,221,450,729,365,291,394,98,240,338,714,401,497,675,143,398,65,237,295,257,311,289,288,496,520,469,243,411,177,444,71,686,632,51,0,231,227,735,142,440,687,286,556,555,737,553,636,236,154,210,625,441,332,79,563,699,605,695,630,648,562,246,68,599,301,484,406,48,581,644,380,198,1,284,640,426,133,300,59,277,565,439,146,608,488,561,114,475,304,202,674,741,454,473,722,151,505,546,329,87,616,262,702,721,32,579,399,659,623,2,470,184,596,164,576,330,145,302,658,434,448,545,371,397,662,409,597,350,586,125,24,653,101,601,181,275,403,303,508,75,204,25,89,678,238,582,144,407,269,127,393,382,663,55,108,132,400,507,620,370,593,149,594,172,170,493,45,535,102,610,657,732,220,203,319,442,681,575,624,39,23,713,425,646,712,428,542,690,655,268,673,733,255,356,514,50,
18,13.820322513580322,184482.28264442916,177033.54985446637,661,190,438,247,592,474,115,386,694,489,402,271,199,134,174,384,61,245,282,532,327,642,26,746,131,43,279,223,351,112,457,233,525,165,169,176,106,631,57,317,731,121,529,566,52,544,436,651,584,510,717,209,19,182,70,344,191,313,315,588,188,318,483,348,615,22,265,560,531,7,4,523,287,168,637,185,56,139,38,689,120,583,692,76,577,491,33,308,413,62,180,570,334,707,42,9,197,150,166,363,708,485,650,316,91,541,18,326,90,110,281,41,179,40,328,654,569,680,192,539,558,606,595,333,533,693,96,521,725,239,74,283,481,513,135,201,511,430,13,155,538,216,706,526,126,423,419,412,270,422,468,518,212,15,310,250,578,77,618,123,36,740,492,635,611,676,435,357,432,710,415,711,747,205,604,404,666,175,307,28,482,116,701,82,679,88,739,193,726,498,429,208,589,14,60,160,738,148,696,331,730,684,105,214,391,458,670,140,480,446,130,622,736,685,200,362,37,431,335,718,591,95,104,54,600,463,664,138,571,487,621,418,285,461,228,379,136,580,548,537,113,506,552,213,614,369,543,528,173,341,167,83,347,462,253,107,343,414,267,118,748,47,63,744,559,21,682,495,645,656,34,465,540,235,128,388,549,509,364,627,162,719,609,613,58,504,671,517,660,607,602,445,743,244,178,499,312,206,433,78,416,460,728,217,464,322,669,392,367,421,230,373,161,427,225,564,534,455,372,49,219,361,67,417,320,6,241,424,158,229,742,5,452,196,668,124,260,72,704,698,697,293,700,672,337,437,297,479,252,649,314,339,494,550,122,226,709,194,46,522,261,309,232,11,358,647,99,256,86,512,264,117,405,396,306,389,278,459,634,375,153,298,222,530,617,266,536,390,598,381,16,81,215,574,478,346,30,503,500,93,355,103,641,665,299,745,276,248,27,385,259,677,17,100,643,688,211,420,554,84,251,296,274,374,639,490,395,376,383,20,195,137,352,242,234,466,85,453,80,354,272,467,378,527,366,703,477,456,590,66,94,183,749,8,567,471,603,359,258,720,324,64,628,476,31,585,519,557,353,163,501,207,342,619,516,141,551,449,325,111,69,408,652,171,12,187,224,683,323,723,724,218,573,568,612,705,290,502,249,53,92,368,443,451,715,119,44,3,587,626,340,152,159,305,254,486,638,377,280,515,129,73,410,263,447,157,35,189,667,633,716,97,727,360,387,472,186,734,336,29,294,147,691,572,321,292,345,10,349,547,524,156,273,629,109,221,450,729,365,291,394,98,240,338,714,401,497,675,143,398,65,237,295,257,311,289,288,496,520,469,243,411,177,444,71,686,632,51,0,231,227,735,142,440,687,286,556,555,737,553,636,236,154,210,625,441,332,79,563,699,605,695,630,648,562,246,68,599,301,484,406,48,581,644,380,198,1,284,640,426,133,300,59,277,565,439,146,608,488,561,114,475,304,202,674,741,454,473,722,151,505,546,329,87,616,262,702,721,32,579,399,659,623,2,470,184,596,164,576,330,145,302,658,434,448,545,371,397,662,409,597,350,586,125,24,653,101,601,181,275,403,303,508,75,204,25,89,678,238,582,144,407,269,127,393,382,663,55,108,132,400,507,620,370,593,149,594,172,170,493,45,535,102,610,657,732,220,203,319,442,681,575,624,39,23,713,425,646,712,428,542,690,655,268,673,733,255,356,514,50,
19,14.19836163520813,183449.95609379804,176689.44364775988,661,190,438,247,592,474,115,386,694,489,402,271,199,134,174,384,61,245,282,532,327,642,26,746,131,43,279,223,351,112,457,233,525,165,169,176,106,631,57,317,731,121,529,566,52,544,436,651,584,510,717,209,19,182,70,344,191,313,315,588,188,318,483,348,615,22,265,560,531,7,4,523,287,168,637,185,56,139,38,689,120,583,692,76,577,491,33,308,413,62,180,570,334,707,42,9,197,150,166,363,708,485,650,316,91,541,18,326,90,110,281,41,179,40,328,654,569,680,192,539,558,606,595,333,533,693,96,521,725,239,74,283,481,513,135,201,511,430,13,155,538,216,706,526,126,423,419,412,270,422,468,518,212,15,310,250,578,77,618,123,36,740,492,635,611,676,435,357,432,710,415,711,747,205,604,404,666,175,307,28,482,116,701,82,679,88,739,193,726,498,429,208,589,14,60,160,738,148,696,331,730,684,105,214,391,458,670,140,480,446,130,622,736,685,200,362,37,431,335,718,591,95,104,54,600,463,664,138,571,487,621,418,285,461,228,379,136,580,548,537,113,506,552,213,614,369,543,528,173,341,167,83,347,462,253,107,343,414,267,118,748,47,63,744,559,21,682,495,645,656,34,465,540,235,128,388,549,509,364,627,162,719,609,613,58,504,671,517,660,607,602,445,743,244,178,499,312,206,433,78,416,460,728,217,464,322,669,392,367,421,230,373,161,427,225,564,534,455,372,49,219,361,67,417,320,6,241,424,158,229,742,5,452,196,668,124,260,72,704,698,697,293,700,672,337,437,297,479,252,649,314,339,494,550,122,226,709,194,46,522,261,309,232,11,358,647,99,256,86,512,264,117,405,396,306,389,278,459,634,375,153,298,222,530,617,266,536,390,598,381,16,81,215,574,478,346,30,503,500,93,355,103,641,665,299,745,276,248,27,385,259,677,17,100,643,688,211,420,554,84,251,296,274,374,639,490,395,376,383,20,195,137,352,242,234,466,85,453,80,354,272,467,378,527,366,703,477,456,590,66,94,183,749,8,567,471,603,359,258,720,324,64,628,476,31,585,519,557,353,163,501,207,342,619,516,141,551,449,325,111,69,408,652,171,12,187,224,683,323,723,724,218,573,568,612,705,290,502,249,53,92,368,443,451,715,119,44,3,587,626,340,152,159,305,254,486,638,377,280,515,129,73,410,263,447,157,35,189,667,633,716,97,727,360,387,472,186,734,336,29,294,147,691,572,321,292,345,10,349,547,524,156,273,629,109,221,450,729,365,291,394,98,240,338,714,401,497,675,143,398,65,237,295,257,311,289,288,496,520,469,243,411,177,444,71,686,632,51,0,231,227,735,142,440,687,286,556,555,553,636,236,154,210,625,441,737,332,79,563,699,605,695,630,648,562,246,68,599,301,484,406,48,581,644,380,198,1,284,640,426,133,300,59,277,565,439,146,608,488,561,114,475,304,202,674,741,454,473,722,151,505,546,329,87,616,262,702,721,32,579,399,659,623,2,470,184,596,164,576,330,145,302,658,434,448,545,371,397,662,409,597,350,586,125,24,653,101,601,181,275,403,303,508,75,204,25,89,678,238,582,144,407,269,127,393,382,663,55,108,132,400,507,620,370,593,149,594,172,170,493,45,535,102,610,657,732,220,203,319,442,681,575,624,39,23,713,425,646,712,428,542,690,655,268,673,733,255,356,514,50,
20,14.577727317810059,181634.21063963484,176084.2970468448,661,190,438,247,592,474,115,386,694,489,402,271,199,134,174,384,61,245,282,532,327,642,26,746,131,43,279,223,351,112,457,233,525,165,169,176,106,631,57,317,731,121,529,566,52,544,436,651,584,510,717,209,19,182,70,344,191,313,315,588,188,318,483,348,615,22,265,560,531,7,4,523,287,168,637,185,56,139,38,689,120,583,692,76,577,491,33,308,413,62,180,570,334,707,42,9,197,150,166,363,708,485,650,316,91,541,18,326,90,110,281,41,179,40,328,654,569,680,192,539,558,606,595,333,533,693,96,521,725,239,74,283,481,513,135,201,511,430,13,155,538,216,706,526,126,423,419,412,270,422,468,518,212,15,310,250,578,77,618,123,36,740,492,635,611,676,435,357,432,710,415,711,747,205,604,404,666,175,307,28,482,116,701,82,679,88,739,193,726,498,429,208,589,14,60,160,738,148,696,331,730,684,105,214,391,458,670,140,480,446,130,622,736,685,200,362,37,431,335,718,591,95,104,54,600,463,664,138,571,487,621,418,285,461,228,379,136,580,548,537,113,506,552,213,614,369,543,528,173,341,167,83,347,462,253,107,343,414,267,118,748,47,63,744,559,21,682,495,645,656,34,465,540,235,128,388,549,509,364,627,162,719,609,613,58,504,671,517,660,607,602,445,743,244,178,499,312,206,433,78,416,460,728,217,464,322,669,392,367,421,230,373,161,427,225,564,534,455,372,49,219,361,67,417,320,6,241,424,158,229,742,5,452,196,668,124,260,72,704,698,697,293,700,672,337,437,297,479,252,649,314,339,494,550,122,226,709,194,46,522,261,309,232,11,358,647,99,256,86,512,264,117,405,396,306,389,278,459,634,375,153,298,222,530,617,266,536,390,598,381,16,81,215,574,478,346,30,503,500,93,355,103,641,665,299,745,276,248,27,385,259,677,17,100,643,688,211,420,554,84,251,296,274,374,639,490,395,376,383,20,195,137,352,242,234,466,85,453,80,354,272,467,378,527,366,703,477,456,590,66,94,183,749,8,567,471,603,359,258,720,324,64,628,476,31,585,519,557,353,163,501,207,342,619,516,141,551,449,325,111,69,408,652,171,12,187,224,683,323,723,724,218,573,568,612,705,290,502,249,53,92,368,443,451,715,119,44,3,587,626,340,152,159,305,254,486,638,377,280,515,129,73,410,263,447,157,35,189,667,633,716,97,727,360,387,472,186,734,336,29,294,147,691,572,321,292,345,10,349,547,524,156,273,629,109,221,450,729,365,291,394,98,240,338,714,401,497,675,143,398,65,237,295,257,311,289,288,496,520,469,243,411,177,444,71,686,632,51,0,231,227,735,142,440,687,286,556,441,737,555,553,636,236,154,210,625,332,79,563,699,605,695,630,648,562,246,68,599,301,484,406,48,581,644,380,198,1,284,640,426,133,300,59,277,565,439,146,608,488,561,114,475,304,202,674,741,454,473,722,151,505,546,329,87,616,262,702,721,32,579,399,659,623,2,470,184,596,164,576,330,145,302,658,434,448,545,371,397,662,409,597,350,586,125,24,653,101,601,181,275,403,303,508,75,204,25,89,678,238,582,144,407,269,127,393,382,663,55,108,132,400,507,620,370,593,149,594,172,170,493,45,535,102,610,657,732,220,203,319,442,681,575,624,39,23,713,425,646,712,428,542,690,655,268,673,733,255,356,514,50,
21,14.95093321800232,181568.95633644715,175752.95336747714,661,190,438,247,592,474,115,386,694,489,402,271,199,134,174,384,61,245,282,532,327,642,26,746,131,43,279,223,351,112,457,165,169,176,106,631,57,317,731,121,529,566,52,544,436,651,584,510,717,209,19,182,70,344,191,313,315,588,188,318,483,348,615,22,265,560,531,7,4,523,287,168,637,185,56,139,38,689,120,583,692,76,577,491,33,308,413,62,180,570,334,707,42,9,197,150,166,363,708,485,650,316,91,541,18,326,90,110,281,41,179,40,328,654,569,680,192,539,558,606,595,333,533,693,96,521,725,239,74,283,481,513,135,201,511,430,13,155,538,216,706,526,126,423,419,412,270,422,468,518,212,15,310,250,578,77,618,123,36,740,492,635,611,676,435,357,432,710,415,711,747,205,604,404,666,175,307,28,482,116,701,82,679,88,739,193,726,498,429,208,589,14,60,160,738,148,696,331,730,684,105,214,391,458,670,140,480,446,130,622,736,685,200,362,37,431,335,718,591,95,104,54,600,463,664,138,571,487,621,418,285,461,228,379,136,580,548,537,113,506,552,213,614,369,543,528,173,341,167,83,347,462,253,107,343,414,267,118,748,47,63,744,559,21,682,495,645,656,34,465,540,235,128,388,549,509,364,627,162,719,609,613,58,504,671,517,660,607,602,445,743,244,178,499,312,206,433,78,416,460,728,217,464,322,669,392,367,421,230,373,161,427,225,564,534,455,372,49,219,361,67,417,320,6,241,424,158,229,742,5,452,196,668,124,260,72,704,698,697,293,700,672,337,437,297,479,252,649,314,339,494,550,122,226,709,194,46,522,261,309,232,11,358,647,99,256,86,512,264,117,405,396,306,389,278,459,634,375,153,298,222,530,617,266,536,390,598,381,16,81,215,574,478,346,30,503,500,93,355,103,641,665,299,745,276,248,27,385,259,677,17,100,643,688,211,420,554,84,251,296,274,374,639,490,395,376,383,20,195,137,352,242,234,466,85,453,80,354,272,467,378,527,366,703,477,456,590,66,94,183,749,8,567,471,603,359,258,720,324,64,628,476,31,585,519,557,353,163,501,207,342,619,516,141,551,449,325,111,69,408,652,171,12,187,224,683,323,723,724,218,573,568,612,705,290,502,249,233,525,53,92,368,443,451,715,119,44,3,587,626,340,152,159,305,254,486,638,377,280,515,129,73,410,263,447,157,35,189,667,633,716,97,727,360,387,472,186,734,336,29,294,147,691,572,321,292,345,10,349,547,524,156,273,629,109,221,450,729,365,291,394,98,240,338,714,401,497,675,143,398,65,237,295,257,311,289,288,496,520,469,243,411,177,444,71,686,632,51,0,231,227,735,142,440,687,286,556,441,737,555,553,636,236,154,210,625,332,79,563,699,605,695,630,648,562,246,68,599,301,484,406,48,581,644,380,198,1,284,640,426,133,300,59,277,565,439,146,608,488,561,114,475,304,202,674,741,454,473,722,151,505,546,329,87,616,262,702,721,32,579,399,659,623,2,470,184,596,164,576,330,145,302,658,434,448,545,371,397,662,409,597,350,586,125,24,653,101,601,181,275,403,303,508,75,204,25,89,678,238,582,144,407,269,127,393,382,663,55,108,132,400,507,620,370,593,149,594,172,170,493,45,535,102,610,657,732,220,203,319,442,681,575,624,39,23,713,425,646,712,428,542,690,655,268,673,733,255,356,514,50,
22,15.445966720581055,180377.23644694415,175425.25144307505,661,190,438,247,592,474,115,386,694,489,402,271,199,134,174,384,61,245,282,532,327,642,26,746,131,43,279,223,351,112,457,165,169,176,106,631,57,317,731,121,529,566,52,544,436,651,584,510,717,209,19,182,70,344,191,313,315,588,188,318,483,348,615,22,265,560,531,7,4,523,287,168,637,185,56,139,38,689,120,583,692,76,577,491,33,308,413,62,180,570,334,707,42,9,197,150,166,363,708,485,650,316,91,541,18,326,90,110,281,41,179,40,328,654,569,680,192,539,558,606,595,333,533,693,96,521,725,239,74,283,481,513,135,201,511,430,13,155,538,216,706,526,126,423,419,412,270,422,468,518,212,15,310,250,578,77,618,123,36,740,492,635,611,676,435,357,432,710,415,711,747,205,604,404,666,175,307,28,482,116,701,82,679,88,739,193,726,498,429,208,589,14,60,160,738,148,696,331,730,684,105,214,391,458,670,140,480,446,130,622,736,685,200,362,37,431,335,718,591,95,104,54,600,463,664,138,571,487,621,418,285,461,228,379,136,580,548,537,113,506,552,213,614,369,543,528,173,341,167,83,347,462,253,107,343,414,267,118,748,47,63,744,559,21,682,495,645,656,34,465,540,235,128,388,549,509,364,627,162,719,609,613,58,504,671,517,660,607,602,445,743,244,178,499,312,206,433,78,416,460,728,217,464,322,669,392,367,421,230,373,161,427,225,564,534,455,372,49,219,361,67,417,320,6,241,424,158,229,742,5,452,196,668,124,260,72,704,698,697,293,700,672,337,437,297,479,252,649,314,339,494,550,122,226,709,194,46,522,261,309,232,11,358,647,99,256,86,512,264,117,405,396,306,389,278,459,634,375,153,298,222,530,617,266,536,390,598,381,16,81,215,574,478,346,30,503,500,93,355,103,641,665,299,745,276,248,27,385,259,677,17,100,643,688,211,420,554,84,251,296,274,374,639,490,395,376,383,20,195,137,352,242,234,466,85,80,354,272,467,378,527,366,703,477,456,590,66,94,183,749,8,567,471,603,359,258,720,324,64,628,476,31,585,519,557,353,163,501,207,342,619,516,141,551,449,325,111,69,408,652,171,12,187,224,683,323,723,724,218,573,568,612,705,290,502,249,233,525,53,92,368,443,451,715,119,44,3,587,626,340,152,159,305,254,486,638,377,280,515,129,73,410,263,447,157,35,189,667,633,716,97,727,360,387,472,186,734,336,29,294,147,691,572,321,292,345,10,349,547,524,156,273,629,109,221,450,729,365,291,394,98,240,338,714,401,497,675,143,398,65,237,295,257,311,289,288,496,520,469,243,411,177,444,71,686,632,51,0,231,227,735,142,440,687,286,556,441,737,555,553,636,236,154,210,625,332,79,563,699,605,695,630,648,562,246,68,599,301,484,406,48,581,644,380,198,1,284,640,426,133,300,59,277,565,439,146,608,488,561,114,475,304,202,674,741,454,473,722,151,505,546,329,87,616,262,702,721,32,579,399,659,623,2,470,184,596,164,576,330,145,302,658,434,448,545,371,397,662,409,597,350,586,125,24,653,101,601,181,275,403,303,508,75,204,25,89,678,238,582,144,407,269,127,393,382,663,55,108,132,400,507,620,370,593,149,594,172,170,493,45,535,102,610,657,732,220,203,319,442,681,575,624,39,23,713,425,646,712,453,428,542,690,655,268,673,733,255,356,514,50,
23,15.819015264511108,181225.1714859823,175133.32257816588,661,190,438,247,592,474,115,386,694,489,402,271,199,134,174,384,61,245,282,532,327,642,26,746,131,43,279,223,351,112,457,165,169,176,106,631,57,317,731,121,529,566,52,544,436,651,584,510,717,209,19,182,70,344,191,313,315,588,188,318,483,348,615,22,265,560,531,7,4,523,287,168,637,185,56,139,38,689,120,583,692,76,577,491,33,308,413,62,180,570,334,707,42,9,197,150,166,363,708,485,650,316,91,541,18,326,90,110,281,41,179,40,328,654,569,680,192,539,558,606,595,333,533,693,96,521,725,239,74,283,481,513,135,201,511,430,13,155,538,216,706,526,126,423,419,412,270,422,468,518,212,15,310,250,578,77,618,123,36,740,492,635,611,676,435,357,432,710,415,711,747,205,604,404,666,175,307,28,482,116,701,82,679,88,739,193,726,498,429,208,589,14,60,160,738,148,696,331,730,684,105,214,391,458,670,140,480,446,130,622,736,685,200,362,37,431,335,718,591,95,104,54,600,463,664,138,571,487,621,418,285,461,228,379,136,580,548,537,113,506,552,213,614,369,543,528,173,341,167,83,347,462,253,107,343,414,267,118,748,47,63,744,559,21,682,495,645,656,34,465,540,235,128,388,549,509,364,627,162,719,609,613,58,504,671,517,660,607,602,445,743,244,178,499,312,206,433,78,416,460,728,217,464,322,669,392,367,421,230,373,161,427,225,564,534,455,372,49,219,361,67,417,320,6,241,424,158,229,742,5,452,196,668,124,260,72,704,698,697,293,700,672,337,437,297,479,194,46,252,649,314,339,494,550,122,226,709,522,261,309,232,11,358,647,99,256,86,512,264,117,405,396,306,389,278,459,634,375,153,298,222,530,617,266,536,390,598,381,16,81,215,574,478,346,30,503,500,93,355,103,641,665,299,745,276,248,27,385,259,677,17,100,643,688,211,420,554,84,251,296,274,374,639,490,395,376,383,20,195,137,352,242,234,466,85,80,354,272,467,378,527,366,703,477,456,590,66,94,183,749,8,567,471,603,359,258,720,324,64,628,476,31,585,519,557,353,163,501,207,342,619,516,141,551,449,325,111,69,408,652,171,12,187,224,683,323,723,724,218,573,568,612,705,290,502,249,233,525,53,92,368,443,451,715,119,44,3,587,626,340,152,159,305,254,486,638,377,280,515,129,73,410,263,447,157,35,189,667,633,716,97,727,360,387,472,186,734,336,29,294,147,691,572,321,292,345,10,349,547,524,156,273,629,109,221,450,729,365,291,394,98,240,338,714,401,497,675,143,398,65,237,295,257,311,289,288,496,520,469,243,411,177,444,71,686,632,51,0,231,227,735,142,440,687,286,556,441,737,555,553,636,236,154,210,625,332,79,563,699,605,695,630,648,562,246,68,599,301,484,406,48,581,644,380,198,1,284,640,426,133,300,59,277,565,439,146,608,488,561,114,475,304,202,674,741,454,473,722,151,505,546,329,87,616,262,702,721,32,579,399,659,623,2,470,184,596,164,576,330,145,302,658,434,448,545,371,397,662,409,597,350,586,125,24,653,101,601,181,275,403,303,508,75,204,25,89,678,238,582,144,407,269,127,393,382,663,55,108,132,400,507,620,370,593,149,594,172,170,493,45,535,102,610,657,732,220,203,319,442,681,575,624,39,23,713,425,646,712,453,428,542,690,655,268,673,733,255,356,514,50,
24,16.186341762542725,179975.18085385897,174845.11360341855,661,190,438,247,592,474,115,386,694,489,402,271,199,134,174,384,61,245,282,532,327,642,26,746,131,43,279,223,351,112,457,165,169,176,106,631,57,317,731,121,529,566,52,544,436,651,584,510,717,209,19,182,70,344,191,313,315,588,188,318,483,348,615,22,265,560,531,7,4,523,287,168,637,185,56,139,38,689,120,583,692,76,577,491,33,308,413,62,180,570,334,707,42,9,197,150,166,363,708,485,650,316,91,541,18,326,90,110,281,41,179,40,328,654,569,680,192,539,558,606,595,333,533,693,96,521,725,239,74,283,481,513,135,201,511,430,13,155,538,216,706,526,126,423,419,412,270,422,468,518,212,15,310,250,578,77,618,123,36,740,492,635,611,676,435,357,432,710,415,711,747,205,604,404,666,175,307,28,482,116,701,82,679,88,739,193,726,498,429,208,589,14,60,160,738,148,696,331,730,684,105,214,391,458,670,140,480,446,130,622,736,685,200,362,37,431,335,718,591,95,104,54,600,463,664,138,571,487,621,418,285,461,228,379,136,580,548,537,113,506,552,213,614,369,543,528,173,341,167,83,347,462,253,107,343,414,267,118,748,47,63,744,559,21,682,495,645,656,34,465,540,235,128,388,549,509,364,627,162,719,609,613,58,504,671,517,660,607,602,445,743,244,178,499,312,206,433,78,416,460,728,217,464,322,669,392,367,421,230,373,161,427,225,564,534,455,372,49,219,361,67,417,320,6,241,424,158,229,742,5,452,196,668,124,260,72,704,698,697,293,700,672,337,437,297,479,194,46,252,649,314,339,494,550,122,226,709,522,261,309,232,11,358,647,99,256,86,512,264,117,405,396,306,389,278,459,634,375,153,298,222,530,617,266,536,390,598,381,16,81,215,574,478,346,30,503,500,93,355,103,641,665,299,745,276,248,27,385,259,677,17,100,643,688,211,420,554,84,251,296,274,374,639,490,395,376,383,20,195,137,352,242,234,466,85,80,354,272,467,378,527,366,703,477,456,590,66,94,183,749,8,567,471,603,258,720,324,64,628,359,476,31,585,519,557,353,163,501,207,342,619,516,141,551,449,325,111,69,408,652,171,12,187,224,683,323,723,724,218,573,568,612,705,290,502,249,233,525,53,92,368,443,451,715,119,44,3,587,626,340,152,159,305,254,486,638,377,280,515,129,73,410,263,447,157,35,189,667,633,716,97,727,360,387,472,186,734,336,29,294,147,691,572,321,292,345,10,349,547,524,156,273,629,109,221,450,729,365,291,394,98,240,338,714,401,497,675,143,398,65,237,295,257,311,289,288,496,520,469,243,411,177,444,71,686,632,51,0,231,227,735,142,440,687,286,556,441,737,555,553,636,236,154,210,625,332,79,563,699,605,695,630,648,562,246,68,599,301,484,406,48,581,644,380,198,1,284,640,426,133,300,59,277,565,439,146,608,488,561,114,475,304,202,674,741,454,473,722,151,505,546,329,87,616,262,702,721,32,579,399,659,623,2,470,184,596,164,576,330,145,302,658,434,448,545,371,397,662,409,597,350,586,125,24,653,101,601,181,275,403,303,508,75,204,25,89,678,238,582,144,407,269,127,393,382,663,55,108,132,400,507,620,370,593,149,594,172,170,493,45,535,102,610,657,732,220,203,319,442,681,575,624,39,23,713,425,646,712,453,428,542,690,655,268,673,733,255,356,514,50,
25,16.5804603099823,179293.5679817204,174588.23955228462,661,190,438,247,592,474,115,386,694,489,402,271,199,134,174,384,61,245,282,532,327,642,26,746,131,43,279,223,351,112,457,165,169,176,106,631,57,317,731,121,529,566,52,544,436,651,584,510,717,209,19,182,70,344,191,313,315,588,188,318,483,348,615,22,265,560,531,7,4,523,287,168,637,185,56,139,38,689,120,583,692,76,577,491,33,308,413,62,180,570,334,707,42,9,197,150,166,363,708,485,650,316,91,541,18,326,90,110,281,41,179,40,328,654,569,680,192,539,558,606,595,333,533,693,96,521,725,239,74,283,481,513,135,201,511,430,13,155,538,216,706,526,126,423,419,412,270,422,468,518,212,15,310,250,578,77,618,123,36,740,492,635,611,676,435,357,432,710,415,711,747,205,604,404,666,175,307,28,482,116,701,82,679,88,739,193,726,498,429,208,589,14,60,160,738,148,696,331,730,684,105,214,391,458,670,140,480,446,130,622,736,685,200,362,37,431,335,718,591,95,104,54,600,463,664,138,571,487,621,418,285,461,228,379,136,580,548,537,113,506,552,213,614,369,543,528,173,341,167,83,347,462,253,107,343,414,267,118,748,47,63,744,559,21,682,495,645,656,34,465,540,235,128,388,549,509,364,627,162,719,609,613,58,504,671,517,660,607,602,445,743,244,178,499,312,206,433,78,416,460,728,217,464,322,669,392,367,421,230,373,161,427,225,564,534,455,372,49,219,361,67,417,320,6,241,424,158,229,742,5,452,196,668,124,260,72,704,698,697,293,700,672,337,437,297,479,194,46,252,649,314,339,494,550,122,226,709,522,261,309,232,11,358,647,99,256,86,512,264,117,405,396,306,389,278,459,634,375,153,298,222,530,617,266,536,390,598,381,16,81,215,574,478,346,30,503,500,93,355,103,641,665,299,745,276,248,27,385,259,677,17,100,643,688,211,420,554,84,251,296,274,374,639,490,395,376,383,20,195,137,352,242,234,466,85,80,354,272,467,378,527,366,703,477,456,590,66,94,183,749,8,567,471,603,258,720,324,64,628,359,476,31,585,519,557,353,163,501,207,342,619,516,141,551,449,325,111,69,408,652,171,12,187,224,683,323,723,724,218,573,568,612,705,290,502,249,233,525,53,92,368,443,451,715,119,44,3,587,626,340,152,159,305,254,486,638,377,280,515,129,73,410,263,447,157,35,189,667,633,716,97,727,360,387,472,186,734,336,29,294,147,691,572,321,292,345,10,349,547,524,156,273,629,109,221,450,729,365,291,394,98,240,338,714,401,497,675,143,398,65,237,295,257,311,289,288,496,520,469,243,177,444,71,686,632,51,0,231,227,735,142,440,687,286,556,441,737,555,553,636,236,154,210,625,332,79,563,699,605,695,630,648,562,246,68,411,599,301,484,406,48,581,644,380,198,1,284,640,426,133,300,59,277,565,439,146,608,488,561,114,475,304,202,674,741,454,473,722,151,505,546,329,87,616,262,702,721,32,579,399,659,623,2,470,184,596,164,576,330,145,302,658,434,448,545,371,397,662,409,597,350,586,125,24,653,101,601,181,275,403,303,508,75,204,25,89,678,238,582,144,407,269,127,393,382,663,55,108,132,400,507,620,370,593,149,594,172,170,493,45,535,102,610,657,732,220,203,319,442,681,575,624,39,23,713,425,646,712,453,428,542,690,655,268,673,733,255,356,514,50,
26,16.969916820526123,178700.7383663971,174343.96616106448,661,190,438,247,592,474,115,386,694,489,402,271,199,134,174,384,61,245,282,532,327,642,26,746,131,43,279,223,351,112,457,165,169,176,106,631,57,317,731,121,529,566,52,544,436,651,584,510,717,209,19,182,70,344,191,313,315,588,188,318,483,348,615,22,265,560,531,7,4,523,287,168,637,185,56,139,38,689,120,583,692,76,577,491,33,308,413,62,180,570,334,707,42,9,197,150,166,363,708,485,650,316,91,541,18,326,90,110,281,41,179,40,328,654,569,680,192,539,558,606,595,333,533,693,96,521,725,239,74,283,481,513,135,201,511,430,13,155,538,216,706,526,126,423,419,412,270,422,468,518,212,15,310,250,578,77,618,123,36,740,492,635,611,676,435,357,432,710,415,711,747,205,604,404,666,175,307,28,482,116,701,82,679,88,739,193,726,498,429,208,589,14,60,160,738,148,696,331,730,684,105,214,391,458,670,140,480,446,130,622,736,685,200,362,37,431,335,718,591,95,104,54,600,463,664,138,571,487,621,418,285,461,228,379,136,580,548,537,113,506,552,213,614,369,543,528,173,341,167,83,347,462,253,107,343,414,267,118,748,47,63,744,559,21,682,495,645,656,34,465,540,235,128,388,549,509,364,627,162,719,609,613,58,504,671,517,660,607,602,445,743,244,178,499,312,206,433,78,416,460,728,217,464,322,669,392,367,421,230,373,161,427,225,564,534,455,372,49,219,361,67,417,320,6,241,424,158,229,742,5,452,196,668,124,260,72,704,698,697,293,700,672,337,437,297,479,194,46,252,649,314,339,494,550,122,226,709,522,261,309,232,11,358,647,99,256,86,512,264,117,405,396,306,389,278,459,634,375,153,298,222,530,617,266,536,390,598,381,16,81,215,574,478,346,30,503,500,93,355,103,641,665,299,745,276,248,27,385,259,677,17,100,643,688,211,420,554,84,251,296,274,374,639,490,395,376,383,20,195,137,352,242,234,466,85,80,354,272,467,378,527,366,703,477,456,590,66,94,183,8,567,471,603,749,258,720,324,64,628,359,476,31,585,519,557,353,163,501,207,342,619,516,141,551,449,325,111,69,408,652,171,12,187,224,683,323,723,724,218,573,568,612,705,290,502,249,233,525,53,92,368,443,451,715,119,44,3,587,626,340,152,159,305,254,486,638,377,280,515,129,73,410,263,447,157,35,189,667,633,716,97,727,360,387,472,186,734,336,29,294,147,691,572,321,292,345,10,349,547,524,156,273,629,109,221,450,729,365,291,394,98,240,338,714,401,497,675,143,398,65,237,295,257,311,289,288,496,520,469,243,177,444,71,686,632,51,0,231,227,735,142,440,687,286,556,441,737,555,553,636,236,154,210,625,332,79,563,699,605,695,630,648,562,246,68,411,599,301,484,406,48,581,644,380,198,1,284,640,426,133,300,59,277,565,439,146,608,488,561,114,475,304,202,674,741,454,473,722,151,505,546,329,87,616,262,702,721,32,579,399,659,623,2,470,184,596,164,576,330,145,302,658,434,448,545,371,397,662,409,597,350,586,125,24,653,101,601,181,275,403,303,508,75,204,25,89,678,238,582,144,407,269,127,393,382,663,55,108,132,400,507,620,370,593,149,594,172,170,493,45,535,102,610,657,732,220,203,319,442,681,575,624,39,23,713,425,646,712,453,428,542,690,655,268,673,733,255,356,514,50,
27,17.353455066680908,179222.397140391,174120.9359510499,661,190,438,247,592,474,115,386,694,489,402,271,199,134,174,384,61,245,282,532,327,642,26,746,131,43,279,223,351,112,457,165,169,176,106,631,57,317,731,121,529,566,52,544,436,651,584,510,717,209,19,182,70,344,191,313,315,588,188,318,483,348,615,22,265,560,531,7,4,523,287,168,637,185,56,139,38,689,120,583,692,76,577,491,33,308,413,62,180,570,334,707,42,9,197,150,166,363,708,485,650,316,91,541,18,326,90,110,281,41,179,40,328,654,569,680,192,558,606,595,333,533,693,96,521,725,239,74,283,481,513,135,201,511,430,13,155,538,539,216,706,526,126,423,419,412,270,422,468,518,212,15,310,250,578,77,618,123,36,740,492,635,611,676,435,357,432,710,415,711,747,205,604,404,666,175,307,28,482,116,701,82,679,88,739,193,726,498,429,208,589,14,60,160,738,148,696,331,730,684,105,214,391,458,670,140,480,446,130,622,736,685,200,362,37,431,335,718,591,95,104,54,600,463,664,138,571,487,621,418,285,461,228,379,136,580,548,537,113,506,552,213,614,369,543,528,173,341,167,83,347,462,253,107,343,414,267,118,748,47,63,744,559,21,682,495,645,656,34,465,540,235,128,388,549,509,364,627,162,719,609,613,58,504,671,517,660,607,602,445,743,244,178,499,312,206,433,78,416,460,728,217,464,322,669,392,367,421,230,373,161,427,225,564,534,455,372,49,219,361,67,417,320,6,241,424,158,229,742,5,452,196,668,124,260,72,704,698,697,293,700,672,337,437,297,479,194,46,252,649,314,339,494,550,122,226,709,522,261,309,232,11,358,647,99,256,86,512,264,117,405,396,306,389,278,459,634,375,153,298,222,530,617,266,536,390,598,381,16,81,215,574,478,346,30,503,500,93,355,103,641,665,299,745,276,248,27,385,259,677,17,100,643,688,211,420,554,84,251,296,274,374,639,490,395,376,383,20,195,137,352,242,234,466,85,80,354,272,467,378,527,366,703,477,456,590,66,94,183,8,567,471,603,749,258,720,324,64,628,359,476,31,585,519,557,353,163,501,207,342,619,516,141,551,449,325,111,69,408,652,171,12,187,224,683,323,723,724,218,573,568,612,705,290,502,249,233,525,53,92,368,443,451,715,119,44,3,587,626,340,152,159,305,254,486,638,377,280,515,129,73,410,263,447,157,35,189,667,633,716,97,727,360,387,472,186,734,336,29,294,147,691,572,321,292,345,10,349,547,524,156,273,629,109,221,450,729,365,291,394,98,240,338,714,401,497,675,143,398,65,237,295,257,311,289,288,496,520,469,243,177,444,71,686,632,51,0,231,227,735,142,440,687,286,556,441,737,555,553,636,236,154,210,625,332,79,563,699,605,695,630,648,562,246,68,411,599,301,484,406,48,581,644,380,198,1,284,640,426,133,300,59,277,565,439,146,608,488,561,114,475,304,202,674,741,454,473,722,151,505,546,329,87,616,262,702,721,32,579,399,659,623,2,470,184,596,164,576,330,145,302,658,434,448,545,371,397,662,409,597,350,586,125,24,653,101,601,181,275,403,303,508,75,204,25,89,678,238,582,144,407,269,127,393,382,663,55,108,132,400,507,620,370,593,149,594,172,170,493,45,535,102,610,657,732,220,203,319,442,681,575,624,39,23,713,425,646,712,453,428,542,690,655,268,673,733,255,356,514,50,
28,17.732067823410034,178574.04314423606,173852.6326707116,661,190,438,247,592,474,115,386,694,489,402,271,199,134,174,384,61,245,282,532,327,642,26,746,131,43,279,223,351,112,457,165,169,176,106,631,57,317,731,121,529,566,52,544,436,651,584,510,717,209,19,182,70,344,191,313,315,588,188,318,483,348,615,22,265,560,531,7,4,523,287,168,637,185,56,139,38,689,120,583,692,76,577,491,33,308,413,62,180,570,334,707,42,9,197,150,166,363,708,485,650,316,91,541,18,326,90,110,281,41,179,40,328,654,569,680,558,606,595,333,533,693,96,521,725,239,74,283,481,513,135,201,511,430,13,155,538,539,216,706,526,192,126,423,419,412,270,422,468,518,212,15,310,250,578,77,618,123,36,740,492,635,611,676,435,357,432,710,415,711,747,205,604,404,666,175,307,28,482,116,701,82,679,88,739,193,726,498,429,208,589,14,60,160,738,148,696,331,730,684,105,214,391,458,670,140,480,446,130,622,736,685,200,362,37,431,335,718,591,95,104,54,600,463,664,138,571,487,621,418,285,461,228,379,136,580,548,537,113,506,552,213,614,369,543,528,173,341,167,83,347,462,253,107,343,414,267,118,748,47,63,744,559,21,682,495,645,656,34,465,540,235,128,388,549,509,364,627,162,719,609,613,58,504,671,517,660,607,602,445,743,244,178,499,312,206,433,78,416,460,728,217,464,322,669,392,367,421,230,373,161,427,225,564,534,455,372,49,219,361,67,417,320,6,241,424,158,229,742,5,452,196,668,124,260,72,704,698,697,293,700,672,337,437,297,479,194,46,252,649,314,339,494,550,122,226,709,522,261,309,232,11,358,647,99,256,86,512,264,117,405,396,306,389,278,459,634,375,153,298,222,530,617,266,536,390,598,381,16,81,215,574,478,346,30,503,500,93,355,103,641,665,299,745,276,248,27,385,259,677,17,100,643,688,211,420,554,84,251,296,274,374,639,490,395,376,383,20,195,137,352,242,234,466,85,80,354,272,467,378,527,366,703,477,456,590,66,94,183,8,567,471,603,749,258,720,324,64,628,359,476,31,585,519,557,353,163,501,207,342,619,516,141,551,449,325,111,69,408,652,171,12,187,224,683,323,723,724,218,573,568,612,705,290,502,249,233,525,53,92,368,443,451,715,119,44,3,587,626,340,152,159,305,254,486,638,377,280,515,129,73,410,263,447,157,35,189,667,633,716,97,727,360,387,472,186,734,336,29,294,147,691,572,321,292,345,10,349,547,524,156,273,629,109,221,450,729,365,291,394,98,240,338,714,401,497,675,143,398,65,237,295,257,311,289,288,496,520,469,243,177,444,71,686,632,51,0,231,227,735,142,440,687,286,556,441,737,555,553,636,236,154,210,625,332,79,563,699,605,695,630,648,562,246,68,411,599,301,484,406,48,581,644,380,198,1,284,640,426,133,300,59,277,565,439,146,608,488,561,114,475,304,202,674,741,454,473,722,151,505,546,329,87,616,262,702,721,32,579,399,659,623,2,470,184,596,164,576,330,145,302,658,434,448,545,371,397,662,409,597,350,586,125,24,653,101,601,181,275,403,303,508,75,204,25,89,678,238,582,144,407,269,127,393,382,663,55,108,132,400,507,620,370,593,149,594,172,170,493,45,535,102,610,657,732,220,203,319,442,681,575,624,39,23,713,425,646,712,453,428,542,690,655,268,673,733,255,356,514,50,
29,18.133458614349365,177670.09689300522,173646.22371381882,661,190,438,247,592,474,115,386,694,489,402,271,199,134,174,384,61,245,282,532,327,642,26,746,131,43,279,223,351,112,457,165,169,176,106,631,57,317,731,121,529,566,52,544,436,651,584,510,717,209,19,182,70,344,191,313,315,588,188,318,483,348,615,22,265,560,531,7,4,523,287,168,637,185,56,139,38,689,120,583,692,76,577,491,33,308,413,62,180,570,334,707,42,9,197,150,166,363,708,485,650,316,91,541,18,326,90,110,281,41,179,40,328,654,569,680,558,606,595,333,533,693,96,521,725,239,74,283,481,513,135,201,511,430,13,155,538,539,216,706,526,192,126,423,419,412,270,422,468,518,212,15,310,250,578,77,618,123,36,740,492,635,611,676,435,357,432,710,415,711,747,205,604,404,666,175,307,28,343,482,116,701,82,679,88,739,193,726,498,429,208,589,14,60,160,738,148,696,331,730,684,105,214,391,458,670,140,480,446,130,622,736,685,200,362,37,431,335,718,591,95,104,54,600,463,664,138,571,487,621,418,285,461,228,379,136,580,548,537,113,506,552,213,614,369,543,528,173,341,167,83,347,462,253,107,414,267,118,748,47,63,744,559,21,682,495,645,656,34,465,540,235,128,388,549,509,364,627,162,719,609,613,58,504,671,517,660,607,602,445,743,244,178,499,312,206,433,78,416,460,728,217,464,322,669,392,367,421,230,373,161,427,225,564,534,455,372,49,219,361,67,417,320,6,241,424,158,229,742,5,452,196,668,124,260,72,704,698,697,293,700,672,337,437,297,479,194,46,252,649,314,339,494,550,122,226,709,522,261,309,232,11,358,647,99,256,86,512,264,117,405,396,306,389,278,459,634,375,153,298,222,530,617,266,536,390,598,381,16,81,215,574,478,346,30,503,500,93,355,103,641,665,299,745,276,248,27,385,259,677,17,100,643,688,211,420,554,84,251,296,274,374,639,490,395,376,383,20,195,137,352,242,234,466,85,80,354,272,467,378,527,366,703,477,456,590,66,94,183,8,567,471,603,749,258,720,324,64,628,359,476,31,585,519,557,353,163,501,207,342,619,516,141,551,449,325,111,69,408,652,171,12,187,224,683,323,723,724,218,573,568,612,705,290,502,249,233,525,53,92,368,443,451,715,119,44,3,587,626,340,152,159,305,254,486,638,377,280,515,129,73,410,263,447,157,35,189,667,633,716,97,727,360,387,472,186,734,336,29,294,147,691,572,321,292,345,10,349,547,524,156,273,629,109,221,450,729,365,291,394,98,240,338,714,401,497,675,143,398,65,237,295,257,311,289,288,496,520,469,243,177,444,71,686,632,51,0,231,227,735,142,440,687,286,556,441,737,555,553,636,236,154,210,625,332,79,563,699,605,695,630,648,562,246,68,411,599,301,484,406,48,581,644,380,198,1,284,640,426,133,300,59,277,565,439,146,608,488,561,114,475,304,202,674,741,454,473,722,151,505,546,329,87,616,262,702,721,32,579,399,659,623,2,470,184,596,164,576,330,145,302,658,434,448,545,371,397,662,409,597,350,586,125,24,653,101,601,181,275,403,303,508,75,204,25,89,678,238,582,144,407,269,127,393,382,663,55,108,132,400,507,620,370,593,149,594,172,170,493,45,535,102,610,657,732,220,203,319,442,681,575,624,39,23,713,425,646,712,453,428,542,690,655,268,673,733,255,356,514,50,
30,18.519206523895264,177754.22637391265,173395.1928677439,661,190,438,247,592,474,115,386,694,489,402,271,199,134,174,384,61,245,282,532,327,642,26,746,131,43,279,223,351,112,457,165,169,176,106,631,57,317,731,121,529,566,52,544,436,651,584,510,717,209,19,182,70,344,191,313,315,588,188,318,483,348,615,22,265,560,531,7,4,523,287,168,637,185,56,139,38,689,120,583,692,76,577,491,33,308,413,62,180,570,334,707,42,9,197,150,166,363,708,485,650,316,91,541,18,326,90,110,281,41,179,40,328,654,569,680,558,606,595,333,533,693,96,521,725,239,74,283,481,513,135,201,511,430,13,155,538,539,216,706,526,192,126,423,419,412,270,422,468,518,212,15,310,250,578,77,618,123,36,740,492,635,611,676,435,357,432,710,415,711,747,205,604,404,666,175,307,28,343,482,116,701,82,679,88,739,193,726,498,429,208,589,14,60,160,738,148,696,331,730,684,105,214,391,458,670,140,480,446,130,622,736,685,200,362,37,431,335,718,591,95,104,54,600,463,664,138,571,487,621,418,285,461,228,379,136,580,548,537,113,506,552,213,614,369,543,528,173,341,167,347,462,253,107,83,414,267,118,748,47,63,744,559,21,682,495,645,656,34,465,540,235,128,388,549,509,364,627,162,719,609,613,58,504,671,517,660,607,602,445,743,244,178,499,312,206,433,78,416,460,728,217,464,322,669,392,367,421,230,373,161,427,225,564,534,455,372,49,219,361,67,417,320,6,241,424,158,229,742,5,452,196,668,124,260,72,704,698,697,293,700,672,337,437,297,479,194,46,252,649,314,339,494,550,122,226,709,522,261,309,232,11,358,647,99,256,86,512,264,117,405,396,306,389,278,459,634,375,153,298,222,530,617,266,536,390,598,381,16,81,215,574,478,346,30,503,500,93,355,103,641,665,299,745,276,248,27,385,259,677,17,100,643,688,211,420,554,84,251,296,274,374,639,490,395,376,383,20,195,137,352,242,234,466,85,80,354,272,467,378,527,366,703,477,456,590,66,94,183,8,567,471,603,749,258,720,324,64,628,359,476,31,585,519,557,353,163,501,207,342,619,516,141,551,449,325,111,69,408,652,171,12,187,224,683,323,723,724,218,573,568,612,705,290,502,249,233,525,53,92,368,443,451,715,119,44,3,587,626,340,152,159,305,254,486,638,377,280,515,129,73,410,263,447,157,35,189,667,633,716,97,727,360,387,472,186,734,336,29,294,147,691,572,321,292,345,10,349,547,524,156,273,629,109,221,450,729,365,291,394,98,240,338,714,401,497,675,143,398,65,237,295,257,311,289,288,496,520,469,243,177,444,71,686,632,51,0,231,227,735,142,440,687,286,556,441,737,555,553,636,236,154,210,625,332,79,563,699,605,695,630,648,562,246,68,411,599,301,484,406,48,581,644,380,198,1,284,640,426,133,300,59,277,565,439,146,608,488,561,114,475,304,202,674,741,454,473,722,151,505,546,329,87,616,262,702,721,32,579,399,659,623,2,470,184,596,164,576,330,145,302,658,434,448,545,371,397,662,409,597,350,586,125,24,653,101,601,181,275,403,303,508,75,204,25,89,678,238,582,144,407,269,127,393,382,663,55,108,132,400,507,620,370,593,149,594,172,170,493,45,535,102,610,657,732,220,203,319,442,681,575,624,39,23,713,425,646,712,453,428,542,690,655,268,673,733,255,356,514,50,
31,18.913264751434326,177648.008396694,173186.27027172106,661,190,438,247,592,474,115,386,694,489,402,271,199,134,174,384,61,245,282,532,327,642,26,746,131,43,279,223,351,112,457,165,169,176,106,631,57,317,731,121,529,566,52,544,436,651,584,510,717,209,19,182,70,344,191,313,315,588,188,318,483,348,615,22,265,560,531,7,4,523,287,168,637,185,56,139,38,689,120,583,692,76,577,491,33,308,413,62,180,570,334,707,42,9,197,150,166,363,708,485,650,316,91,541,18,326,90,110,281,41,179,40,328,654,569,680,558,606,595,333,533,693,96,521,725,239,74,283,481,513,135,201,511,430,13,155,538,539,216,706,526,192,126,423,419,412,270,422,468,518,212,15,310,250,578,77,618,123,36,740,492,635,611,676,435,357,432,710,415,711,747,205,604,404,666,175,482,307,28,343,116,701,82,679,88,739,193,726,498,429,208,589,14,60,160,738,148,696,331,730,684,105,214,391,458,670,140,480,446,130,622,736,685,200,362,37,431,335,718,591,95,104,54,600,463,664,138,571,487,621,418,285,461,228,379,136,580,548,537,113,506,552,213,614,369,543,528,173,341,167,347,462,253,107,83,414,267,118,748,47,63,744,559,21,682,495,645,656,34,465,540,235,128,388,549,509,364,627,162,719,609,613,58,504,671,517,660,607,602,445,743,244,178,499,312,206,433,78,416,460,728,217,464,322,669,392,367,421,230,373,161,427,225,564,534,455,372,49,219,361,67,417,320,6,241,424,158,229,742,5,452,196,668,124,260,72,704,698,697,293,700,672,337,437,297,479,194,46,252,649,314,339,494,550,122,226,709,522,261,309,232,11,358,647,99,256,86,512,264,117,405,396,306,389,278,459,634,375,153,298,222,530,617,266,536,390,598,381,16,81,215,574,478,346,30,503,500,93,355,103,641,665,299,745,276,248,27,385,259,677,17,100,643,688,211,420,554,84,251,296,274,374,639,490,395,376,383,20,195,137,352,242,234,466,85,80,354,272,467,378,527,366,703,477,456,590,66,94,183,8,567,471,603,749,258,720,324,64,628,359,476,31,585,519,557,353,163,501,207,342,619,516,141,551,449,325,111,69,408,652,171,12,187,224,683,323,723,724,218,573,568,612,705,290,502,249,233,525,53,92,368,443,451,715,119,44,3,587,626,340,152,159,305,254,486,638,377,280,515,129,73,410,263,447,157,35,189,667,633,716,97,727,360,387,472,186,734,336,29,294,147,691,572,321,292,345,10,349,547,524,156,273,629,109,221,450,729,365,291,394,98,240,338,714,401,497,675,143,398,65,237,295,257,311,289,288,496,520,469,243,177,444,71,686,632,51,0,231,227,735,142,440,687,286,556,441,737,555,553,636,236,154,210,625,332,79,563,699,605,695,630,648,562,246,68,411,599,301,484,406,48,581,644,380,198,1,284,640,426,133,300,59,277,565,439,146,608,488,561,114,475,304,202,674,741,454,473,722,151,505,546,329,87,616,262,702,721,32,579,399,659,623,2,470,184,596,164,576,330,145,302,658,434,448,545,371,397,662,409,597,350,586,125,24,653,101,601,181,275,403,303,508,75,204,25,89,678,238,582,144,407,269,127,393,382,663,55,108,132,400,507,620,370,593,149,594,172,170,493,45,535,102,610,657,732,220,203,319,442,681,575,624,39,23,713,425,646,712,453,428,542,690,655,268,673,733,255,356,514,50,
32,19.34296751022339,177877.20913630587,172987.62529507538,661,190,438,247,592,474,115,386,694,489,402,271,199,134,174,384,61,245,282,532,327,642,26,746,131,43,279,223,351,112,457,165,169,176,106,631,57,317,731,121,529,566,52,544,436,651,584,510,717,209,19,182,70,344,191,313,315,588,188,318,483,348,615,22,265,560,531,7,4,523,287,168,637,185,56,139,38,689,120,583,692,76,577,491,33,308,413,62,180,570,334,707,42,9,197,150,166,363,708,485,650,316,91,541,18,326,90,110,281,41,179,40,328,654,569,680,558,606,595,333,533,693,96,521,725,239,74,283,481,513,135,201,511,430,13,155,538,539,216,706,526,192,126,423,419,412,270,422,468,518,212,15,310,250,578,77,618,123,36,740,492,635,611,676,435,357,432,710,415,711,747,205,604,404,666,175,482,307,28,343,116,701,82,679,88,739,193,726,498,429,208,589,14,60,160,738,148,696,331,730,684,105,214,391,458,670,140,480,446,130,622,736,685,200,362,37,431,335,718,591,95,104,54,600,463,664,138,571,487,621,418,285,461,228,379,136,580,548,537,113,506,552,213,614,369,543,528,173,341,167,347,462,253,107,83,414,267,118,748,47,63,744,559,21,682,495,645,656,34,465,540,235,128,388,549,509,364,627,162,719,609,613,58,504,671,517,660,607,602,445,743,244,178,499,312,206,433,78,416,460,728,217,464,322,669,392,367,421,230,373,161,427,225,564,534,455,372,49,219,361,67,417,320,6,241,424,158,229,742,5,452,196,668,124,260,72,704,698,697,293,700,672,337,437,297,479,194,46,252,649,314,339,494,550,122,226,709,522,261,309,232,11,358,647,99,256,86,512,264,117,405,396,306,389,278,459,634,375,153,298,222,530,617,266,536,390,598,381,16,81,215,574,478,346,30,503,500,93,355,103,641,665,299,745,276,248,27,385,259,677,17,100,643,688,211,420,554,84,251,296,274,374,639,490,395,376,383,20,195,137,352,242,234,466,85,80,354,272,467,378,527,366,703,477,456,590,66,94,183,8,567,471,603,749,258,720,324,64,628,359,476,31,585,519,557,353,163,501,207,342,619,516,141,551,449,325,111,69,408,652,171,12,187,224,683,323,723,724,218,573,568,612,705,290,502,249,233,525,53,92,368,443,451,715,119,44,3,587,626,340,152,159,305,254,486,638,377,280,515,129,73,410,263,447,157,35,189,667,633,716,97,727,360,387,472,186,734,336,29,294,147,691,572,321,292,345,10,349,547,524,156,273,629,109,221,450,729,365,291,394,98,240,338,714,401,497,675,143,398,65,237,295,257,311,289,288,496,520,484,469,243,177,444,71,686,632,51,0,231,227,735,142,440,687,286,556,441,737,555,553,636,236,154,210,625,332,79,563,699,605,695,630,648,562,246,68,411,599,301,406,48,581,644,380,198,1,284,640,426,133,300,59,277,565,439,146,608,488,561,114,475,304,202,674,741,454,473,722,151,505,546,329,87,616,262,702,721,32,579,399,659,623,2,470,184,596,164,576,330,145,302,658,434,448,545,371,397,662,409,597,350,586,125,24,653,101,601,181,275,403,303,508,75,204,25,89,678,238,582,144,407,269,127,393,382,663,55,108,132,400,507,620,370,593,149,594,172,170,493,45,535,102,610,657,732,220,203,319,442,681,575,624,39,23,713,425,646,712,453,428,542,690,655,268,673,733,255,356,514,50,
33,19.77928400039673,175899.80785237503,172703.38950103984,661,190,438,247,592,474,115,386,694,489,402,271,199,134,174,384,61,245,282,532,327,642,26,746,131,43,279,223,351,112,457,165,169,176,106,631,57,317,731,121,529,566,52,544,436,651,584,510,717,209,19,182,70,344,191,313,315,588,188,318,483,348,615,22,265,560,531,7,4,523,287,168,637,185,56,139,38,689,120,583,692,76,577,491,33,308,413,62,180,570,334,707,42,9,197,150,166,363,708,485,650,316,91,541,18,326,90,110,281,41,179,40,328,654,569,680,558,606,595,333,533,693,96,521,725,239,74,283,481,513,135,201,511,430,13,155,538,539,216,706,526,192,126,423,419,412,270,422,468,518,212,15,310,250,578,77,618,123,36,740,492,635,611,676,435,357,432,710,415,711,747,205,604,404,666,175,482,307,28,343,116,701,82,679,88,739,193,726,498,429,208,589,14,60,160,738,148,696,331,730,684,105,214,391,458,670,140,480,446,130,622,736,685,200,362,37,431,335,718,591,95,104,54,600,463,664,138,571,487,621,418,285,461,228,379,136,580,548,537,113,506,552,213,614,369,543,528,173,341,167,347,462,253,107,83,414,267,118,748,47,63,744,559,21,682,495,645,656,34,465,540,235,128,388,549,509,364,627,162,719,609,613,58,504,671,517,660,607,602,445,743,244,178,499,312,206,433,78,416,460,728,217,464,322,669,392,367,421,230,373,161,427,225,564,534,455,372,49,219,361,67,417,320,6,241,424,158,229,742,5,452,196,668,124,260,72,704,698,697,293,700,672,337,437,297,479,194,46,252,649,314,339,494,550,122,226,709,522,261,309,232,11,358,647,99,256,86,512,264,117,405,396,306,389,278,459,634,375,153,298,222,530,617,266,536,390,598,381,16,81,215,574,478,346,30,503,500,93,355,103,641,665,299,745,276,248,27,385,259,677,17,100,643,688,211,420,554,84,251,296,274,374,639,490,395,376,383,20,195,137,352,242,234,466,85,80,354,272,467,378,527,366,703,477,456,590,66,94,183,8,567,471,603,749,258,720,324,64,628,359,476,31,585,519,557,353,163,501,207,342,619,516,141,551,449,325,111,69,408,652,171,12,187,224,683,323,723,724,218,573,568,612,705,290,502,249,233,525,53,92,368,443,451,715,119,44,3,587,626,340,152,159,305,254,486,638,377,280,515,129,73,410,263,447,157,35,189,667,633,716,97,727,360,387,472,186,734,336,29,294,147,691,572,321,292,345,10,349,547,524,156,273,629,109,221,450,729,365,291,394,98,240,338,714,401,497,675,143,398,65,237,295,257,311,289,288,496,520,484,177,444,71,686,632,51,0,231,227,735,142,440,687,286,556,441,737,555,553,636,236,154,210,625,332,79,563,699,605,469,243,695,630,648,562,246,68,411,599,301,406,48,581,644,380,198,1,284,640,426,133,300,59,277,565,439,146,608,488,561,114,475,304,202,674,741,454,473,722,151,505,546,329,87,616,262,702,721,32,579,399,659,623,2,470,184,596,164,576,330,145,302,658,434,448,545,371,397,662,409,597,350,586,125,24,653,101,601,181,275,403,303,508,75,204,25,89,678,238,582,144,407,269,127,393,382,663,55,108,132,400,507,620,370,593,149,594,172,170,493,45,535,102,610,657,732,220,203,319,442,681,575,624,39,23,713,425,646,712,453,428,542,690,655,268,673,733,255,356,514,50,
34,20.159135341644287,inf,172514.66667943916,661,190,438,247,592,474,115,386,694,489,402,271,199,134,174,384,61,245,282,532,327,642,26,746,131,43,279,223,351,112,457,165,169,176,106,631,57,317,731,121,529,566,52,544,436,651,584,510,717,209,19,182,70,344,191,313,315,588,188,318,483,348,615,22,265,560,531,7,4,523,287,168,637,185,56,139,38,689,120,583,692,76,577,491,33,308,413,62,180,570,334,707,42,9,197,150,166,363,708,485,650,316,91,541,18,326,90,110,281,41,179,40,328,654,569,680,558,606,595,333,533,693,96,521,725,239,74,283,481,513,135,201,511,430,13,155,538,539,216,706,526,192,126,423,419,412,270,422,468,518,212,15,310,250,578,77,618,123,36,740,492,635,611,676,435,357,432,710,415,711,747,205,604,404,666,175,482,307,28,343,116,701,82,679,88,739,193,726,498,429,208,589,14,60,160,738,148,696,331,730,684,105,214,391,458,670,140,480,446,130,622,736,685,200,362,37,431,335,718,591,95,104,54,600,463,664,138,571,487,621,418,285,461,228,379,136,580,548,537,113,506,552,213,614,369,543,528,173,341,167,347,462,253,107,83,414,267,118,748,47,744,559,21,682,495,645,656,34,465,540,235,128,388,63,549,509,364,627,162,719,609,613,58,504,671,517,660,607,602,445,743,244,178,499,312,206,433,78,416,460,728,217,464,322,669,392,367,421,230,373,161,427,225,564,534,455,372,49,219,361,67,417,320,6,241,424,158,229,742,5,452,196,668,124,260,72,704,698,697,293,700,672,337,437,297,479,194,46,252,649,314,339,494,550,122,226,709,522,261,309,232,11,358,647,99,256,86,512,264,117,405,396,306,389,278,459,634,375,153,298,222,530,617,266,536,390,598,381,16,81,215,574,478,346,30,503,500,93,355,103,641,665,299,745,276,248,27,385,259,677,17,100,643,688,211,420,554,84,251,296,274,374,639,490,395,376,383,20,195,137,352,242,234,466,85,80,354,272,467,378,527,366,703,477,456,590,66,94,183,8,567,471,603,749,258,720,324,64,628,359,476,31,585,519,557,353,163,501,207,342,619,516,141,551,449,325,111,69,408,652,171,12,187,224,683,323,723,724,218,573,568,612,705,290,502,249,233,525,53,92,368,443,451,715,119,44,3,587,626,340,152,159,305,254,486,638,377,280,515,129,73,410,263,447,157,35,189,667,633,716,97,727,360,387,472,186,734,336,29,294,147,691,572,321,292,345,10,349,547,524,156,273,629,109,221,450,729,365,291,394,98,240,338,714,401,497,675,143,398,65,237,295,257,311,289,288,496,520,484,177,444,71,686,632,51,0,231,227,735,142,440,687,286,556,441,737,555,553,636,236,154,210,625,332,79,563,699,605,469,243,695,630,648,562,246,68,411,599,301,406,48,581,644,380,198,1,284,640,426,133,300,59,277,565,439,146,608,488,561,114,475,304,202,674,741,454,473,722,151,505,546,329,87,616,262,702,721,32,579,399,659,623,2,470,184,596,164,576,330,145,302,658,434,448,545,371,397,662,409,597,350,586,125,24,653,101,601,181,275,403,303,508,75,204,25,89,678,238,582,144,407,269,127,393,382,663,55,108,132,400,507,620,370,593,149,594,172,170,493,45,535,102,610,657,732,220,203,319,442,681,575,624,39,23,713,425,646,712,453,428,542,690,655,268,673,733,255,356,514,50,
35,20.552892208099365,175858.60826884568,172159.69931801374,661,190,438,247,592,474,115,386,694,489,402,271,199,134,174,384,61,245,282,532,327,642,26,746,131,43,279,223,351,112,457,165,169,176,106,631,57,317,731,121,529,566,52,544,436,651,584,510,717,209,19,182,70,344,191,313,315,588,188,318,483,348,615,22,265,560,531,7,4,523,287,168,637,185,56,139,38,689,120,583,692,76,577,491,33,308,413,62,180,570,334,707,42,9,197,150,166,363,708,485,650,316,91,541,18,326,90,110,281,41,179,40,328,654,569,680,558,606,595,333,533,693,96,521,725,239,74,283,481,513,135,201,511,430,13,155,538,539,216,706,526,192,126,423,419,412,270,422,468,518,212,15,310,250,578,77,618,123,36,740,492,635,611,676,435,357,432,710,415,711,747,205,604,404,666,175,482,307,28,343,116,701,82,679,88,739,193,726,498,429,208,589,14,60,160,738,148,696,331,730,684,105,214,391,458,670,140,480,446,130,622,736,685,200,362,37,431,335,718,591,95,104,54,600,463,664,138,571,487,621,418,285,461,228,379,136,580,548,537,113,506,552,213,614,369,543,528,173,341,167,347,462,253,107,83,414,267,118,748,47,128,388,63,744,559,21,682,495,645,656,34,465,540,235,549,509,364,627,162,719,609,613,58,504,671,517,660,607,602,445,743,244,178,499,312,206,433,78,416,460,728,217,464,322,669,392,367,421,230,373,161,427,225,564,534,455,372,49,219,361,67,417,320,6,241,424,158,229,742,5,452,196,668,124,260,72,704,698,697,293,700,672,337,437,297,479,194,46,252,649,314,339,494,550,122,226,709,522,261,309,232,11,358,647,99,256,86,512,264,117,405,396,306,389,278,459,634,375,153,298,222,530,617,266,536,390,598,381,16,81,215,574,478,346,30,503,500,93,355,103,641,665,299,745,276,248,27,385,259,677,17,100,643,688,211,420,554,84,251,296,274,374,639,490,395,376,383,20,195,137,352,242,234,466,85,80,354,272,467,378,527,366,703,477,456,590,66,94,183,8,567,471,603,749,258,720,324,64,628,359,476,31,585,519,557,353,163,501,207,342,619,516,141,551,449,325,111,69,408,652,171,12,187,224,683,323,723,724,218,573,568,612,705,290,502,249,233,525,53,92,368,443,451,715,119,44,3,587,626,340,152,159,305,254,486,638,377,280,515,129,73,410,263,447,157,35,189,667,633,716,97,727,360,387,472,186,734,336,29,294,147,691,572,321,292,345,10,349,547,524,156,273,629,109,221,450,729,365,291,394,98,240,338,714,401,497,675,143,398,65,237,295,257,311,289,288,496,520,484,177,444,71,686,632,51,0,231,227,735,142,440,687,286,556,441,737,555,553,636,236,154,210,625,332,79,563,699,605,469,243,695,630,648,562,246,68,411,599,301,406,48,581,644,380,198,1,284,640,426,133,300,59,277,565,439,146,608,488,561,114,475,304,202,674,741,454,473,722,151,505,546,329,87,616,262,702,721,32,579,399,659,623,2,470,184,596,164,576,330,145,302,658,434,448,545,371,397,662,409,597,350,586,125,24,653,101,601,181,275,403,303,508,75,204,25,89,678,238,582,144,407,269,127,393,382,663,55,108,132,400,507,620,370,593,149,594,172,170,493,45,535,102,610,657,732,220,203,319,442,681,575,624,39,23,713,425,646,712,453,428,542,690,655,268,673,733,255,356,514,50,
36,20.949947595596313,175059.8368034691,171815.13233288162,661,190,438,247,592,474,115,386,694,489,402,271,199,134,174,384,61,245,282,532,327,642,26,746,131,43,279,223,351,112,457,165,169,176,106,631,57,317,731,121,529,566,52,544,436,651,584,510,717,209,19,182,70,344,191,313,315,588,188,318,483,348,615,22,265,560,531,7,4,523,287,168,637,185,56,139,38,689,120,583,692,76,577,491,33,308,413,62,180,570,334,707,42,9,197,150,166,363,708,485,650,316,91,541,18,326,90,110,281,41,179,40,328,654,569,680,558,606,595,333,533,693,96,521,725,239,74,283,481,513,135,201,511,430,13,155,538,539,216,706,526,192,126,423,419,412,270,422,468,518,212,15,310,250,578,77,618,123,36,740,492,635,611,676,435,357,432,710,415,711,747,205,604,404,666,175,482,307,28,343,116,701,82,679,88,739,193,726,498,429,208,589,14,60,160,738,148,696,331,730,684,105,214,391,458,670,140,480,446,130,622,736,685,200,362,37,431,335,718,591,95,104,54,600,463,664,138,571,487,621,418,285,461,228,379,136,580,548,537,113,506,552,213,614,369,543,528,173,341,167,347,462,253,107,83,414,267,118,748,47,128,388,63,744,559,21,682,495,645,656,34,465,540,235,549,509,364,627,162,719,609,613,58,504,671,517,660,607,602,445,743,244,178,499,312,206,433,78,416,460,728,217,464,322,669,392,367,421,230,373,161,427,534,455,372,49,219,361,67,417,320,6,241,424,158,229,742,5,452,196,668,124,260,72,704,698,697,293,700,672,337,437,297,479,194,46,252,649,314,339,494,550,122,226,709,522,261,564,225,309,232,11,358,647,99,256,86,512,264,117,405,396,306,389,278,459,634,375,153,298,222,530,617,266,536,390,598,381,16,81,215,574,478,346,30,503,500,93,355,103,641,665,299,745,276,248,27,385,259,677,17,100,643,688,211,420,554,84,251,296,274,374,639,490,395,376,383,20,195,137,352,242,234,466,85,80,354,272,467,378,527,366,703,477,456,590,66,94,183,8,567,471,603,749,258,720,324,64,628,359,476,31,585,519,557,353,163,501,207,342,619,516,141,551,449,325,111,69,408,652,171,12,187,224,683,323,723,724,218,573,568,612,705,290,502,249,233,525,53,92,368,443,451,715,119,44,3,587,626,340,152,159,305,254,486,638,377,280,515,129,73,410,263,447,157,35,189,667,633,716,97,727,360,387,472,186,734,336,29,294,147,691,572,321,292,345,10,349,547,524,156,273,629,109,221,450,729,365,291,394,98,240,338,714,401,497,675,143,398,65,237,295,257,311,289,288,496,520,484,177,444,71,686,632,51,0,231,227,735,142,440,687,286,556,441,737,555,553,636,236,154,210,625,332,79,563,699,605,469,243,695,630,648,562,246,68,411,599,301,406,48,581,644,380,198,1,284,640,426,133,300,59,277,565,439,146,608,488,561,114,475,304,202,674,741,454,473,722,151,505,546,329,87,616,262,702,721,32,579,399,659,623,2,470,184,596,164,576,330,145,302,658,434,448,545,371,397,662,409,597,350,586,125,24,653,101,601,181,275,403,303,508,75,204,25,89,678,238,582,144,407,269,127,393,382,663,55,108,132,400,507,620,370,593,149,594,172,170,493,45,535,102,610,657,732,220,203,319,442,681,575,624,39,23,713,425,646,712,453,428,542,690,655,268,673,733,255,356,514,50,
37,21.377180814743042,174228.6808491366,171571.75710303301,661,190,438,247,592,474,115,386,694,489,402,271,199,134,174,384,61,245,282,532,327,642,26,746,131,43,279,223,351,112,457,165,169,176,106,631,57,317,731,121,529,566,52,544,436,651,584,510,717,209,19,182,70,344,191,313,315,588,188,318,483,348,615,22,265,560,531,7,4,523,287,168,637,185,56,139,38,689,120,583,692,76,577,491,33,308,413,62,180,570,334,707,42,9,197,150,166,363,708,485,650,316,91,541,18,326,90,110,281,41,179,40,328,654,569,680,558,606,595,333,533,693,96,521,725,239,74,283,481,513,135,201,511,430,13,155,538,539,216,706,526,192,126,423,419,412,270,34,465,540,235,422,468,518,212,15,310,250,578,77,618,123,36,740,492,635,611,676,435,357,432,710,415,711,747,205,604,404,666,175,482,307,28,343,116,701,82,679,88,739,193,726,498,429,208,589,14,60,160,738,148,696,331,730,684,105,214,391,458,670,140,480,446,130,622,736,685,200,362,37,431,335,718,591,95,104,54,600,463,664,138,571,487,621,418,285,461,228,379,136,580,548,537,113,506,552,213,614,369,543,528,173,341,167,347,462,253,107,83,414,267,118,748,47,128,388,63,744,559,21,682,495,645,656,549,509,364,627,162,719,609,613,58,504,671,517,660,607,602,445,743,244,178,499,312,206,433,78,416,460,728,217,464,322,669,392,367,421,230,373,161,427,534,455,372,49,219,361,67,417,320,6,241,424,158,229,742,5,452,196,668,124,260,72,704,698,697,293,700,672,337,437,297,479,194,46,252,649,314,339,494,550,122,226,709,522,261,564,225,309,232,11,358,647,99,256,86,512,264,117,405,396,306,389,278,459,634,375,153,298,222,530,617,266,536,390,598,381,16,81,215,574,478,346,30,503,500,93,355,103,641,665,299,745,276,248,27,385,259,677,17,100,643,688,211,420,554,84,251,296,274,374,639,490,395,376,383,20,195,137,352,242,234,466,85,80,354,272,467,378,527,366,703,477,456,590,66,94,183,8,567,471,603,749,258,720,324,64,628,359,476,31,585,519,557,353,163,501,207,342,619,516,141,551,449,325,111,69,408,652,171,12,187,224,683,323,723,724,218,573,568,612,705,290,502,249,233,525,53,92,368,443,451,715,119,44,3,587,626,340,152,159,305,254,486,638,377,280,515,129,73,410,263,447,157,35,189,667,633,716,97,727,360,387,472,186,734,336,29,294,147,691,572,321,292,345,10,349,547,524,156,273,629,109,221,450,729,365,291,394,98,240,338,714,401,497,675,143,398,65,237,295,257,311,289,288,496,520,484,177,444,71,686,632,51,0,231,227,735,142,440,687,286,556,441,737,555,553,636,236,154,210,625,332,79,563,699,605,469,243,695,630,648,562,246,68,411,599,301,406,48,581,644,380,198,1,284,640,426,133,300,59,277,565,439,146,608,488,561,114,475,304,202,674,741,454,473,722,151,505,546,329,87,616,262,702,721,32,579,399,659,623,2,470,184,596,164,576,330,145,302,658,434,448,545,371,397,662,409,597,350,586,125,24,653,101,601,181,275,403,303,508,75,204,25,89,678,238,582,144,407,269,127,393,382,663,55,108,132,400,507,620,370,593,149,594,172,170,493,45,535,102,610,657,732,220,203,319,442,681,575,624,39,23,713,425,646,712,453,428,542,690,655,268,673,733,255,356,514,50,
38,21.749244689941406,173810.33329175055,171383.36440127494,661,190,438,247,592,474,115,386,694,489,402,271,199,134,174,384,61,245,282,532,327,642,26,746,131,43,279,223,351,112,457,165,169,176,106,631,57,317,731,121,529,566,52,544,436,651,584,510,717,209,19,182,70,344,191,313,315,588,188,318,483,348,615,22,265,560,531,7,4,523,287,168,637,185,56,139,38,689,120,583,692,76,577,491,33,308,413,62,180,570,334,707,42,9,197,150,166,363,708,485,650,316,91,541,18,326,90,110,281,41,179,40,328,654,569,680,558,606,595,333,533,693,96,521,725,239,74,283,481,513,135,201,511,430,13,155,538,539,216,706,526,192,126,423,419,412,270,34,465,540,235,422,468,518,212,15,310,250,578,77,618,123,36,740,492,635,611,676,435,357,432,710,415,711,747,205,604,404,666,175,482,307,28,343,116,701,82,679,88,739,193,726,498,429,208,589,14,60,160,738,148,696,331,730,684,105,214,391,458,670,140,480,446,130,622,736,685,200,362,37,431,335,718,591,95,104,54,600,463,664,138,571,487,621,418,285,461,228,379,136,580,548,537,113,506,552,213,614,369,543,528,173,341,167,347,462,253,107,83,414,267,118,748,47,128,388,63,744,559,21,682,495,645,656,549,509,364,627,162,719,609,613,58,504,671,517,660,607,602,445,743,244,178,499,312,206,433,78,416,460,728,217,464,322,669,392,367,421,230,373,161,427,534,455,372,49,219,361,67,417,320,6,241,424,158,229,742,5,452,196,668,124,260,72,704,698,697,293,700,672,337,437,297,479,194,46,252,649,314,339,494,550,122,226,709,522,261,564,225,309,232,11,358,647,99,256,86,512,264,117,405,396,306,389,278,459,634,375,153,298,222,530,617,266,536,390,598,381,16,81,215,574,478,346,30,503,500,93,103,641,665,299,745,276,248,27,385,259,677,17,100,643,688,211,420,554,84,251,296,274,374,639,490,395,376,383,20,195,137,352,242,234,466,85,80,354,272,467,378,527,366,703,477,456,590,66,94,183,8,567,471,603,749,258,720,324,64,628,359,476,31,585,519,557,353,163,501,207,342,619,516,141,551,449,325,111,69,408,652,171,12,187,224,683,323,723,724,218,573,568,612,705,290,502,249,233,525,53,92,368,443,451,715,119,44,3,587,626,340,152,159,305,254,486,638,377,280,515,129,73,410,263,447,157,35,189,667,633,716,97,727,360,387,472,186,734,336,29,294,147,691,572,321,292,345,10,349,547,524,156,273,629,109,221,450,729,365,291,394,98,240,338,714,401,497,675,143,398,65,237,295,257,311,289,288,496,520,484,177,444,71,686,632,51,0,231,227,735,142,440,687,286,556,441,737,555,553,636,236,154,210,625,332,79,563,699,605,469,243,695,630,648,562,246,68,411,599,301,406,48,581,644,380,198,1,284,640,426,133,300,59,277,565,439,146,608,488,561,114,475,304,202,674,741,454,473,722,151,505,546,329,87,616,262,702,721,32,579,399,659,623,2,470,184,596,164,576,330,145,302,658,434,448,545,371,397,662,409,597,350,586,125,24,653,101,601,181,275,403,303,508,75,204,25,89,678,238,582,144,407,269,127,393,382,663,55,108,132,400,507,620,370,593,149,594,172,170,493,45,535,102,610,657,732,220,203,319,442,681,575,624,39,23,713,425,646,712,453,428,542,690,655,268,673,733,255,355,356,514,50,
39,22.133630990982056,174004.28635426733,171185.93776276492,661,190,438,247,592,474,115,386,694,489,402,271,199,134,174,384,61,245,282,532,327,642,26,746,131,43,279,223,351,112,457,165,169,176,106,631,57,317,731,121,529,566,52,544,436,651,584,510,717,209,19,182,70,344,191,313,315,588,188,318,483,348,615,22,265,560,531,7,4,523,287,168,637,185,56,139,38,689,120,583,692,76,577,491,33,308,413,62,180,570,334,707,42,9,197,150,166,363,708,485,650,316,91,541,18,326,90,110,281,41,179,40,328,654,569,680,558,606,595,333,533,693,96,521,725,239,74,283,481,513,135,201,511,430,13,155,538,539,216,706,526,192,126,423,419,412,270,34,465,540,235,422,468,518,212,15,310,250,578,77,618,123,36,740,492,635,611,676,435,357,432,710,415,711,747,205,604,404,666,175,482,307,28,343,116,701,82,679,88,739,193,726,498,429,208,589,14,60,160,738,148,696,331,730,684,105,214,391,458,670,140,480,446,130,622,736,685,200,362,37,431,335,718,591,95,104,54,600,463,664,138,571,487,621,418,285,461,228,379,136,580,548,537,113,506,552,213,614,369,543,528,173,341,167,347,462,253,107,83,414,267,118,748,47,128,388,63,744,559,21,682,495,645,656,549,509,364,627,162,719,609,613,58,504,671,517,660,607,602,445,743,244,178,499,312,206,433,78,416,460,728,217,464,322,669,392,367,421,230,373,161,427,534,455,372,49,219,361,67,417,320,6,241,424,158,229,742,5,452,196,668,124,260,72,704,698,697,293,700,672,337,437,297,479,194,46,252,649,314,339,494,550,122,226,709,522,261,564,225,309,232,11,358,647,99,256,86,512,264,117,405,396,306,389,278,459,634,375,153,298,222,530,617,266,536,390,598,381,16,81,215,574,478,346,30,503,500,93,745,276,248,103,641,665,299,27,385,259,677,17,100,643,688,211,420,554,84,251,296,274,374,639,490,395,376,383,20,195,137,352,242,234,466,85,80,354,272,467,378,527,366,703,477,456,590,66,94,183,8,567,471,603,749,258,720,324,64,628,359,476,31,585,519,557,353,163,501,207,342,619,516,141,551,449,325,111,69,408,652,171,12,187,224,683,323,723,724,218,573,568,612,705,290,502,249,233,525,53,92,368,443,451,715,119,44,3,587,626,340,152,159,305,254,486,638,377,280,515,129,73,410,263,447,157,35,189,667,633,716,97,727,360,387,472,186,734,336,29,294,147,691,572,321,292,345,10,349,547,524,156,273,629,109,221,450,729,365,291,394,98,240,338,714,401,497,675,143,398,65,237,295,257,311,289,288,496,520,484,177,444,71,686,632,51,0,231,227,735,142,440,687,286,556,441,737,555,553,636,236,154,210,625,332,79,563,699,605,469,243,695,630,648,562,246,68,411,599,301,406,48,581,644,380,198,1,284,640,426,133,300,59,277,565,439,146,608,488,561,114,475,304,202,674,741,454,473,722,151,505,546,329,87,616,262,702,721,32,579,399,659,623,2,470,184,596,164,576,330,145,302,658,434,448,545,371,397,662,409,597,350,586,125,24,653,101,601,181,275,403,303,508,75,204,25,89,678,238,582,144,407,269,127,393,382,663,55,108,132,400,507,620,370,593,149,594,172,170,493,45,535,102,610,657,732,220,203,319,442,681,575,624,39,23,713,425,646,712,453,428,542,690,655,268,673,733,255,355,356,514,50,
40,22.538944721221924,174425.70772627436,171014.2370958401,661,190,438,247,592,474,115,386,694,489,402,271,199,134,174,384,61,245,282,532,327,642,26,746,131,43,279,223,351,112,457,165,169,176,106,631,57,317,731,121,529,566,52,544,436,651,584,510,717,209,19,182,70,344,191,313,315,588,188,318,483,348,615,22,265,560,531,7,4,523,287,168,637,185,56,139,38,689,120,583,692,76,577,491,33,308,413,62,180,570,334,707,42,9,197,150,166,363,708,485,650,316,91,541,18,326,90,110,281,41,179,40,328,654,569,680,558,606,595,333,533,693,96,521,725,239,74,283,481,513,135,201,511,430,13,155,538,539,216,706,526,192,126,423,419,412,270,34,465,540,235,422,468,518,212,15,310,250,578,77,618,123,36,740,492,635,611,676,435,357,432,710,415,711,747,205,604,404,666,175,482,307,28,343,116,701,82,679,88,739,193,726,498,429,208,589,14,60,160,738,148,696,331,730,684,105,214,391,458,670,140,480,446,130,622,736,685,200,362,37,431,335,718,591,95,104,54,600,463,664,138,571,487,621,418,285,461,228,379,136,580,548,537,113,506,552,213,614,369,543,528,173,341,167,347,462,253,107,83,414,267,118,748,47,128,388,63,744,559,21,682,495,645,656,549,509,364,627,162,719,609,613,58,504,671,517,660,607,602,445,743,244,178,499,312,206,433,78,416,460,728,217,464,322,669,392,367,421,230,373,161,427,534,455,372,49,219,361,67,417,320,6,241,424,158,229,742,5,452,196,668,124,260,72,704,698,697,293,700,672,337,437,297,479,194,46,252,649,314,339,494,550,122,226,709,522,261,564,225,309,232,11,358,647,99,256,86,512,264,117,405,396,306,389,278,459,634,375,153,298,222,530,617,266,536,390,598,381,81,215,574,478,16,346,30,503,500,93,745,276,248,103,641,665,299,27,385,259,677,17,100,643,688,211,420,554,84,251,296,274,374,639,490,395,376,383,20,195,137,352,242,234,466,85,80,354,272,467,378,527,366,703,477,456,590,66,94,183,8,567,471,603,749,258,720,324,64,628,359,476,31,585,519,557,353,163,501,207,342,619,516,141,551,449,325,111,69,408,652,171,12,187,224,683,323,723,724,218,573,568,612,705,290,502,249,233,525,53,92,368,443,451,715,119,44,3,587,626,340,152,159,305,254,486,638,377,280,515,129,73,410,263,447,157,35,189,667,633,716,97,727,360,387,472,186,734,336,29,294,147,691,572,321,292,345,10,349,547,524,156,273,629,109,221,450,729,365,291,394,98,240,338,714,401,497,675,143,398,65,237,295,257,311,289,288,496,520,484,177,444,71,686,632,51,0,231,227,735,142,440,687,286,556,441,737,555,553,636,236,154,210,625,332,79,563,699,605,469,243,695,630,648,562,246,68,411,599,301,406,48,581,644,380,198,1,284,640,426,133,300,59,277,565,439,146,608,488,561,114,475,304,202,674,741,454,473,722,151,505,546,329,87,616,262,702,721,32,579,399,659,623,2,470,184,596,164,576,330,145,302,658,434,448,545,371,397,662,409,597,350,586,125,24,653,101,601,181,275,403,303,508,75,204,25,89,678,238,582,144,407,269,127,393,382,663,55,108,132,400,507,620,370,593,149,594,172,170,493,45,535,102,610,657,732,220,203,319,442,681,575,624,39,23,713,425,646,712,453,428,542,690,655,268,673,733,255,355,356,514,50,
41,22.904003143310547,173571.89336045168,170845.04424680638,661,190,438,247,592,474,115,386,694,489,402,271,199,134,174,384,61,245,282,532,327,642,26,746,131,43,279,223,351,112,457,165,169,176,106,631,57,317,731,121,529,566,52,544,436,651,584,510,717,209,19,182,70,344,191,313,315,588,188,318,483,348,615,22,265,560,531,7,4,523,287,168,637,185,56,139,38,689,120,583,692,76,577,491,33,308,413,62,180,570,334,707,42,9,197,150,166,363,708,485,650,316,91,541,18,326,90,110,281,41,179,40,328,654,569,680,558,606,595,333,533,693,96,521,725,239,74,283,481,513,135,201,511,430,13,155,538,539,216,706,526,192,126,423,419,412,270,34,465,540,235,422,468,518,212,15,310,250,578,77,618,123,36,740,492,635,611,676,435,357,432,710,415,711,747,205,604,404,666,175,482,307,28,343,116,701,82,679,88,739,193,726,498,429,208,589,14,60,160,738,148,696,331,730,684,105,214,391,458,670,140,480,446,130,622,736,685,200,362,37,431,335,718,591,95,104,54,600,463,664,138,571,487,621,418,285,461,228,379,136,580,548,537,113,506,552,213,614,369,543,528,173,341,167,347,462,253,107,83,414,267,118,748,47,128,388,63,744,559,21,682,495,645,656,549,509,364,627,162,719,609,613,58,504,671,517,660,607,602,445,743,244,178,499,312,206,433,78,416,460,728,217,464,322,669,392,367,421,230,373,161,427,534,455,372,49,219,361,67,417,320,6,241,424,158,229,452,742,5,196,668,124,260,72,704,698,697,293,700,672,337,437,297,479,194,46,252,649,314,339,494,550,122,226,709,522,261,564,225,309,232,11,358,647,99,256,86,512,264,117,405,396,306,389,278,459,634,375,153,298,222,530,617,266,536,390,598,381,81,215,574,478,16,346,30,503,500,93,745,276,248,103,641,665,299,27,385,259,677,17,100,643,688,211,420,554,84,251,296,274,374,639,490,395,376,383,20,195,137,352,242,234,466,85,80,354,272,467,378,527,366,703,477,456,590,66,94,183,8,567,471,603,749,258,720,324,64,628,359,476,31,585,519,557,353,163,501,207,342,619,516,141,551,449,325,111,69,408,652,171,12,187,224,683,323,723,724,218,573,568,612,705,290,502,249,233,525,53,92,368,443,451,715,119,44,3,587,626,340,152,159,305,254,486,638,377,280,515,129,73,410,263,447,157,35,189,667,633,716,97,727,360,387,472,186,734,336,29,294,147,691,572,321,292,345,10,349,547,524,156,273,629,109,221,450,729,365,291,394,98,240,338,714,401,497,675,143,398,65,237,295,257,311,289,288,496,520,484,177,444,71,686,632,51,0,231,227,735,142,440,687,286,556,441,737,555,553,636,236,154,210,625,332,79,563,699,605,469,243,695,630,648,562,246,68,411,599,301,406,48,581,644,380,198,1,284,640,426,133,300,59,277,565,439,146,608,488,561,114,475,304,202,674,741,454,473,722,151,505,546,329,87,616,262,702,721,32,579,399,659,623,2,470,184,596,164,576,330,145,302,658,434,448,545,371,397,662,409,597,350,586,125,24,653,101,601,181,275,403,303,508,75,204,25,89,678,238,582,144,407,269,127,393,382,663,55,108,132,400,507,620,370,593,149,594,172,170,493,45,535,102,610,657,732,220,203,319,442,681,575,624,39,23,713,425,646,712,453,428,542,690,655,268,673,733,255,355,356,514,50,
42,23.37476372718811,173122.65411248314,170680.90143799793,661,190,438,247,592,474,115,386,694,489,402,271,199,134,174,384,61,245,282,532,327,642,26,746,131,43,279,223,351,112,457,165,169,176,106,631,57,317,731,121,529,566,52,544,436,651,584,510,717,209,19,182,70,344,191,313,315,588,188,318,483,348,615,22,265,560,531,7,4,523,287,168,637,185,56,139,38,689,120,583,692,76,577,491,33,308,413,62,180,570,334,707,42,9,197,150,166,363,708,485,650,316,91,541,18,326,90,110,281,41,179,40,328,654,569,680,558,606,595,333,533,693,96,521,725,239,74,283,481,513,135,201,511,430,13,155,538,539,216,706,526,192,126,423,419,412,270,34,465,540,235,422,468,518,212,15,310,250,578,77,618,123,36,740,492,635,611,676,435,357,432,710,415,711,747,205,604,404,666,175,482,307,28,343,116,701,82,679,88,739,193,726,498,429,208,589,14,60,160,738,148,696,331,730,684,105,214,391,458,670,140,480,446,130,622,736,685,200,362,37,431,335,718,591,95,104,54,600,463,664,138,571,487,621,418,285,461,228,379,136,580,548,537,113,506,552,213,614,369,543,528,173,341,167,347,462,253,107,83,414,267,118,748,47,128,388,63,744,559,21,682,495,645,656,549,509,364,627,162,719,609,613,58,504,671,517,660,607,602,445,743,244,178,499,312,206,433,78,416,460,728,217,464,322,669,392,367,421,230,373,161,427,534,455,372,49,219,361,67,417,320,6,241,424,158,229,452,742,5,196,668,124,260,72,704,698,697,293,700,672,337,437,297,479,194,46,252,649,314,339,494,550,122,226,709,522,261,564,225,309,232,11,358,647,99,256,86,512,264,117,405,396,306,389,278,459,634,375,153,298,222,530,617,266,536,390,598,381,81,215,574,478,16,346,30,503,500,93,745,276,248,103,641,665,299,27,385,259,677,17,100,643,688,211,420,554,84,251,296,274,374,639,490,395,376,383,20,195,137,352,242,234,466,85,80,354,272,467,378,527,366,703,477,456,590,66,94,183,8,567,471,603,749,258,720,324,64,628,359,476,31,585,519,557,353,163,501,207,342,619,516,141,551,449,325,111,69,408,652,171,12,187,224,683,323,723,724,218,573,568,612,705,290,502,249,233,525,53,92,368,443,451,715,119,44,3,587,626,340,152,159,305,254,486,638,377,280,515,129,73,410,263,447,157,35,189,667,633,716,97,727,360,387,472,186,734,336,29,294,147,691,572,321,292,345,10,349,547,524,156,273,629,109,221,450,729,365,291,394,98,240,338,714,401,497,675,143,398,65,237,295,257,311,289,288,496,520,484,177,444,71,686,632,51,0,231,227,735,142,440,687,286,556,441,737,555,625,332,79,553,636,236,154,210,563,699,605,469,243,695,630,648,562,246,68,411,599,301,406,48,581,644,380,198,1,284,640,426,133,300,59,277,565,439,146,608,488,561,114,475,304,202,674,741,454,473,722,151,505,546,329,87,616,262,702,721,32,579,399,659,623,2,470,184,596,164,576,330,145,302,658,434,448,545,371,397,662,409,597,350,586,125,24,653,101,601,181,275,403,303,508,75,204,25,89,678,238,582,144,407,269,127,393,382,663,55,108,132,400,507,620,370,593,149,594,172,170,493,45,535,102,610,657,732,220,203,319,442,681,575,624,39,23,713,425,646,712,453,428,542,690,655,268,673,733,255,355,356,514,50,
43,23.76854419708252,173197.04408590123,170522.1424248587,661,190,438,247,592,474,115,386,694,489,402,271,199,134,174,384,61,245,282,532,327,642,26,746,131,43,279,223,351,112,457,165,169,176,106,631,57,317,731,121,529,566,52,544,436,651,584,510,717,209,19,182,70,344,191,313,315,588,188,318,483,348,615,22,265,560,531,7,4,523,287,168,637,185,56,139,38,689,120,583,692,76,577,491,33,308,413,62,180,570,334,707,42,9,197,150,166,363,708,485,650,316,91,541,18,326,90,110,281,41,179,40,328,654,569,680,558,606,595,333,533,693,96,521,725,239,74,283,481,513,135,201,511,430,13,155,538,539,216,706,526,192,126,423,419,412,270,34,465,540,235,422,468,518,212,15,310,250,578,77,618,123,36,740,492,635,611,676,435,357,432,710,415,711,747,205,604,404,666,175,482,307,28,343,116,701,82,679,88,739,193,726,498,429,208,589,14,60,160,738,148,696,331,730,684,105,214,391,458,670,140,480,446,130,622,736,685,200,362,37,431,335,718,591,95,104,54,600,463,664,138,571,487,621,418,285,461,228,379,136,580,548,537,113,506,552,213,614,369,543,528,173,341,167,347,462,253,107,83,414,267,118,748,47,128,388,63,744,559,21,682,495,645,656,549,509,364,627,162,719,609,613,58,504,671,517,660,607,602,445,743,244,178,499,312,206,433,78,416,460,728,217,464,322,669,392,367,421,230,373,161,427,534,455,372,49,219,361,67,417,320,6,241,424,158,229,452,742,5,196,668,124,260,72,704,698,697,293,700,337,437,297,479,194,46,252,649,314,339,494,550,122,226,709,522,261,564,225,309,232,11,358,647,99,256,86,512,264,117,405,396,306,389,278,459,634,375,153,298,222,530,617,266,536,390,598,381,81,215,574,478,16,346,30,503,500,93,745,276,248,103,641,665,299,27,385,259,677,17,100,643,688,211,420,554,84,251,296,274,374,639,490,395,376,383,20,195,137,672,352,242,234,466,85,80,354,272,467,378,527,366,703,477,456,590,66,94,183,8,567,471,603,749,258,720,324,64,628,359,476,31,585,519,557,353,163,501,207,342,619,516,141,551,449,325,111,69,408,652,171,12,187,224,683,323,723,724,218,573,568,612,705,290,502,249,233,525,53,92,368,443,451,715,119,44,3,587,626,340,152,159,305,254,486,638,377,280,515,129,73,410,263,447,157,35,189,667,633,716,97,727,360,387,472,186,734,336,29,294,147,691,572,321,292,345,10,349,547,524,156,273,629,109,221,450,729,365,291,394,98,240,338,714,401,497,675,143,398,65,237,295,257,311,289,288,496,520,484,177,444,71,686,632,51,0,231,227,735,142,440,687,286,556,441,737,555,625,332,79,553,636,236,154,210,563,699,605,469,243,695,630,648,562,246,68,411,599,301,406,48,581,644,380,198,1,284,640,426,133,300,59,277,565,439,146,608,488,561,114,475,304,202,674,741,454,473,722,151,505,546,329,87,616,262,702,721,32,579,399,659,623,2,470,184,596,164,576,330,145,302,658,434,448,545,371,397,662,409,597,350,586,125,24,653,101,601,181,275,403,303,508,75,204,25,89,678,238,582,144,407,269,127,393,382,663,55,108,132,400,507,620,370,593,149,594,172,170,493,45,535,102,610,657,732,220,203,319,442,681,575,624,39,23,713,425,646,712,453,428,542,690,655,268,673,733,255,355,356,514,50,
44,24.14367151260376,173184.70798039818,170364.21540309774,661,190,438,247,592,474,115,386,694,489,402,271,199,134,174,384,61,245,282,532,327,642,26,746,131,43,279,223,351,112,457,165,169,176,106,631,57,317,731,121,529,566,52,544,436,651,584,510,717,209,19,182,70,344,191,313,315,588,188,318,483,348,615,22,265,560,531,7,4,523,287,168,637,185,56,139,38,689,120,583,692,76,577,491,33,308,413,62,180,570,334,707,42,9,197,150,166,363,708,485,650,316,91,541,18,326,90,110,281,41,179,40,328,654,569,680,558,606,595,333,533,693,96,521,725,239,74,283,481,513,135,201,511,430,13,155,538,539,216,706,526,192,126,423,419,412,270,34,465,540,235,422,468,518,212,15,310,250,578,77,618,123,36,740,492,635,611,676,435,357,432,710,415,711,747,205,604,404,666,175,482,307,28,343,116,701,82,679,88,739,193,726,498,429,208,589,14,60,160,738,148,696,331,730,684,105,214,391,458,670,140,480,446,130,622,736,685,200,362,37,431,335,718,591,95,104,54,600,463,664,138,571,487,621,418,285,461,228,379,136,580,548,537,113,506,552,213,614,369,543,528,173,341,167,347,462,253,107,83,414,267,118,748,47,128,388,63,744,559,21,682,495,645,656,549,509,364,627,162,719,609,613,58,504,671,517,660,607,602,445,743,244,178,499,312,206,433,78,416,460,728,217,464,322,669,392,230,373,161,427,534,455,372,49,219,361,67,417,320,6,241,424,158,229,452,742,5,196,668,124,260,72,704,698,697,293,700,337,437,297,479,194,46,252,649,314,339,494,550,122,226,709,522,261,564,225,309,232,11,358,647,99,256,86,512,264,117,405,396,306,389,278,459,634,375,153,298,222,530,617,266,536,390,598,381,81,215,574,478,16,346,367,421,30,503,500,93,745,276,248,103,641,665,299,27,385,259,677,17,100,643,688,211,420,554,84,251,296,274,374,639,490,395,376,383,20,195,137,672,352,242,234,466,85,80,354,272,467,378,527,366,703,477,456,590,66,94,183,8,567,471,603,749,258,720,324,64,628,359,476,31,585,519,557,353,163,501,207,342,619,516,141,551,449,325,111,69,408,652,171,12,187,224,683,323,723,724,218,573,568,612,705,290,502,249,233,525,53,92,368,443,451,715,119,44,3,587,626,340,152,159,305,254,486,638,377,280,515,129,73,410,263,447,157,35,189,667,633,716,97,727,360,387,472,186,734,336,29,294,147,691,572,321,292,345,10,349,547,524,156,273,629,109,221,450,729,365,291,394,98,240,338,714,401,497,675,143,398,65,237,295,257,311,289,288,496,520,484,177,444,71,686,632,51,0,231,227,735,142,440,687,286,556,441,737,555,625,332,79,553,636,236,154,210,563,699,605,469,243,695,630,648,562,246,68,411,599,301,406,48,581,644,380,198,1,284,640,426,133,300,59,277,565,439,146,608,488,561,114,475,304,202,674,741,454,473,722,151,505,546,329,87,616,262,702,721,32,579,399,659,623,2,470,184,596,164,576,330,145,302,658,434,448,545,371,397,662,409,597,350,586,125,24,653,101,601,181,275,403,303,508,75,204,25,89,678,238,582,144,407,269,127,393,382,663,55,108,132,400,507,620,370,593,149,594,172,170,493,45,535,102,610,657,732,220,203,319,442,681,575,624,39,23,713,425,646,712,453,428,542,690,655,268,673,733,255,355,356,514,50,
45,24.61446499824524,174117.97211751263,170216.14050409693,661,190,438,247,592,474,115,386,694,489,402,271,199,134,174,384,61,245,282,532,327,642,26,746,131,43,279,223,351,112,457,165,169,176,106,631,57,317,731,121,529,566,52,544,436,651,584,510,717,209,19,182,70,344,191,313,315,588,188,318,483,348,615,22,265,560,531,7,4,523,287,168,637,185,56,139,38,689,120,583,692,76,577,491,33,308,413,62,180,570,334,707,42,9,197,150,166,363,708,485,650,316,91,541,18,326,90,110,281,41,179,40,328,654,569,680,558,606,595,333,533,693,96,521,725,239,74,283,481,513,135,201,511,430,13,155,538,539,216,706,526,192,126,423,419,412,270,34,465,540,235,422,468,518,212,15,310,250,578,77,618,123,36,740,492,635,611,676,435,357,432,710,415,711,747,205,604,404,666,175,482,307,28,343,116,701,82,679,88,739,193,726,498,429,208,589,14,60,160,738,148,696,331,730,684,105,214,391,458,670,140,480,446,130,622,736,685,200,362,37,431,335,718,591,95,104,54,600,463,664,138,571,487,621,418,285,461,228,379,136,580,548,537,113,506,552,213,614,369,543,528,173,341,167,347,462,253,107,83,414,267,118,748,47,128,388,63,744,559,21,682,495,645,656,549,509,364,627,162,719,609,613,58,504,671,517,660,607,602,445,743,244,178,499,312,206,433,78,416,460,728,217,464,322,669,392,230,373,161,427,534,455,372,49,219,361,67,417,320,6,241,424,158,229,452,742,5,196,668,124,260,72,704,698,697,293,700,337,437,297,479,194,46,252,649,314,339,494,550,122,226,709,522,261,564,225,309,232,11,358,647,99,256,86,512,264,117,405,396,306,389,278,459,634,375,153,298,222,530,617,266,536,390,598,381,81,215,574,478,16,346,367,421,30,503,500,93,745,276,248,103,641,665,299,27,385,259,677,17,100,643,688,211,420,554,84,251,296,274,374,639,490,395,376,383,20,195,137,672,352,242,234,466,85,80,354,272,467,378,527,366,703,477,456,590,66,94,183,8,567,471,603,749,258,720,324,64,628,359,476,31,585,519,557,353,163,501,207,342,619,516,141,551,449,325,111,69,408,652,171,12,187,224,683,323,723,724,218,573,568,612,705,290,502,249,233,525,53,92,368,443,451,715,119,44,3,587,626,340,152,159,305,254,486,638,377,280,515,129,73,410,263,447,157,35,189,667,633,716,97,727,360,387,472,186,734,336,29,294,147,691,572,321,292,345,10,349,547,524,156,273,629,109,221,450,729,365,291,394,98,240,338,714,401,497,675,143,398,65,237,295,257,311,289,288,496,520,484,177,444,71,686,632,51,0,231,227,735,142,440,687,286,556,441,737,555,625,332,79,553,636,236,154,210,563,699,605,469,243,695,630,648,562,246,68,411,599,301,406,48,581,644,380,198,1,284,640,426,133,300,59,277,565,439,146,608,488,561,114,475,304,202,674,741,454,473,722,151,505,546,329,87,616,262,702,721,32,579,399,659,623,2,470,184,596,164,576,330,145,302,658,434,448,545,371,397,662,409,597,350,586,125,24,653,101,601,181,275,508,75,204,403,303,25,89,678,238,582,144,407,269,127,393,382,663,55,108,132,400,507,620,370,593,149,594,172,170,493,45,535,102,610,657,732,220,203,319,442,681,575,624,39,23,713,425,646,712,453,428,542,690,655,268,673,733,255,355,356,514,50,
46,24.994155645370483,175246.590775433,170083.9976402026,661,190,438,247,592,474,115,386,694,489,402,271,199,134,174,384,61,245,282,532,327,642,26,746,131,43,279,223,351,112,457,165,169,176,106,631,57,317,731,121,529,566,52,544,436,651,584,510,717,209,19,182,70,344,191,313,315,588,188,318,483,348,615,22,265,560,531,7,4,523,287,168,637,185,56,139,38,689,120,583,692,76,577,491,33,308,413,62,180,570,334,707,42,9,197,150,166,363,708,485,650,316,91,541,18,326,90,110,281,41,179,40,328,654,569,680,558,606,595,333,533,693,96,521,725,239,74,283,481,513,135,201,511,430,13,155,538,539,216,706,526,192,126,423,419,412,270,34,465,540,235,422,468,518,212,15,310,250,578,77,618,123,36,740,492,635,611,676,435,357,432,710,415,711,747,205,604,404,666,175,482,307,28,343,116,701,82,679,88,739,193,726,498,429,208,589,14,60,160,738,148,696,331,730,684,105,214,391,458,670,140,480,446,130,622,736,685,200,362,37,431,335,718,591,95,104,54,600,463,664,138,571,487,621,418,285,461,228,379,136,580,548,537,113,506,552,213,614,369,543,528,173,341,167,347,462,253,107,83,414,267,118,748,47,128,388,63,744,559,21,682,495,645,656,549,509,364,627,162,719,609,613,58,504,671,517,660,607,602,445,743,244,178,499,312,206,433,78,416,460,728,217,464,322,669,392,230,373,161,427,534,455,372,49,219,361,67,417,320,6,241,424,158,229,452,742,5,196,668,124,260,72,704,698,697,293,700,337,437,297,479,194,252,649,314,339,46,494,550,122,226,709,522,261,564,225,309,232,11,358,647,99,256,86,512,264,117,405,396,306,389,278,459,634,375,153,298,222,530,617,266,536,390,598,381,81,215,574,478,16,346,367,421,30,503,500,93,745,276,248,103,641,665,299,27,385,259,677,17,100,643,688,211,420,554,84,251,296,274,374,639,490,395,376,383,20,195,137,672,352,242,234,466,85,80,354,272,467,378,527,366,703,477,456,590,66,94,183,8,567,471,603,749,258,720,324,64,628,359,476,31,585,519,557,353,163,501,207,342,619,516,141,551,449,325,111,69,408,652,171,12,187,224,683,323,723,724,218,573,568,612,705,290,502,249,233,525,53,92,368,443,451,715,119,44,3,587,626,340,152,159,305,254,486,638,377,280,515,129,73,410,263,447,157,35,189,667,633,716,97,727,360,387,472,186,734,336,29,294,147,691,572,321,292,345,10,349,547,524,156,273,629,109,221,450,729,365,291,394,98,240,338,714,401,497,675,143,398,65,237,295,257,311,289,288,496,520,484,177,444,71,686,632,51,0,231,227,735,142,440,687,286,556,441,737,555,625,332,79,553,636,236,154,210,563,699,605,469,243,695,630,648,562,246,68,411,599,301,406,48,581,644,380,198,1,284,640,426,133,300,59,277,565,439,146,608,488,561,114,475,304,202,674,741,454,473,722,151,505,546,329,87,616,262,702,721,32,579,399,659,623,2,470,184,596,164,576,330,145,302,658,434,448,545,371,397,662,409,597,350,586,125,24,653,101,601,181,275,508,75,204,403,303,25,89,678,238,582,144,407,269,127,393,382,663,55,108,132,400,507,620,370,593,149,594,172,170,493,45,535,102,610,657,732,220,203,319,442,681,575,624,39,23,713,425,646,712,453,428,542,690,655,268,673,733,255,355,356,514,50,
47,25.405016660690308,173520.55322419506,169957.4983280413,661,190,438,247,592,474,115,386,694,489,402,271,199,134,174,384,61,245,282,532,327,642,26,746,131,43,279,223,351,112,457,165,169,176,106,631,57,317,731,446,130,622,736,685,200,362,121,529,566,52,544,436,651,584,510,717,209,19,182,70,344,191,313,315,588,188,318,483,348,615,22,265,560,531,7,4,523,287,168,637,185,56,139,38,689,120,583,692,76,577,491,33,308,413,62,180,570,334,707,42,9,197,150,166,363,708,485,650,316,91,541,18,326,90,110,281,41,179,40,328,654,569,680,558,606,595,333,533,693,96,521,725,239,74,283,481,513,135,201,511,430,13,155,538,539,216,706,526,192,126,423,419,412,270,34,465,540,235,422,468,518,212,15,310,250,578,77,618,123,36,740,492,635,611,676,435,357,432,710,415,711,747,205,604,404,666,175,482,307,28,343,116,701,82,679,88,739,193,726,498,429,208,589,14,60,160,738,148,696,331,730,684,105,214,391,458,670,140,480,37,431,335,718,591,95,104,54,600,463,664,138,571,487,621,418,285,461,228,379,136,580,548,537,113,506,552,213,614,369,543,528,173,341,167,347,462,253,107,83,414,267,118,748,47,128,388,63,744,559,21,682,495,645,656,549,509,364,627,162,719,609,613,58,504,671,517,660,607,602,445,743,244,178,499,312,206,433,78,416,460,728,217,464,322,669,392,230,373,161,427,534,455,372,49,219,361,67,417,320,6,241,424,158,229,452,742,5,196,668,124,260,72,704,698,697,293,700,337,437,297,479,194,252,649,314,339,46,494,550,122,226,709,522,261,564,225,309,232,11,358,647,99,256,86,512,264,117,405,396,306,389,278,459,634,375,153,298,222,530,617,266,536,390,598,381,81,215,574,478,16,346,367,421,30,503,500,93,745,276,248,103,641,665,299,27,385,259,677,17,100,643,688,211,420,554,84,251,296,274,374,639,490,395,376,383,20,195,137,672,352,242,234,466,85,80,354,272,467,378,527,366,703,477,456,590,66,94,183,8,567,471,603,749,258,720,324,64,628,359,476,31,585,519,557,353,163,501,207,342,619,516,141,551,449,325,111,69,408,652,171,12,187,224,683,323,723,724,218,573,568,612,705,290,502,249,233,525,53,92,368,443,451,715,119,44,3,587,626,340,152,159,305,254,486,638,377,280,515,129,73,410,263,447,157,35,189,667,633,716,97,727,360,387,472,186,734,336,29,294,147,691,572,321,292,345,10,349,547,524,156,273,629,109,221,450,729,365,291,394,98,240,338,714,401,497,675,143,398,65,237,295,257,311,289,288,496,520,484,177,444,71,686,632,51,0,231,227,735,142,440,687,286,556,441,737,555,625,332,79,553,636,236,154,210,563,699,605,469,243,695,630,648,562,246,68,411,599,301,406,48,581,644,380,198,1,284,640,426,133,300,59,277,565,439,146,608,488,561,114,475,304,202,674,741,454,473,722,151,505,546,329,87,616,262,702,721,32,579,399,659,623,2,470,184,596,164,576,330,145,302,658,434,448,545,371,397,662,409,597,350,586,125,24,653,101,601,181,275,508,75,204,403,303,25,89,678,238,582,144,407,269,127,393,382,663,55,108,132,400,507,620,370,593,149,594,172,170,493,45,535,102,610,657,732,220,203,319,442,681,575,624,39,23,713,425,646,712,453,428,542,690,655,268,673,733,255,355,356,514,50,
48,25.816630601882935,173168.71123120876,169832.46800098664,661,190,438,247,592,474,115,386,694,489,402,271,199,134,174,384,61,245,282,532,327,642,26,746,131,43,279,223,351,112,457,165,169,176,106,631,57,317,731,446,130,622,736,685,200,362,121,529,566,52,544,436,651,584,510,717,209,19,182,70,344,191,313,315,588,188,318,483,348,615,22,265,560,531,7,4,523,287,168,637,185,56,139,38,689,120,583,692,76,577,491,33,308,413,62,180,570,334,707,42,9,197,150,166,363,708,485,650,316,91,541,18,326,90,110,281,41,179,40,328,654,569,680,558,606,595,333,533,693,96,521,725,239,74,283,481,513,135,201,511,430,13,155,538,539,216,706,526,192,126,423,419,412,270,34,465,540,235,422,468,518,212,15,310,250,578,77,618,123,36,740,492,635,611,676,435,357,432,710,415,711,747,205,604,404,666,175,482,307,28,343,116,701,82,679,88,739,193,726,498,429,208,589,14,60,160,738,148,696,331,730,684,105,214,391,458,670,140,480,37,431,335,718,591,95,104,54,600,463,664,138,571,487,621,418,285,461,228,379,136,580,548,537,113,506,552,213,614,369,543,528,173,341,167,347,462,253,107,83,414,267,118,748,47,128,388,63,744,559,21,682,495,645,656,549,509,364,627,162,719,609,613,58,504,671,517,660,607,602,445,743,244,178,499,312,206,433,78,416,460,728,217,464,322,669,392,230,373,161,427,534,455,372,49,219,361,67,417,320,6,241,424,158,229,452,742,5,196,668,124,260,72,704,698,697,293,700,337,437,297,479,194,252,649,314,339,46,494,550,122,226,709,522,261,564,225,309,232,11,358,647,99,256,86,512,264,117,405,396,306,389,278,459,634,375,153,298,222,530,617,266,536,390,598,381,81,215,574,478,16,346,367,421,30,503,500,93,745,276,248,103,641,665,299,27,385,259,677,17,100,643,688,211,420,554,84,251,296,274,374,639,490,395,376,383,20,195,137,672,352,242,234,466,85,80,354,272,467,378,527,366,703,477,456,590,66,94,183,603,8,567,471,749,258,720,324,64,628,359,476,31,585,519,557,353,163,501,207,342,619,516,141,551,449,325,111,69,408,652,171,12,187,224,683,323,723,724,218,573,568,612,705,290,502,249,233,525,53,92,368,443,451,715,119,44,3,587,626,340,152,159,305,254,486,638,377,280,515,129,73,410,263,447,157,35,189,667,633,716,97,727,360,387,472,186,734,336,29,294,147,691,572,321,292,345,10,349,547,524,156,273,629,109,221,450,729,365,291,394,98,240,338,714,401,497,675,143,398,65,237,295,257,311,289,288,496,520,484,177,444,71,686,632,51,0,231,227,735,142,440,687,286,556,441,737,555,625,332,79,553,636,236,154,210,563,699,605,469,243,695,630,648,562,246,68,411,599,301,406,48,581,644,380,198,1,284,640,426,133,300,59,277,565,439,146,608,488,561,114,475,304,202,674,741,454,473,722,151,505,546,329,87,616,262,702,721,32,579,399,659,623,2,470,184,596,164,576,330,145,302,658,434,448,545,371,397,662,409,597,350,586,125,24,653,101,601,181,275,508,75,204,403,303,25,89,678,238,582,144,407,269,127,393,382,663,55,108,132,400,507,620,370,593,149,594,172,170,493,45,535,102,610,657,732,220,203,319,442,681,575,624,39,23,713,425,646,712,453,428,542,690,655,268,673,733,255,355,356,514,50,
49,26.277683973312378,172417.4563424295,169657.38178586974,523,287,168,637,185,56,139,38,689,120,583,692,76,577,491,33,308,413,62,180,570,334,707,42,9,197,150,166,363,708,485,650,316,91,541,18,326,90,110,281,41,179,40,328,654,569,680,558,606,595,333,533,693,96,521,725,239,74,283,481,513,135,201,511,430,13,155,538,539,216,706,526,192,126,423,419,412,270,34,465,540,235,422,468,518,212,15,310,250,578,77,618,123,36,740,492,635,611,676,435,357,432,710,415,711,747,205,604,404,666,175,482,307,28,343,116,701,82,679,88,739,193,726,498,429,208,589,14,60,160,738,148,696,331,730,684,105,214,391,458,670,140,480,446,130,622,736,685,200,362,37,431,335,718,591,95,104,54,600,463,664,138,571,487,621,418,285,461,228,379,136,580,548,537,113,506,552,213,614,369,543,528,173,341,167,347,462,83,414,267,118,748,47,128,388,63,744,559,21,682,495,645,656,549,509,364,627,162,719,609,613,58,504,671,517,660,607,602,445,743,244,178,499,312,206,433,78,416,460,728,217,464,322,669,392,230,373,161,427,534,455,372,49,219,361,67,417,320,6,241,424,158,229,452,742,5,196,668,124,260,72,704,698,697,293,700,337,437,297,479,194,46,252,649,314,339,494,550,122,226,709,522,261,564,225,309,232,11,358,647,99,256,86,512,264,117,405,396,306,389,278,459,634,375,153,298,222,530,617,266,536,390,598,381,81,215,574,478,16,346,367,421,30,503,500,93,745,276,248,103,641,665,299,27,385,259,677,17,100,643,688,211,420,554,84,251,296,274,374,639,490,395,376,383,20,195,137,672,352,234,242,85,466,712,453,80,354,272,467,378,527,366,703,477,456,590,66,94,183,8,567,471,603,749,258,720,324,64,628,359,476,31,585,519,557,353,163,501,207,342,619,516,141,551,449,325,111,69,408,652,171,12,187,224,683,323,723,724,218,573,568,612,705,290,502,249,746,131,43,279,223,351,112,457,233,525,169,165,53,92,368,443,451,715,119,44,3,587,626,340,152,159,305,254,486,638,377,280,428,515,129,73,410,263,447,157,35,189,667,633,716,97,727,360,387,472,186,734,336,29,294,147,691,572,321,292,345,10,349,547,524,156,273,629,109,221,450,729,365,291,394,98,240,338,714,401,497,675,143,398,65,237,295,257,311,289,288,496,520,484,177,444,71,686,632,51,0,231,227,735,142,440,687,286,556,441,737,555,553,636,236,154,210,625,332,79,563,699,605,469,243,695,630,648,562,246,68,411,599,301,406,48,581,644,380,198,1,284,640,426,133,300,59,277,565,439,146,608,488,561,114,475,304,202,674,741,454,473,722,151,505,546,329,87,616,262,702,721,32,579,399,659,623,2,470,184,596,164,576,330,145,302,658,434,448,545,371,397,662,409,597,350,586,125,24,653,101,601,181,275,403,303,508,75,204,25,89,678,238,582,144,407,269,127,393,382,663,55,108,132,400,507,620,370,593,149,594,172,170,493,45,535,102,610,657,732,220,319,203,442,681,575,624,39,23,713,425,646,690,655,268,673,542,733,255,355,356,514,50,661,190,438,247,592,474,115,386,694,489,402,271,199,134,174,384,61,245,282,532,327,642,26,176,106,631,57,317,731,121,529,566,52,544,436,651,584,510,717,209,253,107,19,182,70,344,191,313,315,588,188,318,483,348,615,22,265,560,531,7,4,
50,26.66293430328369,172784.23748403543,168923.55603250797,661,190,438,247,592,474,115,386,694,489,402,271,199,134,174,384,61,245,282,532,327,642,26,746,131,43,279,223,351,112,457,165,169,176,106,631,57,317,731,446,130,622,736,685,200,362,121,529,566,52,544,436,651,584,510,717,209,19,182,70,344,191,313,315,588,188,318,483,348,615,22,265,560,531,7,4,523,287,168,637,185,56,139,38,689,120,583,692,76,577,491,33,308,413,62,180,570,334,707,42,9,197,150,166,363,708,485,650,316,91,541,18,326,90,110,281,41,179,40,328,654,569,680,558,606,595,333,533,693,96,521,725,239,74,283,481,513,135,201,511,430,13,155,538,539,216,706,526,192,126,423,419,412,270,34,465,540,235,422,468,518,212,15,310,250,578,77,618,123,36,740,492,635,611,676,435,357,432,710,415,711,747,205,604,404,666,175,482,307,28,343,116,701,82,679,88,739,193,726,498,429,208,589,14,60,160,738,148,696,331,730,684,105,214,391,458,670,140,480,37,431,335,718,591,95,104,54,600,463,664,138,571,487,621,418,285,461,228,379,136,580,548,537,113,506,552,213,614,369,543,528,173,341,167,347,462,253,107,83,414,267,118,748,47,128,388,63,744,559,21,682,495,645,656,549,509,364,627,162,719,609,613,58,504,671,517,660,607,602,445,743,244,178,499,312,206,433,78,416,460,728,217,464,322,669,392,230,373,161,427,534,455,372,293,697,137,672,352,700,337,437,297,479,194,252,649,314,339,46,494,550,122,226,709,522,261,564,225,309,232,11,358,647,99,256,86,512,264,117,405,396,306,389,278,459,634,375,153,298,222,530,617,266,536,390,598,381,81,215,574,478,16,346,367,421,30,503,500,93,745,276,248,103,641,665,299,27,385,259,677,17,100,643,688,211,420,554,84,251,296,274,374,639,490,395,376,383,20,195,49,219,361,67,417,320,6,241,424,158,229,452,742,5,196,668,124,260,72,704,698,242,234,466,85,80,354,272,467,378,527,366,703,477,456,590,66,94,183,603,8,567,471,749,258,720,324,64,628,359,476,31,585,519,557,353,163,501,207,342,619,516,141,551,449,325,111,69,408,652,171,12,187,224,683,323,723,724,218,573,568,612,705,290,502,249,233,525,53,92,368,443,451,715,119,44,3,587,626,340,152,159,305,254,486,638,377,280,515,129,73,410,263,447,157,35,189,667,633,716,97,727,360,387,472,186,734,336,29,294,147,691,572,321,292,345,10,349,547,524,156,273,629,109,221,450,729,365,291,394,98,240,338,714,401,497,675,143,398,65,237,295,257,311,289,288,496,520,484,177,444,71,686,632,51,0,231,227,735,142,440,687,286,556,441,737,555,625,332,79,553,636,236,154,210,563,699,605,469,243,695,630,648,562,246,68,411,599,301,406,48,581,644,380,198,1,284,640,426,133,300,59,277,565,439,146,608,488,561,114,475,304,202,674,741,454,473,722,151,505,546,329,87,616,262,702,721,32,579,399,659,623,2,470,184,596,164,576,330,145,302,658,434,448,545,371,397,662,409,597,350,586,125,24,653,101,601,181,275,508,75,204,403,303,25,89,678,238,582,144,407,269,127,393,382,663,55,108,132,400,507,620,370,593,149,594,172,170,493,45,535,102,610,657,732,220,203,319,442,681,575,624,39,23,713,425,646,712,453,428,542,690,655,268,673,733,255,355,356,514,50,
51,27.08256220817566,172255.16475769356,168732.70919036117,661,190,438,247,592,474,115,386,694,489,402,271,199,134,174,384,61,245,282,532,327,642,26,746,131,43,279,223,351,112,457,165,169,176,106,631,57,317,731,446,130,622,736,685,200,362,121,529,566,52,544,436,651,584,510,717,209,19,182,70,344,191,313,315,588,188,318,483,348,615,22,265,560,531,7,4,523,287,168,637,185,56,139,38,689,120,583,692,76,577,491,33,308,413,62,180,570,334,707,42,9,197,150,166,363,708,485,650,316,91,541,18,326,90,110,281,41,179,40,328,654,569,680,558,606,595,333,533,693,96,521,725,239,74,283,481,513,135,201,511,430,13,155,538,539,216,706,526,192,126,423,419,412,270,34,465,540,235,422,468,518,212,15,310,250,578,77,618,123,36,740,492,635,611,676,435,357,432,710,415,711,747,205,604,404,666,175,482,307,28,343,116,701,82,679,88,739,193,726,498,429,208,589,14,60,160,738,148,696,331,730,684,105,214,391,458,670,140,480,37,431,335,718,591,95,104,54,600,463,664,138,571,487,621,418,285,461,228,379,136,580,548,537,113,506,552,213,614,369,543,528,173,341,167,347,462,253,107,83,414,267,118,748,47,128,388,63,744,559,21,682,495,645,656,549,509,364,627,162,719,609,613,58,504,671,517,660,607,602,445,743,244,178,499,312,206,433,78,416,460,728,217,464,322,669,392,230,373,161,427,534,455,372,137,293,697,672,352,700,337,437,297,479,194,252,649,314,339,46,494,550,122,226,709,522,261,564,225,309,232,11,358,647,99,256,86,512,264,117,405,396,306,389,278,459,634,375,153,298,222,530,617,266,536,390,598,381,81,215,574,478,16,346,367,421,30,503,500,93,745,276,248,103,641,665,299,27,385,259,677,17,100,643,688,211,420,554,84,251,296,274,374,639,490,395,376,383,20,195,49,219,361,67,417,320,6,241,424,158,229,452,742,5,196,668,124,260,72,704,698,242,234,466,85,80,354,272,467,378,527,366,703,477,456,590,66,94,183,603,8,567,471,749,258,720,324,64,628,359,476,31,585,519,557,353,163,501,207,342,619,516,141,551,449,325,111,69,408,652,171,12,187,224,683,323,723,724,218,573,568,612,705,290,502,249,233,525,53,92,368,443,451,715,119,44,3,587,626,340,152,159,305,254,486,638,377,280,515,129,73,410,263,447,157,35,189,667,633,716,97,727,360,387,472,186,734,336,29,294,147,691,572,321,292,345,10,349,547,524,156,273,629,109,221,450,729,365,291,394,98,240,338,714,401,497,675,143,398,65,237,295,257,311,289,288,496,520,484,177,444,71,686,632,51,0,231,227,735,142,440,687,286,556,441,737,555,625,332,79,553,636,236,154,210,563,699,605,469,243,695,630,648,562,246,68,411,599,301,406,48,581,644,380,198,1,284,640,426,133,300,59,277,565,439,146,608,488,561,114,475,304,202,674,741,454,473,722,151,505,546,329,87,616,262,702,721,32,579,399,659,623,2,470,184,596,164,576,330,145,302,658,434,448,545,371,397,662,409,597,350,586,125,24,653,101,601,181,275,508,75,204,403,303,25,89,678,238,582,144,407,269,127,393,382,663,55,108,132,400,507,620,370,593,149,594,172,170,493,45,535,102,610,657,732,220,203,319,442,681,575,624,39,23,713,425,646,712,453,428,542,690,655,268,673,733,255,355,356,514,50,
52,27.52200984954834,172581.56113969363,168619.50352099433,661,190,438,247,592,474,115,386,694,489,402,271,199,134,174,384,61,245,282,532,327,642,26,746,131,43,279,223,351,112,457,165,169,176,106,631,57,317,731,446,130,622,736,685,200,362,121,529,566,52,544,436,651,584,510,717,209,19,182,70,344,191,313,315,588,188,318,483,348,615,22,265,560,531,7,4,523,287,168,637,185,56,139,38,689,120,583,692,76,577,491,33,308,413,62,180,570,334,707,42,9,197,150,166,363,708,485,650,316,91,541,18,326,90,110,281,41,179,40,328,654,569,680,558,606,595,333,533,693,96,521,725,239,74,283,481,513,135,201,511,430,13,155,538,539,216,706,526,192,126,423,419,412,270,34,465,540,235,422,468,518,212,15,310,250,578,77,618,123,36,740,492,635,611,676,435,357,432,710,415,711,747,205,604,404,666,175,482,307,28,343,116,701,82,679,88,739,193,726,498,429,208,589,14,60,160,738,148,696,331,730,684,105,214,391,458,670,140,480,37,431,335,718,591,95,104,54,600,463,664,138,571,487,621,418,285,461,228,379,136,580,548,537,113,506,552,213,614,369,543,528,173,341,167,347,462,253,107,83,414,267,118,748,47,128,388,63,744,559,21,682,495,645,656,549,509,364,627,162,719,609,613,58,504,671,517,660,607,602,445,743,244,178,499,312,206,433,78,416,460,728,217,464,322,669,392,230,373,161,427,534,455,372,137,293,697,672,352,700,337,437,297,479,194,252,649,314,339,46,494,550,122,226,709,522,261,564,225,309,232,11,358,647,99,256,86,512,264,117,405,396,306,389,278,459,634,375,153,298,222,530,617,266,536,390,598,381,81,215,574,478,16,346,367,421,30,503,500,93,745,276,248,103,641,665,299,27,385,259,677,17,100,643,688,211,420,554,84,251,296,274,374,639,490,395,376,383,20,195,49,219,361,67,417,320,6,241,424,158,229,452,742,5,196,668,124,260,72,704,698,624,242,234,466,85,80,354,272,467,378,527,366,703,477,456,590,66,94,183,603,8,567,471,749,258,720,324,64,628,359,476,31,585,519,557,353,163,501,207,342,619,516,141,551,449,325,111,69,408,652,171,12,187,224,683,323,723,724,218,573,568,612,705,290,502,249,233,525,53,92,368,443,451,715,119,44,3,587,626,340,152,159,305,254,486,638,377,280,515,129,73,410,263,447,157,35,189,667,633,716,97,727,360,387,472,186,734,336,29,294,147,691,572,321,292,345,10,349,547,524,156,273,629,109,221,450,729,365,291,394,98,240,338,714,401,497,675,143,398,65,237,295,257,311,289,288,496,520,484,177,444,71,686,632,51,0,231,227,735,142,440,687,286,556,441,737,555,625,332,79,553,636,236,154,210,563,699,605,469,243,695,630,648,562,246,68,411,599,301,406,48,581,644,380,198,1,284,640,426,133,300,59,277,565,439,146,608,488,561,114,475,304,202,674,741,454,473,722,151,505,546,329,87,616,262,702,721,32,579,399,659,623,2,470,184,596,164,576,330,145,302,658,434,448,545,371,397,662,409,597,350,586,125,24,653,101,601,181,275,508,75,204,403,303,25,89,678,238,582,144,407,269,127,393,382,663,55,108,132,400,507,620,370,593,149,594,172,170,493,45,535,102,610,657,732,220,203,319,442,681,575,39,23,713,425,646,712,453,428,542,690,655,268,673,733,255,355,356,514,50,
53,27.967294692993164,inf,168516.70978214222,661,190,438,247,592,474,115,386,694,489,402,271,199,134,174,384,61,245,282,532,327,642,26,746,131,43,279,223,351,112,457,165,169,176,106,631,57,317,731,446,130,622,736,685,200,362,121,529,566,52,544,436,651,584,510,717,209,19,182,70,344,191,313,315,588,188,318,483,348,615,22,265,560,531,7,4,523,287,168,637,185,56,139,38,689,120,583,692,76,577,491,33,308,413,62,180,570,334,707,42,9,197,150,166,363,708,485,650,316,91,541,18,326,90,110,281,41,179,40,328,654,569,680,558,606,595,333,533,693,96,521,725,239,74,283,481,513,135,201,511,430,13,155,538,539,216,706,526,192,126,423,419,412,270,34,465,540,235,422,468,518,212,15,310,250,578,77,618,123,36,740,492,635,611,676,435,357,432,710,415,711,604,747,205,404,666,175,482,307,28,343,116,701,82,679,88,739,193,726,498,429,208,589,14,60,160,738,148,696,331,730,684,105,214,391,458,670,140,480,37,431,335,718,591,95,104,54,600,463,664,138,571,487,621,418,285,461,228,379,136,580,548,537,113,506,552,213,614,369,543,528,173,341,167,347,462,253,107,83,414,267,118,748,47,128,388,63,744,559,21,682,495,645,656,549,509,364,627,162,719,609,613,58,504,671,517,660,607,602,445,743,244,178,499,312,206,433,78,416,460,728,217,464,322,669,392,230,373,161,427,534,455,372,137,293,697,672,352,700,337,437,297,479,194,252,649,314,339,46,494,550,122,226,709,522,261,564,225,309,232,11,358,647,99,256,86,512,264,117,405,396,306,389,278,459,634,375,153,298,222,530,617,266,536,390,598,381,81,215,574,478,16,346,367,421,30,503,500,93,745,276,248,103,641,665,299,27,385,259,677,17,100,643,688,211,420,554,84,251,296,274,374,639,490,395,376,383,20,195,49,219,361,67,417,320,6,241,424,158,229,452,742,5,196,668,124,260,72,704,698,624,242,234,466,85,80,354,272,467,378,527,366,703,477,456,590,66,94,183,603,8,567,471,749,258,720,324,64,628,359,476,31,585,519,557,353,163,501,207,342,619,516,141,551,449,325,111,69,408,652,171,12,187,224,683,323,723,724,218,573,568,612,705,290,502,249,233,525,53,92,368,443,451,715,119,44,3,587,626,340,152,159,305,254,486,638,377,280,515,129,73,410,263,447,157,35,189,667,633,716,97,727,360,387,472,186,734,336,29,294,147,691,572,321,292,345,10,349,547,524,156,273,629,109,221,450,729,365,291,394,98,240,338,714,401,497,675,143,398,65,237,295,257,311,289,288,496,520,484,177,444,71,686,632,51,0,231,227,735,142,440,687,286,556,441,737,555,625,332,79,553,636,236,154,210,563,699,605,469,243,695,630,648,562,246,68,411,599,301,406,48,581,644,380,198,1,284,640,426,133,300,59,277,565,439,146,608,488,561,114,475,304,202,674,741,454,473,722,151,505,546,329,87,616,262,702,721,32,579,399,659,623,2,470,184,596,164,576,330,145,302,658,434,448,545,371,397,662,409,597,350,586,125,24,653,101,601,181,275,508,75,204,403,303,25,89,678,238,582,144,407,269,127,393,382,663,55,108,132,400,507,620,370,593,149,594,172,170,493,45,535,102,610,657,732,220,203,319,442,681,575,39,23,713,425,646,712,453,428,542,690,655,268,673,733,255,355,356,514,50,
54,28.347483158111572,171644.1715000095,168368.59402509817,523,287,168,637,185,56,139,38,689,120,583,692,76,577,491,33,308,413,62,180,570,334,707,42,9,197,150,166,363,708,485,650,316,91,541,18,326,90,110,281,41,179,40,328,654,569,680,558,606,595,333,533,693,96,521,725,239,74,283,481,513,135,201,511,430,13,155,538,539,216,706,526,192,126,423,419,412,270,34,465,540,235,422,468,518,212,15,310,250,578,77,618,123,36,740,492,635,611,676,435,357,432,710,415,711,747,205,604,404,666,175,482,307,28,343,116,701,82,679,88,739,193,726,498,429,208,589,14,60,160,738,148,696,331,730,684,105,214,391,458,670,140,480,446,130,622,736,685,200,362,37,431,335,718,591,95,104,54,600,463,664,138,571,487,621,418,285,461,228,379,136,580,548,537,113,506,552,213,614,369,543,528,173,341,167,347,462,83,414,267,118,748,47,128,388,63,744,559,21,682,495,645,656,549,509,364,627,162,719,609,613,58,504,671,517,660,607,602,445,743,244,178,499,312,206,433,78,416,460,728,217,464,322,669,392,230,373,161,427,534,455,372,49,219,361,67,417,320,6,241,424,158,229,452,742,5,196,668,124,260,72,704,234,242,85,466,712,453,80,354,272,467,378,527,366,703,477,456,590,66,94,183,8,567,471,603,749,258,720,324,64,628,359,476,31,585,519,557,353,163,501,207,342,619,516,141,551,449,325,111,69,408,652,171,12,187,224,683,323,723,724,218,573,568,612,705,290,502,249,746,131,43,279,223,351,112,457,233,525,169,165,53,92,368,443,451,715,119,44,3,587,626,340,152,159,305,254,486,638,377,280,428,515,129,73,410,263,447,157,35,189,667,633,716,97,727,360,387,472,186,734,336,29,294,147,691,572,321,292,345,10,349,547,524,156,273,629,109,221,450,729,365,291,394,98,240,338,714,401,497,675,143,398,65,237,295,257,311,289,288,496,520,484,177,444,71,686,632,51,0,231,227,735,142,440,687,286,556,441,737,555,625,332,79,553,636,236,154,210,563,699,605,469,243,695,630,648,562,246,68,411,599,301,406,48,581,644,380,198,1,284,640,426,133,300,59,277,565,439,146,608,488,561,114,475,304,202,674,741,454,473,722,151,505,546,329,87,616,262,702,721,32,579,399,659,623,2,470,184,596,164,576,330,145,302,658,434,448,545,371,397,662,409,597,350,586,125,24,653,101,601,181,275,508,75,204,403,303,25,89,678,238,582,144,407,269,127,393,382,663,55,108,132,400,507,620,370,593,149,594,172,170,493,45,535,102,610,657,732,220,319,203,442,681,575,624,39,23,713,425,646,690,655,268,673,542,733,255,355,698,697,137,293,700,672,352,337,437,297,479,194,46,252,649,314,339,494,550,122,226,709,522,261,564,225,309,232,11,358,647,99,256,86,512,264,117,405,396,306,389,278,459,634,375,153,298,222,530,617,266,536,390,598,381,81,215,574,478,16,346,367,421,30,503,500,93,745,276,248,103,641,665,299,27,385,259,677,17,100,643,688,211,420,554,84,251,296,274,374,639,490,395,376,383,20,195,356,514,50,661,190,438,247,592,474,115,386,694,489,402,271,199,134,174,384,61,245,282,532,327,642,26,176,106,631,57,317,731,121,529,566,52,544,436,651,584,510,717,209,253,107,19,182,70,344,191,313,315,588,188,318,483,348,615,22,265,560,531,7,4,
55,28.71444869041443,171711.92409930044,168130.59846685885,523,287,168,637,185,56,139,38,689,120,583,692,76,577,491,33,308,413,62,180,570,334,707,42,9,197,150,166,363,708,485,650,316,91,541,18,326,90,110,281,41,179,40,328,654,569,680,558,606,595,333,533,693,96,521,725,239,74,283,481,513,135,201,511,430,13,155,538,539,216,706,526,192,126,423,419,412,270,34,465,540,235,422,468,518,212,15,310,250,578,77,618,123,36,740,492,635,611,676,435,357,432,710,415,711,747,205,604,404,666,175,482,307,28,343,116,701,82,679,88,739,193,726,498,429,208,589,14,60,160,738,148,696,331,730,684,105,214,391,458,670,140,480,446,130,622,736,685,200,362,37,431,335,718,591,95,104,54,600,463,664,138,571,487,621,418,285,461,228,379,136,580,548,537,113,506,552,213,614,369,543,528,173,341,167,347,462,83,414,267,118,748,47,128,388,63,744,559,21,682,495,645,656,549,509,364,627,162,719,609,613,58,504,671,517,660,607,602,445,743,244,178,499,312,206,433,78,416,460,728,217,464,322,669,392,230,373,161,427,534,455,372,49,219,361,67,417,320,6,241,424,158,229,452,742,5,196,668,124,260,72,704,234,242,85,466,712,453,80,354,272,467,378,527,366,703,477,456,590,66,94,183,8,567,471,603,749,258,720,324,64,628,359,476,31,585,519,557,353,163,501,207,342,619,516,141,551,449,325,111,69,408,652,171,12,187,224,683,323,723,724,218,573,568,612,705,290,502,249,746,131,43,279,223,351,112,457,233,525,169,165,53,92,368,443,451,715,119,44,3,587,626,340,152,159,305,254,486,638,377,280,428,515,129,73,410,263,447,157,35,189,667,633,716,97,727,360,387,472,186,734,336,29,294,147,691,572,321,292,345,10,349,547,524,156,273,629,109,221,450,729,365,291,394,98,240,338,714,401,497,675,143,398,65,237,295,257,311,289,288,496,520,484,177,444,71,686,632,51,0,231,227,735,142,440,687,286,556,441,737,555,625,332,79,553,636,236,154,210,563,699,605,469,243,695,630,648,562,246,68,411,599,301,406,48,581,644,380,198,1,284,640,426,133,300,59,277,565,439,146,608,488,561,114,475,304,202,674,741,454,473,722,151,505,546,329,87,616,262,702,721,32,579,399,659,623,2,470,184,596,164,576,330,145,302,658,434,448,545,371,397,662,409,597,350,586,125,24,653,101,601,181,275,508,75,204,403,303,25,89,678,238,582,144,407,269,127,393,382,663,55,108,132,400,507,620,370,593,149,594,172,170,493,45,535,102,610,657,732,220,319,203,442,681,575,624,39,23,713,425,646,690,655,268,673,542,733,255,356,514,50,661,190,438,247,592,474,115,386,694,489,402,271,199,134,174,355,698,697,137,293,700,672,352,337,437,297,479,194,46,252,649,314,339,494,550,122,226,709,522,261,564,225,309,232,11,358,647,99,256,86,512,264,117,405,396,306,389,278,459,634,375,153,298,222,530,617,266,536,390,598,381,81,215,574,478,16,346,367,421,30,503,500,93,745,276,248,103,641,665,299,27,385,259,677,17,100,643,688,211,420,554,84,251,296,274,374,639,490,395,376,383,20,195,384,61,245,282,532,327,642,26,176,106,631,57,317,731,121,529,566,52,544,436,651,584,510,717,209,253,107,19,182,70,344,191,313,315,588,188,318,483,348,615,22,265,560,531,7,4,
56,29.107545614242554,170724.51914994064,167998.45560296456,523,287,168,637,185,56,139,38,689,120,583,692,76,577,491,33,308,413,62,180,570,334,707,42,9,197,150,166,363,708,485,650,316,91,541,18,326,90,110,281,41,179,40,328,654,569,680,558,606,595,333,533,693,96,521,725,239,74,283,481,513,135,201,511,430,13,155,538,539,216,706,526,192,126,423,419,412,270,34,465,540,235,422,468,518,212,15,310,250,578,77,618,123,36,740,492,635,611,676,435,357,432,710,415,711,747,205,604,404,666,175,482,307,28,343,116,701,82,679,88,739,193,726,498,429,208,589,14,60,160,738,148,696,331,730,684,105,214,391,458,670,140,480,446,130,622,736,685,200,362,37,431,335,718,591,95,104,54,600,463,664,138,571,487,621,418,285,461,228,379,136,580,548,537,113,506,552,213,614,369,543,528,173,341,167,347,462,83,414,267,118,748,47,128,388,63,744,559,21,682,495,645,656,549,509,364,627,162,719,609,613,58,504,671,517,660,607,602,445,743,244,178,499,312,206,433,78,416,460,728,217,464,322,669,392,230,373,161,427,534,455,372,49,219,361,67,417,320,6,241,424,158,229,452,742,5,196,668,124,260,72,704,234,242,85,466,712,453,80,354,272,467,378,527,366,703,477,456,590,66,94,183,8,567,471,603,749,258,720,324,64,628,359,476,31,585,519,557,353,163,501,207,342,619,516,141,551,449,325,111,69,408,652,171,12,187,224,683,323,723,724,218,573,568,612,705,290,502,249,746,131,43,279,223,351,112,457,233,525,169,165,53,92,368,443,451,715,119,44,3,587,626,340,152,159,305,254,486,638,377,280,428,515,129,73,410,263,447,157,35,189,667,633,716,97,727,360,387,472,186,734,336,29,294,147,691,572,321,292,345,10,349,547,524,156,273,629,109,221,450,729,365,291,394,98,240,338,714,401,497,675,143,398,65,237,295,257,311,289,288,496,520,484,177,444,71,686,632,51,0,231,227,735,142,440,687,286,556,441,737,555,625,332,79,553,636,236,154,210,563,699,605,469,243,695,630,648,562,246,68,411,599,301,406,48,581,644,380,198,1,284,640,426,133,300,59,277,565,439,146,608,488,561,114,475,304,202,674,741,454,473,722,151,505,546,329,87,616,262,702,721,32,579,399,659,623,2,470,184,596,164,576,330,145,302,658,434,448,545,371,397,662,409,597,350,586,125,24,653,101,601,181,275,508,75,204,403,303,25,89,678,238,582,144,407,269,127,393,382,663,55,108,132,400,507,620,370,593,149,594,172,170,493,45,535,102,610,657,732,220,319,203,442,681,575,624,39,23,713,425,646,690,655,268,673,542,733,255,356,514,50,661,190,438,247,592,474,115,386,694,489,402,271,199,134,174,355,698,697,137,293,700,672,352,337,437,297,479,194,252,649,314,339,46,494,550,122,226,709,522,261,564,225,309,232,11,358,647,99,256,86,512,264,117,405,396,306,389,278,459,634,375,153,298,222,530,617,266,536,390,598,381,81,215,574,478,16,346,367,421,30,503,500,93,745,276,248,103,641,665,299,27,385,259,677,17,100,643,688,211,420,554,84,251,296,274,374,639,490,395,376,383,20,195,384,61,245,282,532,327,642,26,176,106,631,57,317,731,121,529,566,52,544,436,651,584,510,717,209,253,107,19,182,70,344,191,313,315,588,188,318,483,348,615,22,265,560,531,7,4,
57,29.502744674682617,171153.6661504888,167871.50746324207,523,287,168,637,56,139,38,689,120,583,692,76,577,491,33,308,413,62,180,570,334,707,42,9,197,150,166,363,708,485,650,316,91,541,18,326,90,110,281,41,179,40,328,654,569,680,558,606,595,333,533,693,96,521,725,239,74,283,481,513,135,201,511,430,13,155,538,539,216,706,526,192,126,423,419,412,270,34,465,540,235,422,468,518,212,15,310,250,578,77,618,123,36,740,492,635,611,676,435,357,432,710,415,711,747,205,604,404,666,175,482,307,28,343,116,701,82,679,88,739,193,726,498,429,208,589,14,60,160,738,148,696,331,730,684,105,214,391,458,670,140,480,446,130,622,736,685,200,362,37,431,335,718,591,95,104,54,600,463,664,138,571,487,621,418,285,461,228,379,136,580,548,537,113,506,552,213,614,369,543,528,173,341,167,347,462,83,414,267,118,748,47,128,388,63,744,559,21,682,495,645,656,549,509,364,627,162,719,609,613,58,504,671,517,660,607,602,445,743,244,178,499,312,206,433,78,416,460,728,217,464,322,669,392,230,373,161,427,534,455,372,49,219,361,67,417,320,6,241,424,158,229,452,742,5,196,668,124,260,72,704,234,242,85,466,712,453,80,354,272,467,378,527,366,703,477,456,590,66,94,183,8,567,471,603,749,258,720,324,64,628,359,476,31,585,519,557,353,163,501,207,342,619,516,141,551,449,325,111,69,408,652,171,12,187,224,683,323,723,724,218,573,568,612,705,290,502,249,746,131,43,279,223,351,112,457,233,525,169,165,53,92,368,443,451,715,119,44,3,587,626,340,152,159,305,254,486,638,377,280,428,515,129,73,410,263,447,157,35,189,667,633,716,97,727,360,387,472,186,734,336,29,294,147,691,572,321,292,345,10,349,547,524,156,273,629,109,221,450,729,365,291,394,98,240,338,714,401,497,675,143,398,65,237,295,257,311,289,288,496,520,484,177,444,71,686,632,51,0,231,227,735,142,440,687,286,556,441,737,555,625,332,79,553,636,236,154,210,563,699,605,469,243,695,630,648,562,246,68,411,599,301,406,48,581,644,380,198,1,284,640,426,133,300,59,277,565,439,146,608,488,561,114,475,304,202,674,741,454,473,722,151,505,546,329,87,616,262,702,721,32,579,399,659,623,2,470,184,596,164,576,330,145,302,658,434,448,545,371,397,662,409,597,350,586,125,24,653,101,601,181,275,508,75,204,403,303,25,89,678,238,582,144,407,269,127,393,382,663,55,108,132,400,507,620,370,593,149,594,172,170,493,45,535,102,610,657,732,220,319,203,442,681,575,624,39,23,713,425,646,690,655,268,673,542,733,255,356,514,50,661,190,438,247,592,474,115,386,694,489,402,271,199,134,174,355,698,697,137,293,700,672,352,337,437,297,479,194,252,649,314,339,46,494,550,122,226,709,522,261,564,225,309,232,11,358,647,99,256,86,512,264,117,405,396,306,389,278,459,634,375,153,298,222,530,617,266,536,390,598,381,81,215,574,478,16,346,367,421,30,503,500,93,745,276,248,103,641,665,299,27,385,259,677,17,100,643,688,211,420,554,84,251,296,274,374,639,490,395,376,383,20,195,384,61,245,282,532,327,642,26,176,106,631,57,317,731,121,529,566,52,544,436,651,584,510,717,209,253,107,19,182,70,344,191,313,315,588,188,318,483,348,615,22,265,560,531,7,4,185,
58,30.003384351730347,170307.01113999597,167746.47713618734,523,287,168,637,56,139,38,689,120,583,692,76,577,491,33,308,413,62,180,570,334,707,42,9,197,150,166,363,708,485,650,316,91,541,18,326,90,110,281,41,179,40,328,654,569,680,558,606,595,333,533,693,96,521,725,239,74,283,481,513,135,201,511,430,13,155,538,539,216,706,526,192,126,423,419,412,270,34,465,540,235,422,468,518,212,15,310,250,578,77,618,123,36,740,492,635,611,676,435,357,432,710,415,711,747,205,604,404,666,175,482,307,28,343,116,701,82,679,88,739,193,726,498,429,208,589,14,60,160,738,148,696,331,730,684,105,214,391,458,670,140,480,446,130,622,736,685,200,362,37,431,335,718,591,95,104,54,600,463,664,138,571,487,621,418,285,461,228,379,136,580,548,537,113,506,552,213,614,369,543,528,173,341,167,347,462,83,414,267,118,748,47,128,388,63,744,559,21,682,495,645,656,549,509,364,627,162,719,609,613,58,504,671,517,660,607,602,445,743,244,178,499,312,206,433,78,416,460,728,217,464,322,669,392,230,373,161,427,534,455,372,49,219,361,67,417,320,6,241,424,158,229,452,742,5,196,668,124,260,72,704,234,242,85,466,712,453,80,354,272,467,378,527,366,703,477,456,590,66,94,183,603,8,567,471,749,258,720,324,64,628,359,476,31,585,519,557,353,163,501,207,342,619,516,141,551,449,325,111,69,408,652,171,12,187,224,683,323,723,724,218,573,568,612,705,290,502,249,746,131,43,279,223,351,112,457,233,525,169,165,53,92,368,443,451,715,119,44,3,587,626,340,152,159,305,254,486,638,377,280,428,515,129,73,410,263,447,157,35,189,667,633,716,97,727,360,387,472,186,734,336,29,294,147,691,572,321,292,345,10,349,547,524,156,273,629,109,221,450,729,365,291,394,98,240,338,714,401,497,675,143,398,65,237,295,257,311,289,288,496,520,484,177,444,71,686,632,51,0,231,227,735,142,440,687,286,556,441,737,555,625,332,79,553,636,236,154,210,563,699,605,469,243,695,630,648,562,246,68,411,599,301,406,48,581,644,380,198,1,284,640,426,133,300,59,277,565,439,146,608,488,561,114,475,304,202,674,741,454,473,722,151,505,546,329,87,616,262,702,721,32,579,399,659,623,2,470,184,596,164,576,330,145,302,658,434,448,545,371,397,662,409,597,350,586,125,24,653,101,601,181,275,508,75,204,403,303,25,89,678,238,582,144,407,269,127,393,382,663,55,108,132,400,507,620,370,593,149,594,172,170,493,45,535,102,610,657,732,220,319,203,442,681,575,624,39,23,713,425,646,690,655,268,673,542,733,255,356,514,50,661,190,438,247,592,474,115,386,694,489,402,271,199,134,174,355,698,697,137,293,700,672,352,337,437,297,479,194,252,649,314,339,46,494,550,122,226,709,522,261,564,225,309,232,11,358,647,99,256,86,512,264,117,405,396,306,389,278,459,634,375,153,298,222,530,617,266,536,390,598,381,81,215,574,478,16,346,367,421,30,503,500,93,745,276,248,103,641,665,299,27,385,259,677,17,100,643,688,211,420,554,84,251,296,274,374,639,490,395,376,383,20,195,384,61,245,282,532,327,642,26,176,106,631,57,317,731,121,529,566,52,544,436,651,584,510,717,209,253,107,19,182,70,344,191,313,315,588,188,318,483,348,615,22,265,560,531,7,4,185,
59,30.422982692718506,170176.12826834968,167643.68339733526,523,287,168,637,56,139,38,689,120,583,692,76,577,491,33,308,413,62,180,570,334,707,42,9,197,150,166,363,708,485,650,316,91,541,18,326,90,110,281,41,179,40,328,654,569,680,558,606,595,333,533,693,96,521,725,239,74,283,481,513,135,201,511,430,13,155,538,539,216,706,526,192,126,423,419,412,270,34,465,540,235,422,468,518,212,15,310,250,578,77,618,123,36,740,492,635,611,676,435,357,432,710,415,711,604,747,205,404,666,175,482,307,28,343,116,701,82,679,88,739,193,726,498,429,208,589,14,60,160,738,148,696,331,730,684,105,214,391,458,670,140,480,446,130,622,736,685,200,362,37,431,335,718,591,95,104,54,600,463,664,138,571,487,621,418,285,461,228,379,136,580,548,537,113,506,552,213,614,369,543,528,173,341,167,347,462,83,414,267,118,748,47,128,388,63,744,559,21,682,495,645,656,549,509,364,627,162,719,609,613,58,504,671,517,660,607,602,445,743,244,178,499,312,206,433,78,416,460,728,217,464,322,669,392,230,373,161,427,534,455,372,49,219,361,67,417,320,6,241,424,158,229,452,742,5,196,668,124,260,72,704,234,242,85,466,712,453,80,354,272,467,378,527,366,703,477,456,590,66,94,183,603,8,567,471,749,258,720,324,64,628,359,476,31,585,519,557,353,163,501,207,342,619,516,141,551,449,325,111,69,408,652,171,12,187,224,683,323,723,724,218,573,568,612,705,290,502,249,746,131,43,279,223,351,112,457,233,525,169,165,53,92,368,443,451,715,119,44,3,587,626,340,152,159,305,254,486,638,377,280,428,515,129,73,410,263,447,157,35,189,667,633,716,97,727,360,387,472,186,734,336,29,294,147,691,572,321,292,345,10,349,547,524,156,273,629,109,221,450,729,365,291,394,98,240,338,714,401,497,675,143,398,65,237,295,257,311,289,288,496,520,484,177,444,71,686,632,51,0,231,227,735,142,440,687,286,556,441,737,555,625,332,79,553,636,236,154,210,563,699,605,469,243,695,630,648,562,246,68,411,599,301,406,48,581,644,380,198,1,284,640,426,133,300,59,277,565,439,146,608,488,561,114,475,304,202,674,741,454,473,722,151,505,546,329,87,616,262,702,721,32,579,399,659,623,2,470,184,596,164,576,330,145,302,658,434,448,545,371,397,662,409,597,350,586,125,24,653,101,601,181,275,508,75,204,403,303,25,89,678,238,582,144,407,269,127,393,382,663,55,108,132,400,507,620,370,593,149,594,172,170,493,45,535,102,610,657,732,220,319,203,442,681,575,624,39,23,713,425,646,690,655,268,673,542,733,255,356,514,50,661,190,438,247,592,474,115,386,694,489,402,271,199,134,174,355,698,697,137,293,700,672,352,337,437,297,479,194,252,649,314,339,46,494,550,122,226,709,522,261,564,225,309,232,11,358,647,99,256,86,512,264,117,405,396,306,389,278,459,634,375,153,298,222,530,617,266,536,390,598,381,81,215,574,478,16,346,367,421,30,503,500,93,745,276,248,103,641,665,299,27,385,259,677,17,100,643,688,211,420,554,84,251,296,274,374,639,490,395,376,383,20,195,384,61,245,282,532,327,642,26,176,106,631,57,317,731,121,529,566,52,544,436,651,584,510,717,209,253,107,19,182,70,344,191,313,315,588,188,318,483,348,615,22,265,560,531,7,4,185,
60,30.80341863632202,169928.440396518,167542.2925860528,523,287,168,637,56,139,38,689,120,583,692,76,577,491,33,308,413,62,180,570,334,707,42,9,197,150,166,363,708,485,650,316,91,541,18,326,90,110,281,41,179,40,328,654,569,680,558,606,595,333,533,693,96,521,725,239,74,283,481,513,135,201,511,430,13,155,538,539,216,706,526,192,126,423,419,412,270,34,465,540,235,422,468,518,212,15,310,250,578,77,618,123,36,740,492,635,611,676,435,357,432,710,415,711,604,747,205,404,666,175,482,307,28,343,116,701,82,679,88,739,193,726,498,429,208,589,14,60,160,738,148,696,331,730,684,105,214,391,458,670,140,480,446,130,622,736,685,200,362,37,431,335,718,591,95,104,54,600,463,664,138,571,487,621,418,285,461,228,379,136,580,548,537,113,506,552,213,614,369,543,528,173,341,167,347,462,83,414,267,118,748,47,128,388,63,744,559,21,682,495,645,656,549,509,364,627,162,719,609,613,58,504,671,517,660,607,602,445,743,244,178,499,312,206,433,78,416,460,728,217,464,322,669,392,230,373,161,427,534,455,372,49,219,361,67,417,320,6,241,424,158,229,452,742,5,196,668,124,260,72,704,234,242,85,466,712,453,80,354,272,467,378,527,366,703,477,456,590,66,94,183,603,8,567,471,749,258,720,324,64,628,359,476,31,585,519,557,353,163,501,207,342,619,516,141,551,449,325,111,69,408,652,171,12,187,224,683,323,723,724,218,573,568,612,705,290,502,249,746,131,43,279,223,351,112,457,233,525,169,165,53,92,368,443,451,715,119,44,3,587,626,340,152,159,305,254,486,638,377,280,428,515,129,73,410,263,447,157,35,189,667,633,716,97,727,360,387,472,186,734,336,29,294,147,691,572,321,292,345,10,349,547,524,156,273,629,109,221,450,729,365,291,394,98,240,338,714,401,497,675,143,398,65,237,295,257,311,289,288,496,520,484,177,444,71,686,632,51,0,231,227,735,142,440,687,286,556,441,737,555,625,332,79,553,636,236,154,210,563,699,605,469,243,695,630,648,562,246,68,411,599,301,406,48,581,644,380,198,1,284,640,426,133,300,59,277,565,439,146,608,488,561,114,475,304,202,674,741,454,473,722,151,505,546,329,87,616,262,702,721,32,579,399,659,623,2,470,184,596,164,576,330,145,302,658,434,448,545,371,397,662,409,597,350,586,125,24,653,101,601,181,275,508,75,204,403,303,25,89,678,238,582,144,407,269,127,393,382,663,55,108,132,400,507,620,370,593,149,594,172,170,493,45,535,102,610,657,732,220,319,203,442,681,575,624,39,23,713,425,646,690,655,268,673,542,733,255,356,514,50,661,190,438,247,592,474,115,386,694,489,402,271,134,174,355,698,697,137,293,700,672,352,337,437,297,479,194,252,649,314,339,46,494,550,122,226,709,522,261,564,225,309,232,11,358,647,99,256,86,512,264,117,405,396,306,389,278,459,634,375,153,298,222,530,617,266,536,390,598,381,81,215,574,478,16,346,367,421,30,503,500,93,745,276,248,103,641,665,299,27,385,259,677,17,100,643,688,211,420,554,84,251,296,274,374,639,490,395,376,383,20,195,384,199,61,245,282,532,327,642,26,176,106,631,57,317,731,121,529,566,52,544,436,651,584,510,717,209,253,107,19,182,70,344,191,313,315,588,188,318,483,348,615,22,265,560,531,7,4,185,
61,31.249502420425415,170060.88507134363,167446.27980217524,523,287,168,637,56,139,38,689,120,583,692,76,577,491,33,308,413,62,180,570,334,707,42,9,197,150,166,363,708,485,650,316,91,541,18,326,90,110,281,41,179,40,328,654,569,680,558,606,595,333,533,693,96,521,725,239,74,283,481,513,135,201,511,430,13,155,538,539,216,706,526,192,126,423,419,412,270,34,465,540,235,422,468,518,212,15,310,250,578,77,618,123,36,740,492,635,611,676,435,357,432,710,415,711,604,747,205,404,666,175,482,307,28,343,116,701,82,679,88,739,193,726,498,429,208,589,14,60,160,738,148,696,331,730,684,105,214,391,458,670,140,480,446,130,622,736,685,200,362,37,431,335,718,591,95,104,54,600,463,664,138,571,487,621,418,285,461,228,379,136,580,548,537,113,506,552,213,614,369,543,528,173,341,167,347,462,83,414,267,118,748,47,128,388,63,744,559,21,682,495,645,656,549,509,364,627,162,719,609,613,58,504,671,517,660,607,602,445,743,244,178,499,312,206,433,78,416,460,728,217,464,322,669,392,230,373,161,427,534,455,372,49,219,361,67,417,320,6,241,424,158,229,452,742,5,196,668,124,260,72,704,234,242,85,466,712,453,80,354,272,467,378,527,366,703,477,456,590,66,94,183,603,8,567,471,749,258,720,324,64,628,359,476,31,585,519,557,353,163,501,207,342,619,516,141,551,449,325,111,69,408,652,171,12,187,224,683,323,723,724,218,573,568,612,705,290,502,249,746,131,43,279,223,351,112,457,233,525,169,165,53,92,368,443,451,715,119,44,3,587,626,340,152,159,305,254,486,638,377,280,428,515,129,73,410,263,447,157,35,189,667,633,716,97,727,360,387,472,186,734,336,29,294,147,691,572,321,292,345,10,349,547,524,156,273,629,109,221,450,729,365,291,394,98,240,338,714,401,497,675,143,398,65,237,295,257,311,289,288,496,520,484,177,444,71,686,632,51,0,231,227,735,142,440,687,286,556,441,737,555,625,332,79,553,636,236,154,210,563,699,605,469,243,695,630,648,562,246,68,411,599,301,406,48,581,644,380,198,1,284,640,426,133,300,59,277,565,439,146,608,488,561,114,475,304,202,674,741,454,473,722,151,505,546,329,87,616,262,702,721,32,579,399,659,623,2,470,184,596,164,576,330,145,302,658,434,448,545,371,397,662,409,597,350,586,125,24,653,101,601,181,275,508,75,204,403,303,25,89,678,238,582,144,407,269,127,393,382,663,55,108,132,400,507,620,370,593,149,594,172,170,493,45,535,102,610,657,732,220,319,203,442,681,575,624,39,23,713,425,646,690,655,268,673,542,733,255,356,514,50,661,190,438,247,592,474,115,386,694,489,402,271,134,174,355,698,697,137,293,700,672,352,337,437,297,479,194,252,649,314,339,46,494,550,122,226,709,522,261,564,225,309,232,11,358,647,99,256,86,512,264,117,405,396,306,389,278,459,634,375,153,298,222,530,617,266,536,390,598,381,81,215,574,478,16,346,367,421,30,503,500,93,745,276,248,103,641,665,299,27,385,259,677,17,100,643,688,211,420,554,84,251,296,274,374,639,490,395,376,383,20,195,384,199,61,245,282,532,176,106,631,57,317,327,642,26,731,121,529,566,52,544,436,651,584,510,717,209,253,107,19,182,70,344,191,313,315,588,188,318,483,348,615,22,265,560,531,7,4,185,
62,31.63732361793518,171257.308699427,167350.77230931364,523,287,168,637,56,139,38,689,120,583,692,76,577,491,33,308,413,62,180,570,334,707,42,9,197,150,166,363,708,485,650,316,91,541,18,326,90,110,281,41,179,40,328,654,569,680,558,606,595,333,533,693,96,521,725,239,74,283,481,513,135,201,511,430,13,155,538,539,216,706,526,192,126,423,419,412,270,34,465,540,235,422,468,518,212,15,310,250,578,77,618,123,36,740,492,635,611,676,435,357,432,710,415,711,604,747,205,404,666,175,482,307,28,343,116,701,82,679,88,739,193,726,498,429,208,589,14,60,160,738,148,696,331,730,684,105,214,391,458,670,140,480,446,130,622,736,685,200,362,37,431,335,718,591,95,104,54,600,463,664,138,571,487,621,418,285,461,228,379,136,580,548,537,113,506,552,213,614,369,543,528,173,341,167,347,462,83,414,267,118,748,47,128,388,63,744,559,21,682,495,645,656,549,509,364,627,162,719,609,613,58,504,671,517,660,607,602,445,743,244,178,499,312,206,433,78,416,460,728,217,464,322,669,392,230,373,161,427,534,455,372,49,219,361,67,417,320,6,241,424,158,229,452,742,5,196,668,124,260,72,704,234,242,85,466,712,453,80,354,272,467,378,527,366,703,477,456,590,66,94,183,603,8,567,471,749,258,720,324,64,628,359,476,31,585,519,557,353,163,501,207,342,619,516,141,551,449,325,111,69,408,652,171,12,187,224,683,323,723,724,218,573,568,612,705,290,502,249,746,131,43,279,223,351,112,457,233,525,169,165,53,92,368,443,451,715,119,44,3,587,626,340,152,159,305,254,486,638,377,515,280,428,129,73,410,263,447,157,35,189,667,633,716,97,727,360,387,472,186,734,336,29,294,147,691,572,321,292,345,10,349,547,524,156,273,629,109,221,450,729,365,291,394,98,240,338,714,401,497,675,143,398,65,237,295,257,311,289,288,496,520,484,177,444,71,686,632,51,0,231,227,735,142,440,687,286,556,441,737,555,625,332,79,553,636,236,154,210,563,699,605,469,243,695,630,648,562,246,68,411,599,301,406,48,581,644,380,198,1,284,640,426,133,300,59,277,565,439,146,608,488,561,114,475,304,202,674,741,454,473,722,151,505,546,329,87,616,262,702,721,32,579,399,659,623,2,470,184,596,164,576,330,145,302,658,434,448,545,371,397,662,409,597,350,586,125,24,653,101,601,181,275,508,75,204,403,303,25,89,678,238,582,144,407,269,127,393,382,663,55,108,132,400,507,620,370,593,149,594,172,170,493,45,535,102,610,657,732,220,319,203,442,681,575,624,39,23,713,425,646,690,655,268,673,542,733,255,356,514,50,661,190,438,247,592,474,115,386,694,489,402,271,134,174,355,698,697,137,293,700,672,352,337,437,297,479,194,252,649,314,339,46,494,550,122,226,709,522,261,564,225,309,232,11,358,647,99,256,86,512,264,117,405,396,306,389,278,459,634,375,153,298,222,530,617,266,536,390,598,381,81,215,574,478,16,346,367,421,30,503,500,93,745,276,248,103,641,665,299,27,385,259,677,17,100,643,688,211,420,554,84,251,296,274,374,639,490,395,376,383,20,195,384,199,61,245,282,532,176,106,631,57,317,327,642,26,731,121,529,566,52,544,436,651,584,510,717,209,253,107,19,182,70,344,191,313,315,588,188,318,483,348,615,22,265,560,531,7,4,185,
63,32.08555507659912,170691.6293064949,167256.45994743984,523,287,168,637,56,139,38,689,120,583,692,76,577,491,33,308,413,62,180,570,334,707,42,9,197,150,166,363,708,485,650,316,91,541,18,326,90,110,281,41,179,40,328,654,569,680,558,606,595,333,533,693,96,521,725,239,74,283,481,513,135,201,511,430,13,155,538,539,216,706,526,192,126,423,419,412,270,34,465,540,235,422,468,518,212,15,310,250,578,77,618,123,36,740,492,635,611,676,435,357,432,710,415,711,604,747,205,404,666,175,482,307,28,343,116,701,82,679,88,739,193,726,498,429,208,589,14,60,160,738,148,696,331,730,684,105,214,391,458,670,140,480,446,130,622,736,685,200,362,37,431,335,718,591,95,104,54,600,463,664,138,571,487,621,418,285,461,228,379,136,580,548,537,113,506,552,213,614,369,543,528,173,341,167,347,462,83,414,267,118,748,47,128,388,63,744,559,21,682,495,645,656,549,509,364,627,162,719,609,613,58,504,671,517,660,607,602,445,743,244,178,499,312,206,433,78,416,460,728,217,464,322,669,392,230,373,161,427,534,455,372,49,219,361,67,417,320,6,241,424,158,229,452,742,5,196,668,124,260,72,704,234,242,85,466,712,453,80,354,272,467,378,527,366,703,477,456,590,66,94,183,603,8,567,471,749,258,720,324,64,628,359,476,31,585,519,557,353,163,501,207,342,619,516,141,551,449,325,111,69,408,652,171,12,187,224,683,323,723,724,218,573,568,612,705,290,502,249,746,131,43,279,223,351,112,457,233,525,169,165,53,92,368,443,451,715,119,44,3,587,626,340,152,159,305,254,486,638,377,515,280,428,129,73,410,263,447,157,35,189,667,633,716,97,727,360,387,472,186,734,336,29,294,147,691,572,321,292,345,10,349,547,524,156,273,629,109,221,450,729,365,291,394,98,240,338,714,401,497,675,143,398,65,237,295,257,311,289,288,496,520,484,177,444,71,686,632,51,0,231,227,735,142,440,687,286,556,441,737,555,625,332,79,553,636,236,154,210,563,699,605,469,243,695,630,648,562,246,68,411,599,301,406,48,581,644,380,198,1,284,640,426,133,300,59,277,565,439,146,608,488,561,114,475,304,202,674,741,454,473,722,151,505,329,87,616,262,702,721,32,579,399,659,623,2,470,184,596,164,576,330,145,302,658,434,448,545,371,397,662,409,597,350,586,125,24,653,101,601,181,275,508,75,204,403,303,25,89,678,546,238,582,144,407,269,127,393,382,663,55,108,132,400,507,620,370,593,149,594,172,170,493,45,535,102,610,657,732,220,319,203,442,681,575,624,39,23,713,425,646,690,655,268,673,542,733,255,356,514,50,661,190,438,247,592,474,115,386,694,489,402,271,134,174,355,698,697,137,293,700,672,352,337,437,297,479,194,252,649,314,339,46,494,550,122,226,709,522,261,564,225,309,232,11,358,647,99,256,86,512,264,117,405,396,306,389,278,459,634,375,153,298,222,530,617,266,536,390,598,381,81,215,574,478,16,346,367,421,30,503,500,93,745,276,248,103,641,665,299,27,385,259,677,17,100,643,688,211,420,554,84,251,296,274,374,639,490,395,376,383,20,195,384,199,61,245,282,532,176,106,631,57,317,327,642,26,731,121,529,566,52,544,436,651,584,510,717,209,253,107,19,182,70,344,191,313,315,588,188,318,483,348,615,22,265,560,531,7,4,185,
64,32.484620094299316,169249.37399895315,167164.04825391097,523,287,168,637,56,139,38,689,120,583,692,76,577,491,33,308,413,62,180,570,334,707,42,9,197,150,166,363,708,485,650,316,91,541,18,326,90,110,281,41,179,40,328,654,569,680,558,606,595,333,533,693,96,521,725,239,74,283,481,513,135,201,511,430,13,155,538,539,216,706,526,192,126,423,419,412,270,465,540,235,422,468,518,212,15,310,250,578,77,618,123,36,740,492,635,611,676,435,357,432,710,415,711,604,747,205,404,666,175,482,307,28,343,116,701,82,679,88,739,193,726,498,429,208,589,14,60,160,738,148,696,331,730,684,105,214,391,458,670,140,480,446,130,622,736,685,200,362,37,431,335,718,591,95,104,54,600,463,664,138,571,487,621,418,285,461,228,379,136,580,548,537,113,506,552,213,614,369,543,528,173,341,167,347,462,83,414,267,118,748,47,128,388,63,744,559,21,682,495,645,656,34,549,509,364,627,162,719,609,613,58,504,671,517,660,607,602,445,743,244,178,499,312,206,433,78,416,460,728,217,464,322,669,392,230,373,161,427,534,455,372,49,219,361,67,417,320,6,241,424,158,229,452,742,5,196,668,124,260,72,704,234,242,85,466,712,453,80,354,272,467,378,527,366,703,477,456,590,66,94,183,603,8,567,471,749,258,720,324,64,628,359,476,31,585,519,557,353,163,501,207,342,619,516,141,551,449,325,111,69,408,652,171,12,187,224,683,323,723,724,218,573,568,612,705,290,502,249,746,131,43,279,223,351,112,457,233,525,169,165,53,92,368,443,451,715,119,44,3,587,626,340,152,159,305,254,486,638,377,515,280,428,129,73,410,263,447,157,35,189,667,633,716,97,727,360,387,472,186,734,336,29,294,147,691,572,321,292,345,10,349,547,524,156,273,629,109,221,450,729,365,291,394,98,240,338,714,401,497,675,143,398,65,237,295,257,311,289,288,496,520,484,177,444,71,686,632,51,0,231,227,735,142,440,687,286,556,441,737,555,625,332,79,553,636,236,154,210,563,699,605,469,243,695,630,648,562,246,68,411,599,301,406,48,581,644,380,198,1,284,640,426,133,300,59,277,565,439,146,608,488,561,114,475,304,202,674,741,454,473,722,151,505,329,87,616,262,702,721,32,579,399,659,623,2,470,184,596,164,576,330,145,302,658,434,448,545,371,397,662,409,597,350,586,125,24,653,101,601,181,275,508,75,204,403,303,25,89,678,546,238,582,144,407,269,127,393,382,663,55,108,132,400,507,620,370,593,149,594,172,170,493,45,535,102,610,657,732,220,319,203,442,681,575,624,39,23,713,425,646,690,655,268,673,542,733,255,356,514,50,661,190,438,247,592,474,115,386,694,489,402,271,134,174,355,698,697,137,293,700,672,352,337,437,297,479,194,252,649,314,339,46,494,550,122,226,709,522,261,564,225,309,232,11,358,647,99,256,86,512,264,117,405,396,306,389,278,459,634,375,153,298,222,530,617,266,536,390,598,381,81,215,574,478,16,346,367,421,30,503,500,93,745,276,248,103,641,665,299,27,385,259,677,17,100,643,688,211,420,554,84,251,296,274,374,639,490,395,376,383,20,195,384,199,61,245,282,532,176,106,631,57,317,327,642,26,731,121,529,566,52,544,436,651,584,510,717,209,253,107,19,182,70,344,191,313,315,588,188,318,483,348,615,22,265,560,531,7,4,185,
65,32.871668338775635,170144.41173604634,167078.93053999107,523,287,168,637,56,139,38,689,120,583,692,76,577,491,33,308,413,62,180,570,334,707,42,9,197,150,166,363,708,485,650,316,91,541,18,326,90,110,281,41,179,40,328,654,569,680,558,606,595,333,533,693,96,521,725,239,74,283,481,513,135,201,511,430,13,155,538,539,216,706,526,192,126,423,419,412,270,465,540,235,422,468,518,212,15,310,250,578,77,618,123,36,740,492,635,611,676,435,357,432,710,415,711,604,747,205,404,666,175,482,307,28,343,116,701,82,679,88,739,193,726,498,429,208,589,14,60,160,738,148,696,331,730,684,105,214,391,458,670,140,480,446,130,622,736,685,200,362,37,431,335,718,591,95,104,54,600,463,664,138,571,487,621,418,285,461,228,379,136,580,548,537,113,506,552,213,614,369,543,528,173,341,167,347,462,83,414,267,118,748,47,128,388,63,744,559,21,682,495,645,656,34,549,509,364,627,162,719,609,613,58,504,671,517,660,607,602,445,743,244,178,499,312,206,433,78,416,460,728,217,464,322,669,392,230,373,161,427,534,455,372,49,219,361,67,417,320,6,241,424,158,229,452,742,5,196,668,124,260,72,704,234,242,85,466,712,453,80,354,272,467,378,527,366,703,477,456,590,66,94,183,603,8,567,471,749,258,720,324,64,628,359,476,31,585,519,557,353,163,501,207,342,619,516,141,551,449,325,111,69,408,652,171,12,187,224,683,323,723,724,218,573,568,612,705,290,502,249,746,131,43,279,223,351,112,457,233,525,169,165,53,92,368,443,451,715,119,44,3,587,626,340,152,159,305,254,486,638,377,515,280,428,129,73,410,263,447,157,35,189,667,633,716,97,727,360,387,472,186,734,336,29,294,147,691,572,321,292,345,10,349,547,524,156,273,629,109,221,450,729,365,291,394,98,240,338,714,401,497,675,143,398,65,237,295,257,311,289,288,496,520,484,177,444,71,686,632,51,0,231,227,735,142,440,687,286,556,441,737,555,625,332,79,553,636,236,154,210,563,699,605,469,243,695,630,648,562,246,68,411,599,301,406,48,581,644,380,198,1,284,640,426,133,300,59,277,565,439,146,608,488,561,114,475,304,202,674,741,454,473,722,151,505,329,87,616,262,702,721,32,579,399,659,623,2,470,184,596,164,576,330,145,302,658,434,448,545,371,397,662,409,597,350,586,125,24,653,101,601,181,275,508,75,204,403,303,25,89,678,546,238,582,144,407,269,127,393,382,663,55,108,132,400,507,620,370,593,149,594,172,170,493,45,535,102,610,657,732,220,319,203,442,681,575,624,39,23,713,425,646,690,655,268,673,542,733,255,356,514,50,661,190,438,247,592,474,115,386,694,489,402,271,174,134,355,698,697,137,293,700,672,352,337,437,297,479,194,252,649,314,339,46,494,550,122,226,709,522,261,564,225,309,232,11,358,647,99,256,86,512,264,117,405,396,306,389,278,459,634,375,153,298,222,530,617,266,536,390,598,381,81,215,574,478,16,346,367,421,30,503,500,93,745,276,248,103,641,665,299,27,385,259,677,17,100,643,688,211,420,554,84,251,296,274,374,639,490,395,376,383,20,195,384,199,61,245,282,532,176,106,631,57,317,327,642,26,731,121,529,566,52,544,436,651,584,510,717,209,253,107,19,182,70,344,191,313,315,588,188,318,483,348,615,22,265,560,531,7,4,185,
66,33.29471015930176,170284.96668324657,167004.0009426828,523,287,168,637,56,139,38,689,120,583,692,76,577,491,33,308,413,62,180,570,334,707,42,9,197,150,166,363,708,485,650,316,91,541,18,326,90,110,281,41,179,40,328,654,569,680,558,606,595,333,533,693,96,521,725,239,74,283,481,513,135,201,511,430,13,155,538,539,216,706,526,192,126,423,419,412,270,465,540,235,422,468,518,212,15,310,250,578,77,618,123,36,740,492,635,611,676,435,357,432,710,415,711,604,747,205,404,666,175,482,307,28,343,116,701,82,679,88,739,193,726,498,429,208,589,14,60,160,738,148,696,331,730,684,105,214,391,458,670,140,480,446,130,622,736,685,200,362,37,431,335,718,591,95,104,54,600,463,664,138,571,487,621,418,285,461,228,379,136,580,548,537,113,506,552,213,614,369,543,528,173,341,167,347,462,83,414,267,118,748,47,128,388,63,744,559,21,682,495,645,656,34,549,509,364,627,162,719,609,613,58,504,671,517,660,607,602,445,743,244,178,499,312,206,433,78,416,460,728,217,464,322,669,392,230,373,161,427,534,455,372,49,219,361,67,417,320,6,241,424,158,229,452,742,5,196,668,124,260,72,704,234,242,85,466,712,453,80,354,272,467,378,527,366,703,477,456,590,66,94,183,603,8,567,471,749,258,720,324,64,628,359,476,31,585,519,557,353,163,501,207,342,619,516,141,551,449,325,111,69,408,652,171,12,187,224,683,323,723,724,218,573,568,612,705,290,502,249,746,131,43,279,223,351,112,457,233,525,169,165,53,92,368,443,451,715,119,44,3,587,626,340,152,159,305,254,486,638,377,515,280,428,129,73,410,263,447,157,35,189,667,633,716,97,727,360,387,472,186,734,336,29,294,147,691,572,321,292,345,10,349,547,524,156,273,629,109,221,450,729,365,291,394,98,240,338,714,401,497,675,143,398,65,237,295,257,311,289,288,496,520,484,177,444,71,686,632,51,0,231,227,735,142,440,687,286,556,441,737,555,625,332,79,553,636,236,154,210,563,699,695,605,469,243,630,648,562,246,68,411,599,301,406,48,581,644,380,198,1,284,640,426,133,300,59,277,565,439,146,608,488,561,114,475,304,202,674,741,454,473,722,151,505,329,87,616,262,702,721,32,579,399,659,623,2,470,184,596,164,576,330,145,302,658,434,448,545,371,397,662,409,597,350,586,125,24,653,101,601,181,275,508,75,204,403,303,25,89,678,546,238,582,144,407,269,127,393,382,663,55,108,132,400,507,620,370,593,149,594,172,170,493,45,535,102,610,657,732,220,319,203,442,681,575,624,39,23,713,425,646,690,655,268,673,542,733,255,356,514,50,661,190,438,247,592,474,115,386,694,489,402,271,174,134,355,698,697,137,293,700,672,352,337,437,297,479,194,252,649,314,339,46,494,550,122,226,709,522,261,564,225,309,232,11,358,647,99,256,86,512,264,117,405,396,306,389,278,459,634,375,153,298,222,530,617,266,536,390,598,381,81,215,574,478,16,346,367,421,30,503,500,93,745,276,248,103,641,665,299,27,385,259,677,17,100,643,688,211,420,554,84,251,296,274,374,639,490,395,376,383,20,195,384,199,61,245,282,532,176,106,631,57,317,327,642,26,731,121,529,566,52,544,436,651,584,510,717,209,253,107,19,182,70,344,191,313,315,588,188,318,483,348,615,22,265,560,531,7,4,185,
67,33.7064642906189,170189.44565603937,166930.25817380223,523,287,168,637,56,139,38,689,120,583,692,76,577,491,33,308,413,62,180,570,334,707,42,9,197,150,166,363,708,485,650,316,91,541,18,326,90,110,281,41,179,40,328,654,569,680,558,606,595,333,533,693,96,521,725,239,74,283,481,513,135,201,511,430,13,155,538,539,216,706,526,192,126,423,419,412,270,465,540,235,422,468,518,212,15,310,250,578,77,618,123,36,492,740,635,611,676,435,357,432,710,415,711,604,747,205,404,666,175,482,307,28,343,116,701,82,679,88,739,193,726,498,429,208,589,14,60,160,738,148,696,331,730,684,105,214,391,458,670,140,480,446,130,622,736,685,200,362,37,431,335,718,591,95,104,54,600,463,664,138,571,487,621,418,285,461,228,379,136,580,548,537,113,506,552,213,614,369,543,528,173,341,167,347,462,83,414,267,118,748,47,128,388,63,744,559,21,682,495,645,656,34,549,509,364,627,162,719,609,613,58,504,671,517,660,607,602,445,743,244,178,499,312,206,433,78,416,460,728,217,464,322,669,392,230,373,161,427,534,455,372,49,219,361,67,417,320,6,241,424,158,229,452,742,5,196,668,124,260,72,704,234,242,85,466,712,453,80,354,272,467,378,527,366,703,477,456,590,66,94,183,603,8,567,471,749,258,720,324,64,628,359,476,31,585,519,557,353,163,501,207,342,619,516,141,551,449,325,111,69,408,652,171,12,187,224,683,323,723,724,218,573,568,612,705,290,502,249,746,131,43,279,223,351,112,457,233,525,169,165,53,92,368,443,451,715,119,44,3,587,626,340,152,159,305,254,486,638,377,515,280,428,129,73,410,263,447,157,35,189,667,633,716,97,727,360,387,472,186,734,336,29,294,147,691,572,321,292,345,10,349,547,524,156,273,629,109,221,450,729,365,291,394,98,240,338,714,401,497,675,143,398,65,237,295,257,311,289,288,496,520,484,177,444,71,686,632,51,0,231,227,735,142,440,687,286,556,441,737,555,625,332,79,553,636,236,154,210,563,699,695,605,469,243,630,648,562,246,68,411,599,301,406,48,581,644,380,198,1,284,640,426,133,300,59,277,565,439,146,608,488,561,114,475,304,202,674,741,454,473,722,151,505,329,87,616,262,702,721,32,579,399,659,623,2,470,184,596,164,576,330,145,302,658,434,448,545,371,397,662,409,597,350,586,125,24,653,101,601,181,275,508,75,204,403,303,25,89,678,546,238,582,144,407,269,127,393,382,663,55,108,132,400,507,620,370,593,149,594,172,170,493,45,535,102,610,657,732,220,319,203,442,681,575,624,39,23,713,425,646,690,655,268,673,542,733,255,356,514,50,661,190,438,247,592,474,115,386,694,489,402,271,174,134,355,698,697,137,293,700,672,352,337,437,297,479,194,252,649,314,339,46,494,550,122,226,709,522,261,564,225,309,232,11,358,647,99,256,86,512,264,117,405,396,306,389,278,459,634,375,153,298,222,530,617,266,536,390,598,381,81,215,574,478,16,346,367,421,30,503,500,93,745,276,248,103,641,665,299,27,385,259,677,17,100,643,688,211,420,554,84,251,296,274,374,639,490,395,376,383,20,195,384,199,61,245,282,532,176,106,631,57,317,327,642,26,731,121,529,566,52,544,436,651,584,510,717,209,253,107,19,182,70,344,191,313,315,588,188,318,483,348,615,22,265,560,531,7,4,185,
68,34.088831186294556,172723.36692843976,166860.31158375944,523,287,168,637,56,139,38,689,120,583,692,76,577,491,33,308,413,62,180,570,334,707,42,9,197,150,166,363,708,485,650,316,91,541,18,326,90,110,281,41,179,40,328,654,569,680,558,606,595,333,533,693,96,521,725,239,74,283,481,513,135,201,511,430,13,155,538,539,216,706,526,192,126,423,419,412,270,465,540,235,422,468,518,212,15,310,250,578,77,618,123,36,492,740,635,611,676,435,357,432,710,415,711,604,747,205,404,666,175,482,307,28,343,116,701,82,679,88,739,193,726,498,429,208,589,14,60,160,738,148,696,331,730,684,105,214,391,458,670,140,480,446,130,622,736,685,200,362,37,431,335,718,591,95,104,54,600,463,664,138,571,487,621,418,285,461,228,379,136,580,548,537,113,506,552,213,614,369,543,528,173,341,167,347,462,83,414,267,118,748,47,128,388,63,744,559,21,682,495,645,656,34,549,509,364,627,162,719,609,613,58,504,671,517,660,607,602,445,743,244,178,499,312,206,433,78,416,460,728,217,464,322,669,392,230,373,161,427,534,455,372,49,219,361,67,417,320,6,241,424,158,229,452,742,5,196,668,124,260,72,704,234,242,85,466,712,453,80,354,272,467,378,527,366,703,477,456,590,66,94,183,603,8,567,471,749,258,720,324,64,628,359,476,31,585,519,557,353,163,501,207,342,619,516,141,551,449,325,111,69,408,652,171,12,187,224,683,323,723,724,218,573,568,612,705,290,502,249,746,131,43,279,223,351,112,457,233,525,169,165,53,92,368,443,451,715,119,44,3,587,626,340,152,159,305,254,486,638,377,515,280,428,129,73,410,263,447,157,35,189,667,633,716,97,727,360,387,472,186,734,336,29,294,147,691,572,321,292,345,10,349,547,524,156,273,629,109,221,450,729,365,291,394,98,240,338,714,401,497,675,143,398,65,237,295,257,311,289,288,496,520,484,177,444,71,686,632,51,0,231,227,735,142,440,687,286,556,441,737,555,625,332,79,553,636,236,154,210,563,699,695,605,469,243,630,648,562,246,68,411,599,301,406,48,581,644,380,198,1,284,640,426,133,300,59,277,565,439,146,608,488,561,114,475,304,202,674,741,454,473,722,151,505,329,87,616,262,702,721,32,579,399,659,623,2,470,184,596,164,576,330,145,302,658,434,448,545,371,397,662,409,597,350,586,125,24,653,101,601,181,275,508,75,204,403,303,25,89,678,546,238,582,144,407,269,127,393,382,663,55,108,132,400,507,620,370,593,149,594,172,170,493,45,535,102,610,657,732,220,319,203,442,681,575,624,39,23,713,425,646,690,655,268,673,542,733,255,356,661,190,438,247,514,50,592,474,115,386,694,489,402,271,174,134,355,698,697,137,293,700,672,352,337,437,297,479,194,252,649,314,339,46,494,550,122,226,709,522,261,564,225,309,232,11,358,647,99,256,86,512,264,117,405,396,306,389,278,459,634,375,153,298,222,530,617,266,536,390,598,381,81,215,574,478,16,346,367,421,30,503,500,93,745,276,248,103,641,665,299,27,385,259,677,17,100,643,688,211,420,554,84,251,296,274,374,639,490,395,376,383,20,195,384,199,61,245,282,532,176,106,631,57,317,327,642,26,731,121,529,566,52,544,436,651,584,510,717,209,253,107,19,182,70,344,191,313,315,588,188,318,483,348,615,22,265,560,531,7,4,185,
69,34.52533984184265,172692.5374949528,166797.78796512133,523,287,168,637,56,139,38,689,120,583,692,76,577,491,33,308,413,62,180,570,334,707,42,9,197,150,166,363,708,485,650,316,91,541,18,326,90,110,281,41,179,40,328,654,569,680,558,606,595,333,533,693,96,521,725,239,74,283,481,513,135,201,511,430,13,155,538,539,216,706,526,192,126,423,419,412,270,465,540,235,422,468,518,212,15,310,250,578,77,618,123,36,492,740,635,611,676,435,357,432,710,415,711,604,747,205,404,666,175,482,307,28,343,116,701,82,679,88,739,193,726,498,429,208,589,14,60,160,738,148,696,331,730,684,105,214,391,458,670,140,480,446,130,622,736,685,200,362,37,431,335,718,591,95,104,54,600,463,664,138,571,487,621,418,285,461,228,379,136,580,548,537,113,506,552,213,614,369,543,528,173,341,167,347,462,83,414,267,118,748,47,128,388,63,744,559,21,682,495,645,656,34,549,509,364,627,162,719,609,613,58,504,671,517,660,607,602,445,743,244,178,499,312,206,433,78,416,460,728,217,464,322,669,392,230,373,161,427,534,455,372,49,219,361,67,417,320,6,241,424,158,229,452,742,5,196,668,124,260,72,704,234,242,85,466,712,453,80,354,272,467,378,527,366,703,477,456,590,66,94,183,603,8,567,471,749,258,720,324,64,628,359,476,31,585,519,557,353,163,501,207,342,619,516,141,551,449,325,111,69,408,652,171,12,187,224,683,323,723,724,218,573,568,612,705,290,502,249,746,131,43,279,223,351,112,457,233,525,169,165,53,92,368,443,451,715,119,44,3,587,626,340,152,159,305,254,486,638,377,515,280,428,129,73,410,263,447,157,35,189,667,633,716,97,727,360,387,472,186,734,336,29,294,147,691,572,321,292,345,10,349,547,524,156,273,629,109,221,450,729,365,291,394,98,240,338,714,401,497,675,143,398,65,237,295,257,311,289,288,496,520,484,177,444,71,686,632,51,0,231,227,735,142,440,687,286,556,441,737,555,625,332,79,553,636,236,154,210,563,699,695,605,469,243,630,648,562,246,68,599,301,411,406,48,581,644,380,198,1,284,640,426,133,300,59,277,565,439,146,608,488,561,114,475,304,202,674,741,454,473,722,151,505,329,87,616,262,702,721,32,579,399,659,623,2,470,184,596,164,576,330,145,302,658,434,448,545,371,397,662,409,597,350,586,125,24,653,101,601,181,275,508,75,204,403,303,25,89,678,546,238,582,144,407,269,127,393,382,663,55,108,132,400,507,620,370,593,149,594,172,170,493,45,535,102,610,657,732,220,319,203,442,681,575,624,39,23,713,425,646,690,655,268,673,542,733,255,356,661,190,438,247,514,50,592,474,115,386,694,489,402,271,174,134,355,698,697,137,293,700,672,352,337,437,297,479,194,252,649,314,339,46,494,550,122,226,709,522,261,564,225,309,232,11,358,647,99,256,86,512,264,117,405,396,306,389,278,459,634,375,153,298,222,530,617,266,536,390,598,381,81,215,574,478,16,346,367,421,30,503,500,93,745,276,248,103,641,665,299,27,385,259,677,17,100,643,688,211,420,554,84,251,296,274,374,639,490,395,376,383,20,195,384,199,61,245,282,532,176,106,631,57,317,327,642,26,731,121,529,566,52,544,436,651,584,510,717,209,253,107,19,182,70,344,191,313,315,588,188,318,483,348,615,22,265,560,531,7,4,185,
70,34.955992698669434,169862.80393560554,166735.30014330742,523,287,168,637,56,139,38,689,120,583,692,76,577,491,33,308,413,62,180,570,334,707,42,9,197,150,166,363,708,485,650,316,91,541,18,326,90,110,281,41,179,40,328,654,569,680,558,606,595,333,533,693,96,521,725,239,74,283,481,513,135,201,511,430,13,155,538,539,216,706,526,192,126,423,419,412,270,465,540,235,422,468,518,212,15,310,250,578,77,618,123,36,492,740,635,611,676,435,357,432,710,415,711,604,747,205,404,666,175,482,307,28,343,116,701,82,679,88,739,193,726,498,429,208,589,14,60,160,738,148,696,331,730,684,105,214,391,458,670,140,480,446,130,622,736,685,200,362,37,431,335,718,591,95,104,54,600,463,664,138,571,487,621,418,285,461,228,379,136,580,548,537,113,506,552,213,614,369,543,528,173,341,167,347,462,83,414,267,118,748,47,128,388,63,744,559,21,682,495,645,656,34,549,509,364,627,162,719,609,613,58,504,671,517,660,607,602,445,743,244,178,499,312,206,433,78,416,460,728,217,464,322,669,392,230,373,161,427,534,455,372,49,219,361,67,417,320,6,241,424,158,229,452,742,5,196,668,124,260,72,704,234,242,85,466,712,453,80,354,272,467,378,527,366,703,477,456,147,590,66,94,183,603,8,567,471,749,258,720,324,64,628,359,476,31,585,519,557,353,163,501,207,342,619,516,141,551,449,325,111,69,408,652,171,12,187,224,683,323,723,724,218,573,568,612,705,290,502,249,746,131,43,279,223,351,112,457,233,525,169,165,53,92,368,443,451,715,119,44,3,587,626,340,152,159,305,254,486,638,377,515,280,428,129,73,410,263,447,157,35,189,667,633,716,97,727,360,387,472,186,734,336,29,294,691,572,321,292,345,10,349,547,524,156,273,629,109,221,450,729,365,291,394,98,240,338,714,401,497,675,143,398,65,237,295,257,311,289,288,496,520,484,177,444,71,686,632,51,0,231,227,735,142,440,687,286,556,441,737,555,625,332,79,553,636,236,154,210,563,699,695,605,469,243,630,648,562,246,68,599,301,411,406,48,581,644,380,198,1,284,640,426,133,300,59,277,565,439,146,608,488,561,114,475,304,202,674,741,454,473,722,151,505,329,87,616,262,702,721,32,579,399,659,623,2,470,184,596,164,576,330,145,302,658,434,448,545,371,397,662,409,597,350,586,125,24,653,101,601,181,275,508,75,204,403,303,25,89,678,546,238,582,144,407,269,127,393,382,663,55,108,132,400,507,620,370,593,149,594,172,170,493,45,535,102,610,657,732,220,319,203,442,681,575,624,39,23,713,425,646,690,655,268,673,542,733,255,356,661,190,438,247,514,50,592,474,115,386,694,489,402,271,174,134,355,698,697,137,293,700,672,352,337,437,297,479,194,252,649,314,339,46,494,550,122,226,709,522,261,564,225,309,232,11,358,647,99,256,86,512,264,117,405,396,306,389,278,459,634,375,153,298,222,530,617,266,536,390,598,381,81,215,574,478,16,346,367,421,30,503,500,93,745,276,248,103,641,665,299,27,385,259,677,17,100,643,688,211,420,554,84,251,296,274,374,639,490,395,376,383,20,195,384,199,61,245,282,532,176,106,631,57,317,327,642,26,731,121,529,566,52,544,436,651,584,510,717,209,253,107,19,182,70,344,191,313,315,588,188,318,483,348,615,22,265,560,531,7,4,185,
71,35.340458393096924,170111.8000354751,166426.92998541263,523,287,168,637,56,139,38,689,120,583,692,76,577,491,33,308,413,62,180,570,334,707,42,9,197,150,166,363,708,485,650,316,91,541,18,326,90,110,281,41,179,40,328,654,569,680,558,606,595,333,533,693,96,521,725,239,74,283,481,513,135,201,511,430,13,155,538,539,216,706,526,192,126,423,419,412,270,465,540,235,422,468,518,212,15,310,250,578,77,618,123,36,492,740,635,611,676,435,357,432,710,415,711,604,747,205,404,666,175,482,307,28,343,116,701,82,679,88,739,193,726,498,429,208,589,14,60,160,738,148,696,331,730,684,105,214,391,458,670,140,480,446,130,622,736,685,200,362,37,431,335,718,591,95,104,54,600,463,664,138,571,487,621,418,285,461,228,379,136,580,548,537,113,506,552,213,614,369,543,528,173,341,167,347,462,83,414,267,118,748,47,128,388,63,744,559,21,682,495,645,656,34,549,509,364,627,162,719,609,613,58,504,671,517,660,607,602,445,743,244,178,499,312,206,433,78,416,460,728,217,464,322,669,392,230,373,161,427,534,455,372,49,219,361,67,417,320,6,241,424,158,229,452,742,5,196,668,124,260,72,704,234,242,85,466,712,453,80,354,272,467,378,527,366,703,477,691,572,456,147,590,66,94,183,603,8,567,471,749,258,720,324,64,628,359,476,31,585,519,557,353,163,501,207,342,619,516,141,551,449,325,111,69,408,652,171,12,187,224,683,323,723,724,218,573,568,612,705,290,502,249,746,131,43,279,223,351,112,457,233,525,169,165,53,92,368,443,451,715,119,44,3,587,626,340,152,159,305,254,486,638,377,515,280,428,129,73,410,263,447,157,35,189,667,633,716,97,727,360,387,472,186,734,336,29,294,321,292,345,10,349,547,524,156,273,629,109,221,450,729,365,291,394,98,240,338,714,401,497,675,143,398,65,237,295,257,311,289,288,496,520,484,177,444,71,686,632,51,0,231,227,735,142,440,687,286,556,441,737,555,625,332,79,553,636,236,154,210,563,699,695,605,469,243,630,648,562,246,68,599,301,411,406,48,581,644,380,198,1,284,640,426,133,300,59,277,565,439,146,608,488,561,114,475,304,202,674,741,454,473,722,151,505,329,87,616,262,702,721,32,579,399,659,623,2,470,184,596,164,576,330,145,302,658,434,448,545,371,397,662,409,597,350,586,125,24,653,101,601,181,275,508,75,204,403,303,25,89,678,546,238,582,144,407,269,127,393,382,663,55,108,132,400,507,620,370,593,149,594,172,170,493,45,535,102,610,657,732,220,319,203,442,681,575,624,39,23,713,425,646,690,655,268,673,542,733,255,356,661,190,438,247,514,50,592,474,115,386,694,489,402,271,174,134,355,698,697,137,293,700,672,352,337,437,297,479,194,252,649,314,339,46,494,550,122,226,709,522,261,564,225,309,232,11,358,647,99,256,86,512,264,117,405,396,306,389,278,459,634,375,153,298,222,530,617,266,536,390,598,381,81,215,574,478,16,346,367,421,30,503,500,93,745,276,248,103,641,665,299,27,385,259,677,17,100,643,688,211,420,554,84,251,296,274,374,639,490,395,376,383,20,195,384,199,61,245,282,532,176,106,631,57,317,327,642,26,731,121,529,566,52,544,436,651,584,510,717,209,253,107,19,182,70,344,191,313,315,588,188,318,483,348,615,22,265,560,531,7,4,185,
72,35.71813225746155,169102.69097419377,166262.76551580004,523,287,168,637,56,139,38,689,120,583,692,76,577,491,33,308,413,62,180,570,334,707,42,9,197,150,166,363,708,485,650,316,91,541,18,326,90,110,281,41,179,40,328,654,569,680,558,606,595,333,533,693,96,521,725,239,74,283,481,513,135,201,511,430,13,155,538,539,216,706,526,192,126,423,419,412,270,465,540,235,422,468,518,212,15,310,250,578,77,618,123,36,492,740,635,611,676,435,357,432,710,415,711,604,747,205,404,666,175,482,307,28,343,116,701,82,679,88,739,193,726,498,429,208,589,14,60,160,738,148,696,331,730,684,105,214,391,458,670,140,480,446,130,622,736,685,200,362,37,431,335,718,591,95,104,54,600,463,664,138,571,487,621,418,285,461,228,379,136,580,548,537,113,506,552,213,614,369,543,528,173,341,167,347,462,83,414,267,118,748,47,128,388,63,744,559,21,682,495,645,656,34,549,509,364,627,162,719,609,613,58,504,671,517,660,607,602,445,743,244,178,499,312,206,433,78,416,460,728,217,464,322,669,392,230,373,161,427,534,455,372,49,219,361,67,417,320,6,241,424,158,229,452,742,5,196,668,124,260,72,704,234,242,85,466,712,453,80,354,272,467,378,527,366,703,477,691,572,147,590,66,94,183,603,8,567,471,749,258,720,324,64,628,359,476,31,585,519,557,353,163,501,207,342,619,516,141,551,449,325,111,69,408,652,171,12,187,224,683,323,723,724,218,573,568,612,705,290,502,249,746,131,43,279,223,351,112,457,233,525,169,165,53,92,368,443,451,715,119,44,3,587,626,340,152,159,305,254,486,638,377,515,280,428,129,73,410,263,447,157,35,189,667,633,716,97,727,360,387,472,186,734,336,29,294,456,321,292,345,10,349,547,524,156,273,629,109,221,450,729,365,291,394,98,240,338,714,401,497,675,143,398,65,237,295,257,311,289,288,496,520,484,177,444,71,686,632,51,0,231,227,735,142,440,687,286,556,441,737,555,625,332,79,553,636,236,154,210,563,699,695,605,469,243,630,648,562,246,68,599,301,411,406,48,581,644,380,198,1,284,640,426,133,300,59,277,565,439,146,608,488,561,114,475,304,202,674,741,454,473,722,151,505,329,87,616,262,702,721,32,579,399,659,623,2,470,184,596,164,576,330,145,302,658,434,448,545,371,397,662,409,597,350,586,125,24,653,101,601,181,275,508,75,204,403,303,25,89,678,546,238,582,144,407,269,127,393,382,663,55,108,132,400,507,620,370,593,149,594,172,170,493,45,535,102,610,657,732,220,319,203,442,681,575,624,39,23,713,425,646,690,655,268,673,542,733,255,356,661,190,438,247,514,50,592,474,115,386,694,489,402,271,174,134,355,698,697,137,293,700,672,352,337,437,297,479,194,252,649,314,339,46,494,550,122,226,709,522,261,564,225,309,232,11,358,647,99,256,86,512,264,117,405,396,306,389,278,459,634,375,153,298,222,530,617,266,536,390,598,381,81,215,574,478,16,346,367,421,30,503,500,93,745,276,248,103,641,665,299,27,385,259,677,17,100,643,688,211,420,554,84,251,296,274,374,639,490,395,376,383,20,195,384,199,61,245,282,532,176,106,631,57,317,327,642,26,731,121,529,566,52,544,436,651,584,510,717,209,253,107,19,182,70,344,191,313,315,588,188,318,483,348,615,22,265,560,531,7,4,185,
73,36.10311937332153,169910.99926558882,166200.38222777902,523,287,168,637,56,139,38,689,120,583,692,76,577,491,33,308,413,62,180,570,334,707,42,9,197,150,166,363,708,485,650,316,91,541,18,326,90,110,281,41,179,40,328,654,569,680,558,606,595,333,533,693,96,521,725,239,74,283,481,513,135,201,511,430,13,155,538,539,216,706,526,192,126,423,419,412,270,465,540,235,422,468,518,212,15,310,250,578,77,618,123,36,492,740,635,611,676,435,357,432,710,415,711,604,747,205,404,666,175,482,307,28,343,116,701,82,679,88,739,193,726,498,429,208,589,14,60,160,738,148,696,331,730,684,105,214,391,458,670,140,480,446,130,622,736,685,200,362,37,431,335,718,591,95,104,54,600,463,664,138,571,487,621,418,285,461,228,379,136,580,548,537,113,506,552,213,614,369,543,528,173,341,167,347,462,83,414,267,118,748,47,128,388,63,744,559,21,682,495,645,656,34,549,509,364,627,162,719,609,613,58,504,671,517,660,607,602,445,743,244,178,499,312,206,433,78,416,460,728,217,464,322,669,392,230,373,161,427,534,455,372,49,219,361,67,417,320,6,241,424,158,229,452,742,5,196,668,124,260,72,704,234,242,85,466,712,453,80,354,272,467,378,527,366,703,477,691,572,147,590,66,94,183,603,8,567,471,749,258,720,324,64,628,359,476,31,585,519,557,353,163,501,207,342,619,516,141,551,449,652,325,111,69,408,171,12,187,224,683,323,723,724,218,573,568,612,705,290,502,249,746,131,43,279,223,351,112,457,233,525,169,165,53,92,368,443,451,715,119,44,3,587,626,340,152,159,305,254,486,638,377,515,280,428,129,73,410,263,447,157,35,189,667,633,716,97,727,360,387,472,186,734,336,29,294,456,321,292,345,10,349,547,524,156,273,629,109,221,450,729,365,291,394,98,240,338,714,401,497,675,143,398,65,237,295,257,311,289,288,496,520,484,177,444,71,686,632,51,0,231,227,735,142,440,687,286,556,441,737,555,625,332,79,553,636,236,154,210,563,699,695,605,469,243,630,648,562,246,68,599,301,411,406,48,581,644,380,198,1,284,640,426,133,300,59,277,565,439,146,608,488,561,114,475,304,202,674,741,454,473,722,151,505,329,87,616,262,702,721,32,579,399,659,623,2,470,184,596,164,576,330,145,302,658,434,448,545,371,397,662,409,597,350,586,125,24,653,101,601,181,275,508,75,204,403,303,25,89,678,546,238,582,144,407,269,127,393,382,663,55,108,132,400,507,620,370,593,149,594,172,170,493,45,535,102,610,657,732,220,319,203,442,681,575,624,39,23,713,425,646,690,655,268,673,542,733,255,356,661,190,438,247,514,50,592,474,115,386,694,489,402,271,174,134,355,698,697,137,293,700,672,352,337,437,297,479,194,252,649,314,339,46,494,550,122,226,709,522,261,564,225,309,232,11,358,647,99,256,86,512,264,117,405,396,306,389,278,459,634,375,153,298,222,530,617,266,536,390,598,381,81,215,574,478,16,346,367,421,30,503,500,93,745,276,248,103,641,665,299,27,385,259,677,17,100,643,688,211,420,554,84,251,296,274,374,639,490,395,376,383,20,195,384,199,61,245,282,532,176,106,631,57,317,327,642,26,731,121,529,566,52,544,436,651,584,510,717,209,253,107,19,182,70,344,191,313,315,588,188,318,483,348,615,22,265,560,531,7,4,185,
74,36.54576897621155,169110.73720178127,166053.1734384636,523,287,168,637,56,139,38,689,120,583,692,76,577,491,33,308,413,62,180,570,334,707,42,9,197,150,166,363,708,485,650,316,91,541,18,326,90,110,281,41,179,40,328,654,569,680,558,606,595,333,533,693,96,521,725,239,74,283,481,513,135,201,511,430,13,155,538,539,216,706,526,192,126,423,419,412,270,465,540,235,422,468,518,212,15,310,250,578,77,618,123,36,492,740,635,611,676,435,357,432,710,415,711,604,747,205,404,666,175,482,307,28,343,116,701,82,679,88,739,193,726,498,429,208,589,14,60,160,738,148,696,331,730,684,105,214,391,458,670,140,480,446,130,622,736,685,200,362,37,431,335,718,591,95,104,54,600,463,664,138,571,487,621,418,285,461,228,379,136,580,548,537,113,506,552,213,614,369,543,528,173,341,167,347,462,83,414,267,118,748,47,128,388,63,744,559,21,682,495,645,656,34,549,509,364,627,162,719,609,613,58,504,671,517,660,607,602,445,743,244,178,499,312,206,433,78,416,460,728,217,464,322,669,392,230,373,161,427,534,455,372,49,219,361,67,417,320,6,241,424,158,229,452,742,5,196,668,124,260,72,704,234,242,85,466,712,453,80,354,272,467,378,527,366,703,477,691,572,147,590,66,94,183,603,8,567,471,749,258,720,324,64,628,359,476,31,585,519,557,353,163,501,207,342,619,516,141,551,449,652,325,111,69,171,12,187,224,683,323,723,724,218,573,568,612,705,290,502,249,746,131,43,279,223,351,112,457,233,525,169,165,53,408,92,368,443,451,715,119,44,3,587,626,340,152,159,305,254,486,638,377,515,280,428,129,73,410,263,447,157,35,189,667,633,716,97,727,360,387,472,186,734,336,29,294,456,321,292,345,10,349,547,524,156,273,629,109,221,450,729,365,291,394,98,240,338,714,401,497,675,143,398,65,237,295,257,311,289,288,496,520,484,177,444,71,686,632,51,0,231,227,735,142,440,687,286,556,441,737,555,625,332,79,553,636,236,154,210,563,699,695,605,469,243,630,648,562,246,68,599,301,411,406,48,581,644,380,198,1,284,640,426,133,300,59,277,565,439,146,608,488,561,114,475,304,202,674,741,454,473,722,151,505,329,87,616,262,702,721,32,579,399,659,623,2,470,184,596,164,576,330,145,302,658,434,448,545,371,397,662,409,597,350,586,125,24,653,101,601,181,275,508,75,204,403,303,25,89,678,546,238,582,144,407,269,127,393,382,663,55,108,132,400,507,620,370,593,149,594,172,170,493,45,535,102,610,657,732,220,319,203,442,681,575,624,39,23,713,425,646,690,655,268,673,542,733,255,356,661,190,438,247,514,50,592,474,115,386,694,489,402,271,174,134,355,698,697,137,293,700,672,352,337,437,297,479,194,252,649,314,339,46,494,550,122,226,709,522,261,564,225,309,232,11,358,647,99,256,86,512,264,117,405,396,306,389,278,459,634,375,153,298,222,530,617,266,536,390,598,381,81,215,574,478,16,346,367,421,30,503,500,93,745,276,248,103,641,665,299,27,385,259,677,17,100,643,688,211,420,554,84,251,296,274,374,639,490,395,376,383,20,195,384,199,61,245,282,532,176,106,631,57,317,327,642,26,731,121,529,566,52,544,436,651,584,510,717,209,253,107,19,182,70,344,191,313,315,588,188,318,483,348,615,22,265,560,531,7,4,185,
75,36.9364013671875,168780.737792235,165990.83234107797,523,287,168,637,56,139,38,689,120,583,692,76,577,491,33,308,413,62,180,570,334,707,42,9,197,150,166,363,708,485,650,316,91,541,18,326,90,110,281,41,179,40,328,654,569,680,558,606,595,333,533,693,96,521,725,239,74,283,481,513,135,201,511,430,13,155,538,539,216,706,526,192,126,423,419,412,270,465,540,235,422,468,518,212,15,310,250,578,77,618,123,36,492,740,635,611,676,435,357,432,710,415,711,604,747,205,404,666,175,482,307,28,343,116,701,82,679,88,739,193,726,498,429,208,589,14,60,160,738,148,696,331,730,684,105,214,391,458,670,140,480,446,130,622,736,685,200,362,37,431,335,718,591,95,104,54,600,463,664,138,571,487,621,418,285,461,228,379,136,580,548,537,113,506,552,213,614,369,543,528,173,341,167,347,462,83,414,267,118,748,47,128,388,63,744,559,21,682,495,645,656,34,549,509,364,627,162,719,609,613,58,504,671,517,660,607,602,445,743,244,178,499,312,206,433,78,416,460,728,217,464,322,669,392,230,373,161,427,534,455,372,49,219,361,67,417,320,6,241,424,158,229,452,742,5,196,668,124,260,72,704,234,242,85,466,712,453,80,354,272,467,378,527,366,703,477,691,572,147,590,66,94,183,603,8,567,471,749,258,720,324,64,628,359,476,31,585,519,557,353,163,501,207,342,619,516,141,551,449,652,325,111,69,171,12,187,224,683,323,723,724,218,573,568,612,705,290,502,249,746,131,43,279,223,351,112,457,233,525,169,165,53,408,92,368,443,451,715,119,44,3,587,626,340,152,159,305,254,486,638,377,515,280,428,129,73,410,263,447,157,35,189,667,633,716,97,727,360,387,472,186,734,336,29,294,456,321,292,345,10,349,547,524,156,273,629,109,221,450,729,365,291,394,98,240,338,714,401,497,675,143,398,65,237,295,257,311,289,288,496,520,484,177,444,71,686,632,51,0,231,227,735,142,440,687,286,556,441,737,555,625,332,79,553,636,236,154,210,563,699,695,605,469,243,630,648,562,246,68,599,301,411,406,48,581,644,380,198,1,284,640,426,133,300,59,277,565,439,146,608,488,561,114,304,202,674,741,454,473,722,151,505,329,87,616,262,702,721,32,579,399,659,623,2,470,184,596,164,576,330,145,302,658,434,448,545,371,397,662,409,597,350,586,125,24,653,101,601,181,275,508,75,204,403,303,25,89,678,546,238,582,144,407,269,127,393,382,475,663,55,108,132,400,507,620,370,593,149,594,172,170,493,45,535,102,610,657,732,220,319,203,442,681,575,624,39,23,713,425,646,690,655,268,673,542,733,255,356,661,190,438,247,514,50,592,474,115,386,694,489,402,271,174,134,355,698,697,137,293,700,672,352,337,437,297,479,194,252,649,314,339,46,494,550,122,226,709,522,261,564,225,309,232,11,358,647,99,256,86,512,264,117,405,396,306,389,278,459,634,375,153,298,222,530,617,266,536,390,598,381,81,215,574,478,16,346,367,421,30,503,500,93,745,276,248,103,641,665,299,27,385,259,677,17,100,643,688,211,420,554,84,251,296,274,374,639,490,395,376,383,20,195,384,199,61,245,282,532,176,106,631,57,317,327,642,26,731,121,529,566,52,544,436,651,584,510,717,209,253,107,19,182,70,344,191,313,315,588,188,318,483,348,615,22,265,560,531,7,4,185,
76,37.32677459716797,169931.24015539943,165932.51535056834,523,287,168,637,56,139,38,689,120,583,692,76,577,491,33,308,413,62,180,570,334,707,42,9,197,150,166,363,708,485,650,316,91,541,18,326,90,110,281,41,179,40,328,654,569,680,558,606,595,333,533,693,96,521,725,239,74,283,481,513,135,201,511,430,13,155,538,539,216,706,526,192,126,423,419,412,270,465,540,235,422,468,518,212,15,310,250,578,77,618,123,36,492,740,635,611,676,435,357,432,710,415,711,604,747,205,404,666,175,482,307,28,343,116,701,82,679,88,739,193,726,498,429,208,589,14,60,160,738,148,696,331,730,684,105,214,391,458,670,140,480,446,130,622,736,685,200,362,37,431,335,718,591,95,104,54,600,463,664,138,571,487,621,418,285,461,228,379,136,580,548,537,113,506,552,213,614,369,543,528,173,341,167,347,462,83,414,267,748,47,118,128,388,63,744,559,21,682,495,645,656,34,549,509,364,627,162,719,609,613,58,504,671,517,660,607,602,445,743,244,178,499,312,206,433,78,416,460,728,217,464,322,669,392,230,373,161,427,534,455,372,49,219,361,67,417,320,6,241,424,158,229,452,742,5,196,668,124,260,72,704,234,242,85,466,712,453,80,354,272,467,378,527,366,703,477,691,572,147,590,66,94,183,603,8,567,471,749,258,720,324,64,628,359,476,31,585,519,557,353,163,501,207,342,619,516,141,551,449,652,325,111,69,171,12,187,224,683,323,723,724,218,573,568,612,705,290,502,249,746,131,43,279,223,351,112,457,233,525,169,165,53,408,92,368,443,451,715,119,44,3,587,626,340,152,159,305,254,486,638,377,515,280,428,129,73,410,263,447,157,35,189,667,633,716,97,727,360,387,472,186,734,336,29,294,456,321,292,345,10,349,547,524,156,273,629,109,221,450,729,365,291,394,98,240,338,714,401,497,675,143,398,65,237,295,257,311,289,288,496,520,484,177,444,71,686,632,51,0,231,227,735,142,440,687,286,556,441,737,555,625,332,79,553,636,236,154,210,563,699,695,605,469,243,630,648,562,246,68,599,301,411,406,48,581,644,380,198,1,284,640,426,133,300,59,277,565,439,146,608,488,561,114,304,202,674,741,454,473,722,151,505,329,87,616,262,702,721,32,579,399,659,623,2,470,184,596,164,576,330,145,302,658,434,448,545,371,397,662,409,597,350,586,125,24,653,101,601,181,275,508,75,204,403,303,25,89,678,546,238,582,144,407,269,127,393,382,475,663,55,108,132,400,507,620,370,593,149,594,172,170,493,45,535,102,610,657,732,220,319,203,442,681,575,624,39,23,713,425,646,690,655,268,673,542,733,255,356,661,190,438,247,514,50,592,474,115,386,694,489,402,271,174,134,355,698,697,137,293,700,672,352,337,437,297,479,194,252,649,314,339,46,494,550,122,226,709,522,261,564,225,309,232,11,358,647,99,256,86,512,264,117,405,396,306,389,278,459,634,375,153,298,222,530,617,266,536,390,598,381,81,215,574,478,16,346,367,421,30,503,500,93,745,276,248,103,641,665,299,27,385,259,677,17,100,643,688,211,420,554,84,251,296,274,374,639,490,395,376,383,20,195,384,199,61,245,282,532,176,106,631,57,317,327,642,26,731,121,529,566,52,544,436,651,584,510,717,209,253,107,19,182,70,344,191,313,315,588,188,318,483,348,615,22,265,560,531,7,4,185,
77,37.694610595703125,169216.7974658402,165876.83389398863,523,287,168,637,56,139,38,689,120,583,692,76,577,491,33,308,413,62,180,570,334,707,42,9,197,150,166,363,708,485,650,316,91,541,18,326,90,110,281,41,179,40,328,654,569,680,558,606,595,333,533,693,96,521,725,239,74,283,481,513,135,201,511,430,13,155,538,539,706,526,216,192,126,423,419,412,270,465,540,235,422,468,518,212,15,310,250,578,77,618,123,36,492,740,635,611,676,435,357,432,710,415,711,604,747,205,404,666,175,482,307,28,343,116,701,82,679,88,739,193,726,498,429,208,589,14,60,160,738,148,696,331,730,684,105,214,391,458,670,140,480,446,130,622,736,685,200,362,37,431,335,718,591,95,104,54,600,463,664,138,571,487,621,418,285,461,228,379,136,580,548,537,113,506,552,213,614,369,543,528,173,341,167,347,462,83,414,267,748,47,118,128,388,63,744,559,21,682,495,645,656,34,549,509,364,627,162,719,609,613,58,504,671,517,660,607,602,445,743,244,178,499,312,206,433,78,416,460,728,217,464,322,669,392,230,373,161,427,534,455,372,49,219,361,67,417,320,6,241,424,158,229,452,742,5,196,668,124,260,72,704,234,242,85,466,712,453,80,354,272,467,378,527,366,703,477,691,572,147,590,66,94,183,603,8,567,471,749,258,720,324,64,628,359,476,31,585,519,557,353,163,501,207,342,619,516,141,551,449,652,325,111,69,171,12,187,224,683,323,723,724,218,573,568,612,705,290,502,249,746,131,43,279,223,351,112,457,233,525,169,165,53,408,92,368,443,451,715,119,44,3,587,626,340,152,159,305,254,486,638,377,515,280,428,129,73,410,263,447,157,35,189,667,633,716,97,727,360,387,472,186,734,336,29,294,456,321,292,345,10,349,547,524,156,273,629,109,221,450,729,365,291,394,98,240,338,714,401,497,675,143,398,65,237,295,257,311,289,288,496,520,484,177,444,71,686,632,51,0,231,227,735,142,440,687,286,556,441,737,555,625,332,79,553,636,236,154,210,563,699,695,605,469,243,630,648,562,246,68,599,301,411,406,48,581,644,380,198,1,284,640,426,133,300,59,277,565,439,146,608,488,561,114,304,202,674,741,454,473,722,151,505,329,87,616,262,702,721,32,579,399,659,623,2,470,184,596,164,576,330,145,302,658,434,448,545,371,397,662,409,597,350,586,125,24,653,101,601,181,275,508,75,204,403,303,25,89,678,546,238,582,144,407,269,127,393,382,475,663,55,108,132,400,507,620,370,593,149,594,172,170,493,45,535,102,610,657,732,220,319,203,442,681,575,624,39,23,713,425,646,690,655,268,673,542,733,255,356,661,190,438,247,514,50,592,474,115,386,694,489,402,271,174,134,355,698,697,137,293,700,672,352,337,437,297,479,194,252,649,314,339,46,494,550,122,226,709,522,261,564,225,309,232,11,358,647,99,256,86,512,264,117,405,396,306,389,278,459,634,375,153,298,222,530,617,266,536,390,598,381,81,215,574,478,16,346,367,421,30,503,500,93,745,276,248,103,641,665,299,27,385,259,677,17,100,643,688,211,420,554,84,251,296,274,374,639,490,395,376,383,20,195,384,199,61,245,282,532,176,106,631,57,317,327,642,26,731,121,529,566,52,544,436,651,584,510,717,209,253,107,19,182,70,344,191,313,315,588,188,318,483,348,615,22,265,560,531,7,4,185,
78,38.04708218574524,169063.73909731567,165822.61871767027,523,287,168,637,56,139,38,689,120,583,692,76,577,491,33,308,413,62,180,570,334,707,42,9,197,150,166,363,708,485,650,316,91,541,18,326,90,110,281,41,179,40,328,654,569,680,558,606,595,333,533,693,96,521,725,239,74,283,481,513,135,201,511,430,13,155,538,539,706,526,216,192,126,423,419,412,270,465,540,235,422,468,518,212,15,310,250,578,77,618,123,36,492,740,635,611,676,435,357,432,710,415,711,604,747,205,404,666,482,175,307,28,343,116,701,82,679,88,739,193,726,498,429,208,589,14,60,160,738,148,696,331,730,684,105,214,391,458,670,140,480,446,130,622,736,685,200,362,37,431,335,718,591,95,104,54,600,463,664,138,571,487,621,418,285,461,228,379,136,580,548,537,113,506,552,213,614,369,543,528,173,341,167,347,462,83,414,267,748,47,118,128,388,63,744,559,21,682,495,645,656,34,549,509,364,627,162,719,609,613,58,504,671,517,660,607,602,445,743,244,178,499,312,206,433,78,416,460,728,217,464,322,669,392,230,373,161,427,534,455,372,49,219,361,67,417,320,6,241,424,158,229,452,742,5,196,668,124,260,72,704,234,242,85,466,712,453,80,354,272,467,378,527,366,703,477,691,572,147,590,66,94,183,603,8,567,471,749,258,720,324,64,628,359,476,31,585,519,557,353,163,501,207,342,619,516,141,551,449,652,325,111,69,171,12,187,224,683,323,723,724,218,573,568,612,705,290,502,249,746,131,43,279,223,351,112,457,233,525,169,165,53,408,92,368,443,451,715,119,44,3,587,626,340,152,159,305,254,486,638,377,515,280,428,129,73,410,263,447,157,35,189,667,633,716,97,727,360,387,472,186,734,336,29,294,456,321,292,345,10,349,547,524,156,273,629,109,221,450,729,365,291,394,98,240,338,714,401,497,675,143,398,65,237,295,257,311,289,288,496,520,484,177,444,71,686,632,51,0,231,227,735,142,440,687,286,556,441,737,555,625,332,79,553,636,236,154,210,563,699,695,605,469,243,630,648,562,246,68,599,301,411,406,48,581,644,380,198,1,284,640,426,133,300,59,277,565,439,146,608,488,561,114,304,202,674,741,454,473,722,151,505,329,87,616,262,702,721,32,579,399,659,623,2,470,184,596,164,576,330,145,302,658,434,448,545,371,397,662,409,597,350,586,125,24,653,101,601,181,275,508,75,204,403,303,25,89,678,546,238,582,144,407,269,127,393,382,475,663,55,108,132,400,507,620,370,593,149,594,172,170,493,45,535,102,610,657,732,220,319,203,442,681,575,624,39,23,713,425,646,690,655,268,673,542,733,255,356,661,190,438,247,514,50,592,474,115,386,694,489,402,271,174,134,355,698,697,137,293,700,672,352,337,437,297,479,194,252,649,314,339,46,494,550,122,226,709,522,261,564,225,309,232,11,358,647,99,256,86,512,264,117,405,396,306,389,278,459,634,375,153,298,222,530,617,266,536,390,598,381,81,215,574,478,16,346,367,421,30,503,500,93,745,276,248,103,641,665,299,27,385,259,677,17,100,643,688,211,420,554,84,251,296,274,374,639,490,395,376,383,20,195,384,199,61,245,282,532,176,106,631,57,317,327,642,26,731,121,529,566,52,544,436,651,584,510,717,209,253,107,19,182,70,344,191,313,315,588,188,318,483,348,615,22,265,560,531,7,4,185,
79,38.44932436943054,169184.07830448585,165769.05436849676,523,287,168,637,56,139,38,689,120,583,692,76,577,491,33,308,413,62,180,570,334,707,42,9,197,150,166,363,708,485,650,316,91,541,18,326,90,110,281,41,179,40,328,654,569,680,558,606,595,333,533,693,96,521,725,239,74,283,481,513,135,201,511,430,13,155,538,539,706,526,216,192,126,423,419,412,270,465,540,235,422,468,518,212,15,310,250,578,77,618,123,36,492,740,635,611,676,435,357,432,710,415,711,604,747,205,404,666,482,175,307,28,343,116,701,82,679,88,739,193,726,498,429,208,589,14,60,160,738,148,696,331,730,684,105,214,391,458,670,140,480,446,130,622,736,685,200,362,37,431,335,718,591,95,104,54,600,463,664,138,571,487,621,418,285,461,228,379,136,580,548,537,113,506,552,213,614,369,543,528,173,341,167,347,462,83,414,267,748,47,118,128,388,63,744,559,21,682,495,645,656,34,549,509,364,627,162,719,609,613,58,504,671,517,660,607,602,445,743,244,178,499,312,206,433,78,416,460,728,217,464,322,669,392,230,373,161,427,534,455,372,49,219,361,67,417,320,6,241,424,158,229,452,742,5,196,668,124,260,72,704,234,242,85,466,712,453,80,354,272,467,378,527,366,703,477,691,572,147,590,66,94,183,603,8,567,471,749,258,720,324,64,628,359,476,31,585,519,557,353,501,207,342,619,516,141,551,449,652,325,111,69,171,12,187,224,683,323,723,724,163,218,573,568,612,705,290,502,249,746,131,43,279,223,351,112,457,233,525,169,165,53,408,92,368,443,451,715,119,44,3,587,626,340,152,159,305,254,486,638,377,515,280,428,129,73,410,263,447,157,35,189,667,633,716,97,727,360,387,472,186,734,336,29,294,456,321,292,345,10,349,547,524,156,273,629,109,221,450,729,365,291,394,98,240,338,714,401,497,675,143,398,65,237,295,257,311,289,288,496,520,484,177,444,71,686,632,51,0,231,227,735,142,440,687,286,556,441,737,555,625,332,79,553,636,236,154,210,563,699,695,605,469,243,630,648,562,246,68,599,301,411,406,48,581,644,380,198,1,284,640,426,133,300,59,277,565,439,146,608,488,561,114,304,202,674,741,454,473,722,151,505,329,87,616,262,702,721,32,579,399,659,623,2,470,184,596,164,576,330,145,302,658,434,448,545,371,397,662,409,597,350,586,125,24,653,101,601,181,275,508,75,204,403,303,25,89,678,546,238,582,144,407,269,127,393,382,475,663,55,108,132,400,507,620,370,593,149,594,172,170,493,45,535,102,610,657,732,220,319,203,442,681,575,624,39,23,713,425,646,690,655,268,673,542,733,255,356,661,190,438,247,514,50,592,474,115,386,694,489,402,271,174,134,355,698,697,137,293,700,672,352,337,437,297,479,194,252,649,314,339,46,494,550,122,226,709,522,261,564,225,309,232,11,358,647,99,256,86,512,264,117,405,396,306,389,278,459,634,375,153,298,222,530,617,266,536,390,598,381,81,215,574,478,16,346,367,421,30,503,500,93,745,276,248,103,641,665,299,27,385,259,677,17,100,643,688,211,420,554,84,251,296,274,374,639,490,395,376,383,20,195,384,199,61,245,282,532,176,106,631,57,317,327,642,26,731,121,529,566,52,544,436,651,584,510,717,209,253,107,19,182,70,344,191,313,315,588,188,318,483,348,615,22,265,560,531,7,4,185,
80,38.82446622848511,168541.8616153317,165703.9759473232,523,287,168,637,56,139,38,689,120,583,692,76,577,491,33,308,413,62,180,570,334,707,42,9,197,150,166,363,708,485,650,316,91,541,18,326,90,110,281,41,179,40,328,654,569,680,558,606,595,333,533,693,96,521,725,239,74,283,481,513,135,201,511,430,13,155,538,539,706,526,216,192,126,423,419,412,270,465,540,235,422,468,518,212,15,310,250,578,77,618,123,36,492,740,635,611,676,435,357,432,710,415,711,604,747,205,404,666,482,175,307,28,343,116,701,82,679,88,739,193,726,498,429,208,589,14,60,160,738,148,696,331,730,684,105,214,391,458,670,140,480,446,130,622,736,685,200,362,37,431,335,718,591,95,104,54,600,463,664,138,571,487,621,418,285,461,228,379,136,580,548,537,113,506,552,213,614,369,543,528,173,341,167,347,462,83,414,267,748,47,118,128,388,63,744,559,21,682,495,645,656,34,549,509,364,627,162,719,609,613,58,504,671,517,660,607,602,445,743,244,178,499,312,206,433,78,416,460,728,217,464,322,669,392,230,373,161,427,534,455,372,49,219,361,67,417,320,6,241,424,158,229,452,742,5,196,668,124,260,72,704,234,242,85,466,712,453,80,354,272,467,378,527,366,703,477,691,572,147,590,66,94,183,603,8,567,471,749,258,720,324,64,628,359,476,31,585,519,557,353,323,723,724,163,501,207,342,619,516,141,551,449,652,325,111,69,171,12,187,224,683,218,573,568,612,705,290,502,249,746,131,43,279,223,351,112,457,233,525,169,165,53,408,92,368,443,451,715,119,44,3,587,626,340,152,159,305,254,486,638,377,515,280,428,129,73,410,263,447,157,35,189,667,633,716,97,727,360,387,472,186,734,336,29,294,456,321,292,345,10,349,547,524,156,273,629,109,221,450,729,365,291,394,98,240,338,714,401,497,675,143,398,65,237,295,257,311,289,288,496,520,484,177,444,71,686,632,51,0,231,227,735,142,440,687,286,556,441,737,555,625,332,79,553,636,236,154,210,563,699,695,605,469,243,630,648,562,246,68,599,301,411,406,48,581,644,380,198,1,284,640,426,133,300,59,277,565,439,146,608,488,561,114,304,202,674,741,454,473,722,151,505,329,87,616,262,702,721,32,579,399,659,623,2,470,184,596,164,576,330,145,302,658,434,448,545,371,397,662,409,597,350,586,125,24,653,101,601,181,275,508,75,204,403,303,25,89,678,546,238,582,144,407,269,127,393,382,475,663,55,108,132,400,507,620,370,593,149,594,172,170,493,45,535,102,610,657,732,220,319,203,442,681,575,624,39,23,713,425,646,690,655,268,673,542,733,255,356,661,190,438,247,514,50,592,474,115,386,694,489,402,271,174,134,355,698,697,137,293,700,672,352,337,437,297,479,194,252,649,314,339,46,494,550,122,226,709,522,261,564,225,309,232,11,358,647,99,256,86,512,264,117,405,396,306,389,278,459,634,375,153,298,222,530,617,266,536,390,598,381,81,215,574,478,16,346,367,421,30,503,500,93,745,276,248,103,641,665,299,27,385,259,677,17,100,643,688,211,420,554,84,251,296,274,374,639,490,395,376,383,20,195,384,199,61,245,282,532,176,106,631,57,317,327,642,26,731,121,529,566,52,544,436,651,584,510,717,209,253,107,19,182,70,344,191,313,315,588,188,318,483,348,615,22,265,560,531,7,4,185,
81,39.22014045715332,167647.72341335894,165656.4662362454,523,287,168,637,56,139,38,689,120,583,692,76,577,491,33,308,413,62,180,570,334,707,42,9,197,150,166,363,708,485,650,316,91,541,18,326,90,110,281,41,179,40,328,654,569,680,558,606,595,333,533,693,96,521,725,239,74,283,481,513,135,201,511,430,13,155,538,539,706,526,216,192,126,423,419,412,270,465,540,235,422,468,518,212,15,310,250,578,77,618,123,36,492,740,635,611,676,435,357,432,710,415,711,604,747,205,404,666,482,175,307,28,343,116,701,82,679,88,739,193,726,498,429,208,589,14,60,160,738,148,696,331,730,684,105,214,391,458,670,140,480,446,130,622,736,685,200,362,37,431,335,718,591,95,104,54,600,463,664,138,571,487,621,418,285,461,228,379,136,580,548,537,113,506,552,213,614,369,543,528,173,341,167,347,462,83,414,267,748,47,118,128,388,63,744,559,21,682,495,645,656,34,549,509,364,627,162,719,609,613,58,504,671,517,660,607,602,445,743,244,178,499,312,206,433,78,416,460,728,217,464,322,669,392,230,373,161,427,534,455,372,49,219,361,67,417,320,6,241,424,158,229,452,742,5,196,668,124,260,72,704,234,242,85,466,712,453,80,354,272,467,378,527,366,703,477,691,572,147,590,66,94,183,603,8,567,471,749,258,720,324,64,628,359,476,31,585,519,557,353,323,224,683,218,723,724,163,501,207,342,619,516,141,551,449,652,325,111,69,171,12,187,573,568,612,705,290,502,249,746,131,43,279,223,351,112,457,233,525,169,165,53,408,92,368,443,451,715,119,44,3,587,626,340,152,159,305,254,486,638,377,515,280,428,129,73,410,263,447,157,35,189,667,633,716,97,727,360,387,472,186,734,336,29,294,456,321,292,345,10,349,547,524,156,273,629,109,221,450,729,365,291,394,98,240,338,714,401,497,675,143,398,65,237,295,257,311,289,288,496,520,484,177,444,71,686,632,51,0,231,227,735,142,440,687,286,556,441,737,555,625,332,79,553,636,236,154,210,563,699,695,605,469,243,630,648,562,246,68,599,301,411,406,48,581,644,380,198,1,284,640,426,133,300,59,277,565,439,146,608,488,561,114,304,202,674,741,454,473,722,151,505,329,87,616,262,702,721,32,579,399,659,623,2,470,184,596,164,576,330,145,302,658,434,448,545,371,397,662,409,597,350,586,125,24,653,101,601,181,275,508,75,204,403,303,25,89,678,546,238,582,144,407,269,127,393,382,475,663,55,108,132,400,507,620,370,593,149,594,172,170,493,45,535,102,610,657,732,220,319,203,442,681,575,624,39,23,713,425,646,690,655,268,673,542,733,255,356,661,190,438,247,514,50,592,474,115,386,694,489,402,271,174,134,355,698,697,137,293,700,672,352,337,437,297,479,194,252,649,314,339,46,494,550,122,226,709,522,261,564,225,309,232,11,358,647,99,256,86,512,264,117,405,396,306,389,278,459,634,375,153,298,222,530,617,266,536,390,598,381,81,215,574,478,16,346,367,421,30,503,500,93,745,276,248,103,641,665,299,27,385,259,677,17,100,643,688,211,420,554,84,251,296,274,374,639,490,395,376,383,20,195,384,199,61,245,282,532,176,106,631,57,317,327,642,26,731,121,529,566,52,544,436,651,584,510,717,209,253,107,19,182,70,344,191,313,315,588,188,318,483,348,615,22,265,560,531,7,4,185,
82,39.59269380569458,168623.8642366972,165346.66923729738,523,287,168,637,56,139,38,689,120,583,692,76,577,491,33,308,413,62,180,570,334,707,42,9,197,150,166,363,708,485,650,316,91,541,18,326,90,110,281,41,179,40,328,654,569,680,558,606,595,333,533,693,96,521,725,239,74,283,481,513,135,201,511,430,13,155,538,539,706,526,216,192,126,423,419,412,270,465,540,235,422,468,518,212,15,310,250,578,77,618,123,36,492,740,635,611,676,435,357,432,710,415,711,604,747,205,404,666,482,175,307,28,343,116,701,82,679,88,739,193,726,498,429,208,589,14,60,160,738,148,696,331,730,684,105,214,391,458,670,140,480,446,130,622,736,685,200,362,37,431,335,718,591,95,104,54,600,463,664,138,571,487,621,418,285,461,228,379,136,580,548,537,113,506,552,213,614,369,543,528,173,341,167,347,462,83,414,267,748,47,118,128,388,63,744,559,21,682,495,645,656,34,549,509,364,627,162,719,609,613,58,504,671,517,660,607,602,445,743,244,178,499,312,206,433,78,416,460,728,217,464,322,669,392,230,373,161,427,534,455,372,49,219,361,67,417,320,6,241,424,158,229,452,742,5,196,668,124,260,72,704,234,242,85,466,712,453,80,354,272,467,378,527,366,703,477,691,572,147,590,66,94,183,603,8,567,471,749,258,720,324,64,628,359,476,31,585,519,557,353,323,224,683,723,724,163,501,207,342,619,516,141,551,449,652,325,111,69,171,12,218,187,573,568,612,705,290,502,249,746,131,43,279,223,351,112,457,233,525,169,165,53,408,92,368,443,451,715,119,44,3,587,626,340,152,159,305,254,486,638,377,515,280,428,129,73,410,263,447,157,35,189,667,633,716,97,727,360,387,472,186,734,336,29,294,456,321,292,345,10,349,547,524,156,273,629,109,221,450,729,365,291,394,98,240,338,714,401,497,675,143,398,65,237,295,257,311,289,288,496,520,484,177,444,71,686,632,51,0,231,227,735,142,440,687,286,556,441,737,555,625,332,79,553,636,236,154,210,563,699,695,605,469,243,630,648,562,246,68,599,301,411,406,48,581,644,380,198,1,284,640,426,133,300,59,277,565,439,146,608,488,561,114,304,202,674,741,454,473,722,151,505,329,87,616,262,702,721,32,579,399,659,623,2,470,184,596,164,576,330,145,302,658,434,448,545,371,397,662,409,597,350,586,125,24,653,101,601,181,275,508,75,204,403,303,25,89,678,546,238,582,144,407,269,127,393,382,475,663,55,108,132,400,507,620,370,593,149,594,172,170,493,45,535,102,610,657,732,220,319,203,442,681,575,624,39,23,713,425,646,690,655,268,673,542,733,255,356,661,190,438,247,514,50,592,474,115,386,694,489,402,271,174,134,355,698,697,137,293,700,672,352,337,437,297,479,194,252,649,314,339,46,494,550,122,226,709,522,261,564,225,309,232,11,358,647,99,256,86,512,264,117,405,396,306,389,278,459,634,375,153,298,222,530,617,266,536,390,598,381,81,215,574,478,16,346,367,421,30,503,500,93,745,276,248,103,641,665,299,27,385,259,677,17,100,643,688,211,420,554,84,251,296,274,374,639,490,395,376,383,20,195,384,199,61,245,282,532,176,106,631,57,317,327,642,26,731,121,529,566,52,544,436,651,584,510,717,209,253,107,19,182,70,344,191,313,315,588,188,318,483,348,615,22,265,560,531,7,4,185,
83,39.959779262542725,167426.0102682237,165300.8760981695,523,287,168,637,56,139,38,689,120,583,692,76,577,491,33,308,413,62,180,570,334,707,42,9,197,150,166,363,708,485,650,316,91,541,18,326,90,110,281,41,179,40,328,654,569,680,558,606,595,333,533,693,96,521,725,239,74,283,481,513,135,201,511,430,13,155,538,539,706,526,216,192,126,423,419,412,270,465,540,235,422,468,518,212,15,310,250,578,77,618,123,36,492,740,635,611,676,435,357,432,710,415,711,604,747,205,404,666,482,175,307,28,343,116,701,82,679,88,739,193,726,498,429,208,589,14,60,160,738,148,696,331,730,684,105,214,391,458,670,140,480,446,130,622,736,685,200,362,37,431,335,718,591,95,104,54,600,463,664,138,571,487,621,418,285,461,228,379,136,580,548,537,113,506,552,213,614,369,543,528,173,341,167,347,462,83,414,267,748,47,118,128,388,63,744,559,21,682,495,645,656,34,549,509,364,627,162,719,609,613,58,504,671,517,660,607,602,445,743,244,178,499,312,206,433,78,416,460,728,217,464,322,669,392,230,373,161,427,534,455,372,49,219,361,67,417,320,6,241,424,158,229,452,742,5,196,668,124,260,72,704,234,242,85,466,712,453,80,354,272,467,378,527,366,703,477,691,572,147,590,66,94,183,603,8,567,471,749,258,720,324,64,628,359,476,31,585,519,557,353,323,224,683,723,724,163,501,207,342,619,516,141,551,449,652,325,111,69,171,12,218,187,573,568,612,705,290,502,249,746,131,43,279,223,351,112,457,233,525,169,165,53,408,92,368,443,451,715,119,44,3,587,626,340,152,159,305,254,486,638,377,515,280,428,129,73,410,263,447,157,35,189,667,633,716,97,727,360,387,472,186,734,336,29,294,456,321,292,345,10,349,547,524,156,273,629,109,221,450,729,365,291,394,98,240,338,714,401,497,675,143,398,65,237,295,257,311,289,288,496,520,484,177,444,71,686,632,51,0,231,227,735,142,440,687,286,556,441,737,555,625,332,79,553,636,236,154,210,563,699,695,605,469,243,630,648,562,246,68,599,301,411,406,48,581,644,380,198,1,284,640,426,133,300,59,277,565,439,146,608,488,561,114,304,202,674,741,454,473,722,151,505,329,87,616,262,702,721,32,579,399,659,623,2,470,184,596,164,576,330,145,302,658,434,448,545,371,397,662,409,597,350,586,125,24,653,101,601,181,275,508,75,204,403,303,25,89,678,546,238,582,144,407,269,127,393,382,475,663,55,108,132,400,507,620,370,593,149,594,172,170,493,45,535,102,610,657,732,220,319,203,442,681,575,624,39,23,713,425,646,690,655,268,673,542,733,255,356,661,190,438,247,514,50,592,474,115,386,694,489,402,271,174,134,355,698,697,137,293,700,672,352,337,437,297,479,194,252,649,314,339,46,494,550,122,226,709,522,261,564,225,309,232,11,358,647,99,256,86,512,264,117,405,396,306,389,278,459,634,375,153,298,222,530,617,266,536,390,598,81,215,574,478,16,381,346,367,421,30,503,500,93,745,276,248,103,641,665,299,27,385,259,677,17,100,643,688,211,420,554,84,251,296,274,374,639,490,395,376,383,20,195,384,199,61,245,282,532,176,106,631,57,317,327,642,26,731,121,529,566,52,544,436,651,584,510,717,209,253,107,19,182,70,344,191,313,315,588,188,318,483,348,615,22,265,560,531,7,4,185,
84,40.444809675216675,167674.7734513003,165258.13079013888,523,287,168,637,56,139,38,689,120,583,692,76,577,491,33,308,413,62,180,570,334,707,42,9,197,150,166,363,708,485,650,316,91,541,18,326,90,110,281,41,179,40,328,654,569,680,558,606,595,333,533,693,96,521,725,239,74,283,481,513,135,201,511,155,430,13,538,539,706,526,216,192,126,423,419,412,270,465,540,235,422,468,518,212,15,310,250,578,77,618,123,36,492,740,635,611,676,435,357,432,710,415,711,604,747,205,404,666,482,175,307,28,343,116,701,82,679,88,739,193,726,498,429,208,589,14,60,160,738,148,696,331,730,684,105,214,391,458,670,140,480,446,130,622,736,685,200,362,37,431,335,718,591,95,104,54,600,463,664,138,571,487,621,418,285,461,228,379,136,580,548,537,113,506,552,213,614,369,543,528,173,341,167,347,462,83,414,267,748,47,118,128,388,63,744,559,21,682,495,645,656,34,549,509,364,627,162,719,609,613,58,504,671,517,660,607,602,445,743,244,178,499,312,206,433,78,416,460,728,217,464,322,669,392,230,373,161,427,534,455,372,49,219,361,67,417,320,6,241,424,158,229,452,742,5,196,668,124,260,72,704,234,242,85,466,712,453,80,354,272,467,378,527,366,703,477,691,572,147,590,66,94,183,603,8,567,471,749,258,720,324,64,628,359,476,31,585,519,557,353,323,224,683,723,724,163,501,207,342,619,516,141,551,449,652,325,111,69,171,12,218,187,573,568,612,705,290,502,249,746,131,43,279,223,351,112,457,233,525,169,165,53,408,92,368,443,451,715,119,44,3,587,626,340,152,159,305,254,486,638,377,515,280,428,129,73,410,263,447,157,35,189,667,633,716,97,727,360,387,472,186,734,336,29,294,456,321,292,345,10,349,547,524,156,273,629,109,221,450,729,365,291,394,98,240,338,714,401,497,675,143,398,65,237,295,257,311,289,288,496,520,484,177,444,71,686,632,51,0,231,227,735,142,440,687,286,556,441,737,555,625,332,79,553,636,236,154,210,563,699,695,605,469,243,630,648,562,246,68,599,301,411,406,48,581,644,380,198,1,284,640,426,133,300,59,277,565,439,146,608,488,561,114,304,202,674,741,454,473,722,151,505,329,87,616,262,702,721,32,579,399,659,623,2,470,184,596,164,576,330,145,302,658,434,448,545,371,397,662,409,597,350,586,125,24,653,101,601,181,275,508,75,204,403,303,25,89,678,546,238,582,144,407,269,127,393,382,475,663,55,108,132,400,507,620,370,593,149,594,172,170,493,45,535,102,610,657,732,220,319,203,442,681,575,624,39,23,713,425,646,690,655,268,673,542,733,255,356,661,190,438,247,514,50,592,474,115,386,694,489,402,271,174,134,355,698,697,137,293,700,672,352,337,437,297,479,194,252,649,314,339,46,494,550,122,226,709,522,261,564,225,309,232,11,358,647,99,256,86,512,264,117,405,396,306,389,278,459,634,375,153,298,222,530,617,266,536,390,598,81,215,574,478,16,381,346,367,421,30,503,500,93,745,276,248,103,641,665,299,27,385,259,677,17,100,643,688,211,420,554,84,251,296,274,374,639,490,395,376,383,20,195,384,199,61,245,282,532,176,106,631,57,317,327,642,26,731,121,529,566,52,544,436,651,584,510,717,209,253,107,19,182,70,344,191,313,315,588,188,318,483,348,615,22,265,560,531,7,4,185,
85,40.810713052749634,167882.39136673167,165180.04445949366,335,718,591,95,104,54,600,463,664,138,571,487,621,418,285,461,228,379,136,580,548,537,113,506,552,213,614,369,543,528,173,341,167,347,462,83,414,267,748,47,118,128,388,63,744,559,21,682,495,645,656,34,549,509,364,627,162,719,609,613,58,504,671,517,660,607,602,445,743,244,178,499,312,206,433,78,416,460,728,217,464,322,669,392,230,373,161,427,534,455,372,49,219,361,67,417,320,6,241,424,158,229,452,742,5,196,668,124,260,72,704,234,242,85,466,712,453,80,354,272,467,378,527,366,703,477,691,572,147,590,66,94,183,603,8,567,471,749,258,720,324,64,628,359,476,31,585,519,557,353,323,224,683,723,724,163,501,207,342,619,516,141,551,449,652,325,111,69,171,12,218,187,573,568,612,705,290,502,249,746,131,43,279,223,351,112,457,233,525,169,165,53,408,92,368,443,451,715,119,44,3,587,626,340,152,159,305,254,486,638,377,515,280,428,129,73,410,263,447,157,35,189,667,633,716,97,727,360,387,472,186,734,336,29,294,456,321,292,345,10,349,547,524,156,273,629,109,221,450,729,365,291,394,98,240,338,714,401,497,675,143,398,65,237,295,257,311,289,288,496,520,484,177,444,71,686,632,51,0,231,227,735,142,440,687,286,556,441,737,555,625,332,79,553,636,236,154,210,563,699,695,605,469,243,630,648,562,246,68,599,301,411,406,48,581,644,380,198,1,284,640,426,133,300,59,277,565,439,146,608,488,561,114,475,304,202,674,741,454,473,722,151,505,329,87,616,262,702,721,32,579,399,659,623,2,470,184,596,164,576,330,145,302,658,434,448,545,371,397,662,409,597,350,586,125,24,653,101,601,181,275,508,75,204,403,303,25,89,678,546,238,582,144,407,269,127,393,382,663,55,108,132,400,507,620,370,593,149,594,172,170,493,45,535,102,610,657,732,220,319,203,442,681,575,624,39,23,713,425,646,690,655,268,673,542,733,255,356,661,190,438,247,514,50,592,474,115,386,694,489,384,199,61,402,271,174,134,355,698,697,137,293,700,672,352,337,437,297,479,194,252,649,314,339,46,494,550,122,226,709,522,261,564,225,309,232,11,358,647,99,256,86,512,264,117,405,396,306,389,278,459,634,375,153,298,222,530,617,266,536,390,598,381,81,215,574,478,16,346,367,421,30,503,500,93,745,276,248,103,641,665,299,27,385,259,677,17,100,643,688,211,420,554,84,251,296,274,374,639,490,395,376,383,20,195,121,529,566,52,544,436,651,584,510,717,209,253,107,19,182,70,344,191,313,315,588,188,318,483,348,615,22,265,560,531,7,4,185,523,287,168,637,56,139,38,689,120,583,692,76,577,491,33,308,413,62,180,570,334,707,42,9,197,150,166,363,708,485,650,316,91,541,18,326,90,110,281,41,179,40,328,654,569,680,558,606,595,333,533,693,96,521,725,239,74,283,481,513,135,201,511,430,13,155,538,539,706,526,216,192,126,423,419,412,270,465,540,235,422,468,518,212,15,310,250,578,77,618,123,36,492,740,635,611,676,435,357,432,710,415,711,604,747,205,404,666,482,175,307,28,343,116,701,82,679,88,739,193,726,498,429,208,589,14,60,160,738,148,696,331,730,684,105,214,391,458,670,140,480,446,130,622,245,282,532,176,106,631,57,317,327,642,26,731,736,685,200,362,37,431,
86,41.235010862350464,167748.03840608336,165117.703362108,335,718,591,95,104,54,600,463,664,138,571,487,621,418,285,461,228,379,136,580,548,537,113,506,552,213,614,369,543,528,173,341,167,347,462,83,414,267,748,47,118,128,388,63,744,559,21,682,495,645,656,34,549,509,364,627,162,719,609,613,58,504,671,517,660,607,602,445,743,244,178,499,312,206,433,78,416,460,728,217,464,322,669,392,230,373,161,427,534,455,372,49,219,361,67,417,320,6,241,424,158,229,452,742,5,196,668,124,260,72,704,234,242,85,466,712,453,80,354,272,467,378,527,366,703,477,691,572,147,590,66,94,183,603,8,567,471,749,258,720,324,64,628,359,476,31,585,519,557,353,323,224,683,723,724,163,501,207,342,619,516,141,551,449,652,325,111,69,171,12,218,187,573,568,612,705,290,502,249,746,131,43,279,223,351,112,457,233,525,169,165,53,408,92,368,443,451,715,119,44,3,587,626,340,152,159,305,254,486,638,377,515,280,428,129,73,410,263,447,157,35,189,667,633,716,97,727,360,387,472,186,734,336,29,294,456,321,292,345,10,349,547,524,156,273,629,109,221,450,729,365,291,394,98,240,338,714,401,497,675,143,398,65,237,295,257,311,289,288,496,520,484,177,444,71,686,632,51,0,231,227,735,142,440,687,286,556,441,737,555,625,332,79,553,636,236,154,210,563,699,695,605,469,243,630,648,562,246,68,599,301,411,406,48,581,644,380,198,1,284,640,426,133,300,59,277,565,439,146,608,488,561,114,304,202,674,741,454,473,722,151,505,329,87,616,262,702,721,32,579,399,659,623,2,470,184,596,164,576,330,145,302,658,434,448,545,371,397,662,409,597,350,586,125,24,653,101,601,181,275,508,75,204,403,303,25,89,678,546,238,582,144,407,269,127,393,382,475,663,55,108,132,400,507,620,370,593,149,594,172,170,493,45,535,102,610,657,732,220,319,203,442,681,575,624,39,23,713,425,646,690,655,268,673,542,733,255,356,661,190,438,247,514,50,592,474,115,386,694,489,384,199,61,402,271,174,134,355,698,697,137,293,700,672,352,337,437,297,479,194,252,649,314,339,46,494,550,122,226,709,522,261,564,225,309,232,11,358,647,99,256,86,512,264,117,405,396,306,389,278,459,634,375,153,298,222,530,617,266,536,390,598,381,81,215,574,478,16,346,367,421,30,503,500,93,745,276,248,103,641,665,299,27,385,259,677,17,100,643,688,211,420,554,84,251,296,274,374,639,490,395,376,383,20,195,121,529,566,52,544,436,651,584,510,717,209,253,107,19,182,70,344,191,313,315,588,188,318,483,348,615,22,265,560,531,7,4,185,523,287,168,637,56,139,38,689,120,583,692,76,577,491,33,308,413,62,180,570,334,707,42,9,197,150,166,363,708,485,650,316,91,541,18,326,90,110,281,41,179,40,328,654,569,680,558,606,595,333,533,693,96,521,725,239,74,283,481,513,135,201,511,430,13,155,538,539,706,526,216,192,126,423,419,412,270,465,540,235,422,468,518,212,15,310,250,578,77,618,123,36,492,740,635,611,676,435,357,432,710,415,711,604,747,205,404,666,482,175,307,28,343,116,701,82,679,88,739,193,726,498,429,208,589,14,60,160,738,148,696,331,730,684,105,214,391,458,670,140,480,446,130,622,245,282,532,176,106,631,57,317,327,642,26,731,736,685,200,362,37,431,
87,41.66240739822388,167048.41237660957,165060.1135135521,335,718,591,95,104,54,600,463,664,138,571,487,621,418,285,461,228,379,136,580,548,537,113,506,552,213,614,369,543,528,173,341,167,347,462,83,414,267,748,47,118,128,388,63,744,559,21,682,495,645,656,34,549,509,364,627,162,719,609,613,58,504,671,517,660,607,602,445,743,244,178,499,312,206,433,78,416,460,728,217,464,322,669,392,230,373,161,427,534,455,372,49,219,361,67,417,320,6,241,424,158,229,452,742,5,196,668,124,260,72,704,234,242,85,466,712,453,80,354,272,467,378,527,366,703,477,691,572,147,590,66,94,183,603,8,567,471,749,258,720,324,64,628,359,476,31,585,519,557,353,323,224,683,723,724,163,501,207,342,619,516,141,551,449,652,325,111,69,171,12,218,187,573,568,612,705,290,502,249,331,730,684,105,214,746,131,43,279,223,351,112,457,233,525,169,165,53,408,92,368,443,451,715,119,44,3,587,626,340,152,159,305,254,486,638,377,515,280,428,129,73,410,263,447,157,35,189,667,633,716,97,727,360,387,472,186,734,336,29,294,456,321,292,345,10,349,547,524,156,273,629,109,221,450,729,365,291,394,98,240,338,714,401,497,675,143,398,65,237,295,257,311,289,288,496,520,484,177,444,71,686,632,51,0,231,227,735,142,440,687,286,556,441,737,555,625,332,79,553,636,236,154,210,563,699,695,605,469,243,630,648,562,246,68,599,301,411,406,48,581,644,380,198,1,284,640,426,133,300,59,277,565,439,146,608,488,561,114,304,202,674,741,454,473,722,151,505,329,87,616,262,702,721,32,579,399,659,623,2,470,184,596,164,576,330,145,302,658,434,448,545,371,397,662,409,597,350,586,125,24,653,101,601,181,275,508,75,204,403,303,25,89,678,546,238,582,144,407,269,127,393,382,475,663,55,108,132,400,507,620,370,593,149,594,172,170,493,45,535,102,610,657,732,220,319,203,442,681,575,624,39,23,713,425,646,690,655,268,673,542,733,255,356,661,190,438,247,514,50,592,474,115,386,694,489,384,199,61,402,271,174,134,355,698,697,137,293,700,672,352,337,437,297,479,194,252,649,314,339,46,494,550,122,226,709,522,261,564,225,309,232,11,358,647,99,256,86,512,264,117,405,396,306,389,278,459,634,375,153,298,222,530,617,266,536,390,598,381,81,215,574,478,16,346,367,421,30,503,500,93,745,276,248,103,641,665,299,27,385,259,677,17,100,643,688,211,420,554,84,251,296,274,374,639,490,395,376,383,20,195,121,529,566,52,544,436,651,584,510,717,209,253,107,19,182,70,344,191,313,315,588,188,318,483,348,615,22,265,560,531,7,4,185,523,287,168,637,56,139,38,689,120,583,692,76,577,491,33,308,413,62,180,570,334,707,42,9,197,150,166,363,708,485,650,316,91,541,18,326,90,110,281,41,179,40,328,654,569,680,558,606,595,333,533,693,96,521,725,239,74,283,481,513,135,201,511,430,13,155,538,539,706,526,216,192,126,423,419,412,270,465,540,235,422,468,518,212,15,310,250,578,77,618,123,36,492,740,635,611,676,435,357,432,710,415,711,604,747,205,404,666,482,175,307,28,343,116,701,82,679,88,739,193,726,498,429,208,589,14,60,160,738,148,696,391,458,670,140,480,446,130,622,245,282,532,176,106,631,57,317,327,642,26,731,736,685,200,362,37,431,
88,42.076754331588745,167976.05153985464,164825.50740703198,335,718,591,95,104,54,600,463,664,138,571,487,621,418,285,461,228,379,136,580,548,537,113,506,552,213,614,369,543,528,173,341,167,347,462,83,414,267,748,47,118,128,388,63,744,559,21,682,495,645,656,34,549,509,364,627,162,719,609,613,58,504,671,517,660,607,602,445,743,244,178,499,312,206,433,78,416,460,728,217,464,322,669,392,230,373,161,427,534,455,372,49,219,361,67,417,320,6,241,424,158,229,452,742,5,196,668,124,260,72,704,234,242,85,466,712,453,80,354,272,467,378,527,366,703,477,691,572,147,590,66,94,183,603,8,567,471,749,258,720,324,64,628,359,476,31,585,519,557,353,323,224,683,723,724,163,501,207,342,619,516,141,551,449,652,325,111,69,171,12,218,187,573,568,612,705,290,502,249,331,730,684,105,214,746,131,43,279,223,351,112,457,233,525,169,165,53,408,92,368,443,451,715,119,44,3,587,626,340,152,159,305,254,486,638,377,515,280,428,129,73,410,263,447,157,35,189,667,633,716,97,727,360,387,472,186,734,336,29,294,456,321,292,345,10,349,547,524,156,273,629,109,221,450,729,365,291,394,98,240,338,714,401,497,675,143,398,65,237,295,257,311,289,288,496,520,484,177,444,71,686,632,51,0,231,227,735,142,440,687,286,556,441,737,555,625,332,79,553,636,236,154,210,563,699,695,605,469,243,630,648,562,246,68,599,301,411,406,48,581,644,380,198,1,284,640,426,133,300,59,277,565,439,146,608,488,561,114,304,202,674,741,454,473,722,151,505,329,87,616,262,702,721,32,579,399,659,623,2,470,184,596,164,576,330,145,302,658,434,448,545,371,397,662,409,597,350,586,125,24,653,101,601,181,275,508,75,204,403,303,25,89,678,546,238,582,144,407,269,127,393,382,475,663,55,108,132,400,507,620,370,593,149,594,172,170,493,45,535,102,610,657,732,220,319,203,442,681,575,624,39,23,713,425,646,690,655,268,673,542,733,255,356,661,190,438,247,514,50,592,474,115,386,694,489,384,199,61,402,271,174,134,355,698,697,137,293,700,672,352,337,437,297,479,194,252,649,314,339,46,494,550,122,226,709,522,261,564,225,309,232,11,358,647,99,256,86,512,264,117,405,396,306,389,278,459,634,375,153,298,222,530,617,266,536,390,598,381,81,215,574,478,16,346,367,421,30,503,500,93,745,276,248,103,641,665,299,27,385,259,677,17,100,643,688,211,420,554,84,251,296,274,374,639,490,395,376,383,20,195,121,529,566,52,544,436,651,584,510,717,209,253,107,19,182,70,344,191,313,315,588,188,318,483,348,615,22,265,560,531,7,4,185,523,287,168,637,56,139,38,689,120,583,692,76,577,491,33,308,413,62,180,570,334,707,42,9,197,150,166,363,708,485,650,316,91,541,18,326,90,110,281,41,179,40,328,654,569,680,558,606,595,333,533,693,96,521,725,239,74,283,481,513,135,201,511,430,13,155,538,539,216,706,526,192,126,423,419,412,270,465,540,235,422,468,518,212,15,310,250,578,77,618,123,36,492,740,635,611,676,435,357,432,710,415,711,604,747,205,404,666,175,482,307,28,343,116,701,82,679,88,739,193,726,498,429,208,589,14,60,160,738,148,696,176,106,631,57,317,327,642,532,245,282,731,26,391,458,670,140,480,446,130,622,736,685,200,362,37,431,
89,42.485772132873535,168795.76424149727,164750.97209182716,335,718,591,95,104,54,600,463,664,138,571,487,621,418,285,461,228,379,136,580,548,537,113,506,552,213,614,369,543,528,173,341,167,347,462,83,414,267,748,47,118,128,388,63,744,559,21,682,495,645,656,34,549,509,364,627,162,719,609,613,58,504,671,517,660,607,602,445,743,244,178,499,312,206,433,78,416,460,728,217,464,322,669,392,230,373,161,427,534,455,372,49,219,361,67,417,320,6,241,424,158,229,452,742,5,196,668,124,260,72,704,234,242,85,466,712,453,80,354,272,467,378,527,366,703,477,691,572,147,590,66,94,183,603,8,567,471,749,258,720,324,64,628,359,476,31,585,519,557,353,323,224,683,723,724,163,501,207,342,619,516,141,551,449,652,325,111,69,171,12,218,187,573,568,612,705,290,502,233,525,169,165,53,408,92,368,443,451,715,119,44,3,587,626,340,152,159,305,254,486,638,377,515,280,428,129,73,410,263,447,157,35,189,667,633,716,97,727,360,387,472,186,734,336,29,294,456,321,292,345,10,349,547,524,156,273,629,109,221,450,729,365,291,394,98,240,338,714,401,497,675,143,398,65,237,295,257,311,289,288,496,520,484,177,444,71,686,632,51,0,231,227,735,142,440,687,286,556,441,737,555,625,332,79,553,636,236,154,210,563,699,695,605,469,243,630,648,562,246,68,599,301,411,406,48,581,644,380,198,1,284,640,426,133,300,59,277,565,439,146,608,488,561,114,304,202,674,741,454,473,722,151,505,329,87,616,262,702,721,32,579,399,659,623,2,470,184,596,164,576,330,145,302,658,434,448,545,371,397,662,409,597,350,586,125,24,653,101,601,181,275,508,75,204,403,303,25,89,678,546,238,582,144,407,269,127,393,382,475,663,55,108,132,400,507,620,370,593,149,594,172,170,493,45,535,102,610,657,732,220,319,203,442,681,575,624,39,23,713,425,646,690,655,268,673,542,733,255,356,661,190,438,247,514,50,592,474,115,386,694,489,384,199,61,402,271,174,134,355,698,697,137,293,700,672,352,337,437,297,479,194,252,649,314,339,46,494,550,122,226,709,522,261,564,225,309,232,11,358,647,99,256,86,512,264,117,405,396,306,389,278,459,634,375,153,298,222,530,617,266,536,390,598,381,81,215,574,478,16,346,367,421,30,503,500,93,745,276,248,103,641,665,299,27,385,259,677,17,100,643,688,211,420,554,84,251,296,274,374,639,490,395,376,383,20,195,121,529,566,52,544,436,651,584,510,717,209,253,107,19,182,70,344,191,313,315,588,188,318,483,348,615,22,265,560,531,7,4,185,523,287,168,637,56,139,38,689,120,583,692,76,577,491,33,308,413,62,180,570,334,707,42,9,197,150,166,363,708,485,650,316,91,541,18,326,90,110,281,41,179,40,328,654,569,680,558,606,595,333,533,693,96,521,725,239,74,283,481,513,135,201,511,430,13,155,538,539,216,706,526,192,126,423,419,412,270,465,540,235,422,468,518,212,15,310,250,578,77,618,123,36,492,740,635,611,676,435,357,432,710,415,711,604,747,205,404,666,175,482,307,28,343,116,701,82,679,88,739,193,726,498,429,208,589,14,60,160,738,148,696,249,331,730,684,105,214,746,131,43,279,223,351,112,457,176,106,631,57,317,327,642,532,245,282,731,26,391,458,670,140,480,446,130,622,736,685,200,362,37,431,
90,42.868062257766724,169211.9056589622,164503.08570061662,335,718,591,95,104,54,600,463,664,138,571,487,621,418,285,461,228,379,136,580,548,537,113,506,552,213,614,369,543,528,173,341,167,347,462,83,414,267,748,47,118,128,388,63,744,559,21,682,495,645,656,34,549,509,364,627,162,719,609,613,58,504,671,517,660,607,602,445,743,244,178,499,312,206,433,78,416,460,728,217,464,322,669,392,230,373,161,427,534,455,372,49,219,361,67,417,320,6,241,424,158,229,452,742,5,196,668,124,260,72,704,234,242,85,466,712,453,80,354,272,467,378,527,366,703,477,691,572,147,590,66,94,183,603,8,567,471,749,258,720,324,64,628,359,476,31,585,519,557,353,323,224,683,723,724,163,501,207,342,619,516,141,551,449,652,325,111,69,171,12,218,187,573,568,502,612,705,290,233,525,169,165,53,408,92,368,443,451,715,119,44,3,587,626,340,152,159,305,254,486,638,377,515,280,428,129,73,410,263,447,157,35,189,667,633,716,97,727,360,387,472,186,734,336,29,294,456,321,292,345,10,349,547,524,156,273,629,109,221,450,729,365,291,394,98,240,338,714,401,497,675,143,398,65,237,295,257,311,289,288,496,520,484,177,444,71,686,632,51,0,231,227,735,142,440,687,286,556,441,737,555,625,332,79,553,636,236,154,210,563,699,695,605,469,243,630,648,562,246,68,599,301,411,406,48,581,644,380,198,1,284,640,426,133,300,59,277,565,439,146,608,488,561,114,304,202,674,741,454,473,722,151,505,329,87,616,262,702,721,32,579,399,659,623,2,470,184,596,164,576,330,145,302,658,434,448,545,371,397,662,409,597,350,586,125,24,653,101,601,181,275,508,75,204,403,303,25,89,678,546,238,582,144,407,269,127,393,382,475,663,55,108,132,400,507,620,370,593,149,594,172,170,493,45,535,102,610,657,732,220,319,203,442,681,575,624,39,23,713,425,646,690,655,268,673,542,733,255,356,661,190,438,247,514,50,592,474,115,386,694,489,384,199,61,402,271,174,134,355,698,697,137,293,700,672,352,337,437,297,479,194,252,649,314,339,46,494,550,122,226,709,522,261,564,225,309,232,11,358,647,99,256,86,512,264,117,405,396,306,389,278,459,634,375,153,298,222,530,617,266,536,390,598,381,81,215,574,478,16,346,367,421,30,503,500,93,745,276,248,103,641,665,299,27,385,259,677,17,100,643,688,211,420,554,84,251,296,274,374,639,490,395,376,383,20,195,121,529,566,52,544,436,651,584,510,717,209,253,107,19,182,70,344,191,313,315,588,188,318,483,348,615,22,265,560,531,7,4,185,523,287,168,637,56,139,38,689,120,583,692,76,577,491,33,308,413,62,180,570,334,707,42,9,197,150,166,363,708,485,650,316,91,541,18,326,90,110,281,41,179,40,328,654,569,680,558,606,595,333,533,693,96,521,725,239,74,283,481,513,135,201,511,430,13,155,538,539,216,706,526,192,126,423,419,412,270,465,540,235,422,468,518,212,15,310,250,578,77,618,123,36,492,740,635,611,676,435,357,432,710,415,711,604,747,205,404,666,175,482,307,28,343,116,701,82,679,88,739,193,726,498,429,208,589,14,60,160,738,148,696,249,331,730,684,105,214,746,131,43,279,223,351,112,457,176,106,631,57,317,327,642,532,245,282,731,26,391,458,670,140,480,446,130,622,736,685,200,362,37,431,
91,43.22846436500549,169483.37297588942,164433.4945005518,335,718,591,95,104,54,600,463,664,138,571,487,621,418,285,461,228,379,136,580,548,537,113,506,552,213,614,369,543,528,173,341,167,347,462,83,414,267,748,47,118,128,388,63,744,559,21,682,495,645,656,34,549,509,364,627,162,719,609,613,58,504,671,517,660,607,602,445,743,244,178,499,312,206,433,78,416,460,728,217,464,322,669,392,230,373,161,427,534,455,372,49,219,361,67,417,320,6,241,424,158,229,452,742,5,196,668,124,260,72,704,234,242,85,466,712,453,80,354,272,467,378,527,366,703,477,691,572,147,590,66,94,183,603,8,567,471,749,258,720,324,64,628,359,476,31,585,519,557,353,323,224,683,723,724,163,501,207,342,619,516,141,551,449,652,325,111,69,171,12,218,187,573,568,502,612,705,290,233,525,165,53,408,92,368,443,451,715,119,44,3,587,626,340,152,159,305,254,486,638,377,515,280,428,129,73,410,263,447,157,35,189,667,633,716,97,727,360,387,472,186,734,336,29,294,456,321,292,345,10,349,547,524,156,273,629,109,221,450,729,365,291,394,98,240,338,714,401,497,675,143,398,65,237,295,257,311,289,288,496,520,484,177,444,71,686,632,51,0,231,227,735,142,440,687,286,556,441,737,555,625,332,79,553,636,236,154,210,563,699,695,605,469,243,630,648,562,246,68,599,301,411,406,48,581,644,380,198,1,284,640,426,133,300,59,277,565,439,146,608,488,561,114,304,202,674,741,454,473,722,151,505,329,87,616,262,702,721,32,579,399,659,623,2,470,184,596,164,576,330,145,302,658,434,448,545,371,397,662,409,597,350,586,125,24,653,101,601,181,275,508,75,204,403,303,25,89,678,546,238,582,144,407,269,127,393,382,475,663,55,108,132,400,507,620,370,593,149,594,172,170,493,45,535,102,610,657,732,220,319,203,442,681,575,624,39,23,713,425,646,690,655,268,673,542,733,255,356,661,190,438,247,514,50,592,474,115,386,694,489,384,199,61,402,271,174,134,355,698,697,137,293,700,672,352,337,437,297,479,194,252,649,314,339,46,494,550,122,226,709,522,261,564,225,309,232,11,358,647,99,256,86,512,264,117,405,396,306,389,278,459,634,375,153,298,222,530,617,266,536,390,598,381,81,215,574,478,16,346,367,421,30,503,500,93,745,276,248,103,641,665,299,27,385,259,677,17,100,643,688,211,420,554,84,251,296,274,374,639,490,395,376,383,20,195,121,529,566,52,544,436,651,584,510,717,209,253,107,19,182,70,344,191,313,315,588,188,318,483,348,615,22,265,560,531,7,4,185,523,287,168,637,56,139,38,689,120,583,692,76,577,491,33,308,413,62,180,570,334,707,42,9,197,150,166,363,708,485,650,316,91,541,18,326,90,110,281,41,179,40,328,654,569,680,558,606,595,333,533,693,96,521,725,239,74,283,481,513,135,201,511,430,13,155,538,539,216,706,526,192,126,423,419,412,270,465,540,235,422,468,518,212,15,310,250,578,77,618,123,36,492,740,635,611,676,435,357,432,710,415,711,604,747,205,404,666,175,482,307,28,343,116,701,82,679,88,739,193,726,498,429,208,589,14,60,160,738,148,696,249,331,730,684,105,214,746,131,43,279,223,351,112,457,169,176,106,631,57,317,327,642,532,245,282,731,26,391,458,670,140,480,446,130,622,736,685,200,362,37,431,
92,43.62777805328369,168774.69411559624,164377.8130439721,335,718,591,95,104,54,600,463,664,138,571,487,621,418,285,461,228,379,136,580,548,537,113,506,552,213,614,369,543,528,173,341,167,347,462,83,414,267,748,47,118,128,388,63,744,559,21,682,495,645,656,34,549,509,364,627,162,719,609,613,58,504,671,517,660,607,602,445,743,244,178,499,312,206,433,78,416,460,728,217,464,322,669,392,230,373,161,427,534,455,372,49,219,361,67,417,320,6,241,424,158,229,452,742,5,196,668,124,260,72,704,234,242,85,466,712,453,80,354,272,467,378,527,366,703,477,691,572,147,590,66,94,183,603,8,567,471,749,258,720,324,64,628,359,476,31,585,519,557,353,323,224,683,723,724,163,501,207,342,619,516,141,551,449,652,325,111,69,171,12,218,187,573,568,502,612,705,290,233,525,165,53,408,92,368,443,451,715,119,44,3,587,626,340,152,159,305,254,486,638,377,515,280,428,129,73,410,263,447,157,35,189,667,633,716,97,727,360,387,472,186,734,336,29,294,456,321,292,345,10,349,547,524,156,273,629,109,221,450,729,365,291,394,98,240,338,714,401,497,675,143,398,65,237,295,257,311,289,288,496,520,484,177,444,71,686,632,51,0,231,227,735,142,440,687,286,556,441,737,555,625,332,79,553,636,236,154,210,563,699,695,605,469,243,630,648,562,246,68,599,301,411,406,48,581,644,380,198,1,284,640,426,133,300,59,277,565,439,146,608,488,561,114,304,202,674,741,454,473,722,151,505,329,87,616,262,702,721,32,579,399,659,623,2,470,184,596,164,576,330,145,302,658,434,448,545,371,397,662,409,597,350,586,125,24,653,101,601,181,275,508,75,204,403,303,25,89,678,546,238,582,144,407,269,127,393,382,475,663,55,108,132,400,507,620,370,593,149,594,172,170,493,45,535,102,610,657,732,220,319,203,442,681,575,624,39,23,713,425,646,690,655,268,673,542,733,255,356,661,190,438,247,514,50,592,474,115,386,694,489,384,199,61,402,271,174,134,355,698,697,137,293,700,672,352,337,437,297,479,194,252,649,314,339,46,494,550,122,226,709,522,261,564,225,309,232,11,358,647,99,256,86,512,264,117,405,396,306,389,278,459,634,375,153,298,222,530,617,266,536,390,598,381,81,215,574,478,16,346,367,421,30,503,500,93,745,276,248,103,641,665,299,27,385,259,677,17,100,643,688,211,420,554,84,251,296,274,374,639,490,395,376,383,20,195,121,529,566,52,544,436,651,584,510,717,209,253,107,19,182,70,344,191,313,315,588,188,318,483,348,615,22,265,560,531,7,4,185,523,287,168,637,56,139,38,689,120,583,692,76,577,491,33,308,413,62,180,570,334,707,42,9,197,150,166,363,708,485,650,316,91,541,18,326,90,110,281,41,179,40,328,654,569,680,558,606,595,333,533,693,96,521,725,239,74,283,481,513,135,201,511,430,13,155,538,539,706,526,216,192,126,423,419,412,270,465,540,235,422,468,518,212,15,310,250,578,77,618,123,36,492,740,635,611,676,435,357,432,710,415,711,604,747,205,404,666,175,482,307,28,343,116,701,82,679,88,739,193,726,498,429,208,589,14,60,160,738,148,696,249,331,730,684,105,214,746,131,43,279,223,351,112,457,169,176,106,631,57,317,327,642,532,245,282,731,26,391,458,670,140,480,446,130,622,736,685,200,362,37,431,
93,44.023712158203125,168298.09785967853,164323.59786765376,335,718,591,95,104,54,600,463,664,138,571,487,621,418,285,461,228,379,136,580,548,537,113,506,552,213,614,369,543,528,173,341,167,347,462,83,414,267,748,47,118,128,388,63,744,559,21,682,495,645,656,34,549,509,364,627,162,719,609,613,58,504,671,517,660,607,602,445,743,244,178,499,312,206,433,78,416,460,728,217,464,322,669,392,230,373,161,427,534,455,372,49,219,361,67,417,320,6,241,424,158,229,452,742,5,196,668,124,260,72,704,234,242,85,466,712,453,80,354,272,467,378,527,366,703,477,691,572,147,590,66,94,183,603,8,567,471,749,258,720,324,64,628,359,476,31,585,519,557,353,323,224,683,723,724,163,501,207,342,619,516,141,551,449,652,325,111,69,171,12,218,187,573,568,502,612,705,290,233,525,165,53,408,92,368,443,451,715,119,44,3,587,626,340,152,159,305,254,486,638,377,515,280,428,129,73,410,263,447,157,35,189,667,633,716,97,727,360,387,472,186,734,336,29,294,456,321,292,345,10,349,547,524,156,273,629,109,221,450,729,365,291,394,98,240,338,714,401,497,675,143,398,65,237,295,257,311,289,288,496,520,484,177,444,71,686,632,51,0,231,227,735,142,440,687,286,556,441,737,555,625,332,79,553,636,236,154,210,563,699,695,605,469,243,630,648,562,246,68,599,301,411,406,48,581,644,380,198,1,284,640,426,133,300,59,277,565,439,146,608,488,561,114,304,202,674,741,454,473,722,151,505,329,87,616,262,702,721,32,579,399,659,623,2,470,184,596,164,576,330,145,302,658,434,448,545,371,397,662,409,597,350,586,125,24,653,101,601,181,275,508,75,204,403,303,25,89,678,546,238,582,144,407,269,127,393,382,475,663,55,108,132,400,507,620,370,593,149,594,172,170,493,45,535,102,610,657,732,220,319,203,442,681,575,624,39,23,713,425,646,690,655,268,673,542,733,255,356,661,190,438,247,514,50,592,474,115,386,694,489,384,199,61,402,271,174,134,355,698,697,137,293,700,672,352,337,437,297,479,194,252,649,314,339,46,494,550,122,226,709,522,261,564,225,309,232,11,358,647,99,256,86,512,264,117,405,396,306,389,278,459,634,375,153,298,222,530,617,266,536,390,598,381,81,215,574,478,16,346,367,421,30,503,500,93,745,276,248,103,641,665,299,27,385,259,677,17,100,643,688,211,420,554,84,251,296,274,374,639,490,395,376,383,20,195,121,529,566,52,544,436,651,584,510,717,209,253,107,19,182,70,344,191,313,315,588,188,318,483,348,615,22,265,560,531,7,4,185,523,287,168,637,56,139,38,689,120,583,692,76,577,491,33,308,413,62,180,570,334,707,42,9,197,150,166,363,708,485,650,316,91,541,18,326,90,110,281,41,179,40,328,654,569,680,558,606,595,333,533,693,96,521,725,239,74,283,481,513,135,201,511,430,13,155,538,539,706,526,216,192,126,423,419,412,270,465,540,235,422,468,518,212,15,310,250,578,77,618,123,36,492,740,635,611,676,435,357,432,710,415,711,604,747,205,404,666,482,175,307,28,343,116,701,82,679,88,739,193,726,498,429,208,589,14,60,160,738,148,696,249,331,730,684,105,214,746,131,43,279,223,351,112,457,169,176,106,631,57,317,327,642,532,245,282,731,26,391,458,670,140,480,446,130,622,736,685,200,362,37,431,
94,44.55484652519226,168054.03717115204,164277.8047285259,335,718,591,95,104,54,600,463,664,138,571,487,621,418,285,461,228,379,136,580,548,537,113,506,552,213,614,369,543,528,173,341,167,347,462,83,414,267,748,47,118,128,388,63,744,559,21,682,495,645,656,34,549,509,364,627,162,719,609,613,58,504,671,517,660,607,602,445,743,244,178,499,312,206,433,78,416,460,728,217,464,322,669,392,230,373,161,427,534,455,372,49,219,361,67,417,320,6,241,424,158,229,452,742,5,196,668,124,260,72,704,234,242,85,466,712,453,80,354,272,467,378,527,366,703,477,691,572,147,590,66,94,183,603,8,567,471,749,258,720,324,64,628,359,476,31,585,519,557,353,323,224,683,723,724,163,501,207,342,619,516,141,551,449,652,325,111,69,171,12,218,187,573,568,502,612,705,290,233,525,165,53,408,92,368,443,451,715,119,44,3,587,626,340,152,159,305,254,486,638,377,515,280,428,129,73,410,263,447,157,35,189,667,633,716,97,727,360,387,472,186,734,336,29,294,456,321,292,345,10,349,547,524,156,273,629,109,221,450,729,365,291,394,98,240,338,714,401,497,675,143,398,65,237,295,257,311,289,288,496,520,484,177,444,71,686,632,51,0,231,227,735,142,440,687,286,556,441,737,555,625,332,79,553,636,236,154,210,563,699,695,605,469,243,630,648,562,246,68,599,301,411,406,48,581,644,380,198,1,284,640,426,133,300,59,277,565,439,146,608,488,561,114,304,202,674,741,454,473,722,151,505,329,87,616,262,702,721,32,579,399,659,623,2,470,184,596,164,576,330,145,302,658,434,448,545,371,397,662,409,597,350,586,125,24,653,101,601,181,275,508,75,204,403,303,25,89,678,546,238,582,144,407,269,127,393,382,475,663,55,108,132,400,507,620,370,593,149,594,172,170,493,45,535,102,610,657,732,220,319,203,442,681,575,624,39,23,713,425,646,690,655,268,673,542,733,255,356,661,190,438,247,514,50,592,474,115,386,694,489,384,199,61,402,271,174,134,355,698,697,137,293,700,672,352,337,437,297,479,194,252,649,314,339,46,494,550,122,226,709,522,261,564,225,309,232,11,358,647,99,256,86,512,264,117,405,396,306,389,278,459,634,375,153,298,222,530,617,266,536,390,598,81,215,574,478,16,381,346,367,421,30,503,500,93,745,276,248,103,641,665,299,27,385,259,677,17,100,643,688,211,420,554,84,251,296,274,374,639,490,395,376,383,20,195,121,529,566,52,544,436,651,584,510,717,209,253,107,19,182,70,344,191,313,315,588,188,318,483,348,615,22,265,560,531,7,4,185,523,287,168,637,56,139,38,689,120,583,692,76,577,491,33,308,413,62,180,570,334,707,42,9,197,150,166,363,708,485,650,316,91,541,18,326,90,110,281,41,179,40,328,654,569,680,558,606,595,333,533,693,96,521,725,239,74,283,481,513,135,201,511,430,13,155,538,539,706,526,216,192,126,423,419,412,270,465,540,235,422,468,518,212,15,310,250,578,77,618,123,36,492,740,635,611,676,435,357,432,710,415,711,604,747,205,404,666,482,175,307,28,343,116,701,82,679,88,739,193,726,498,429,208,589,14,60,160,738,148,696,249,331,730,684,105,214,746,131,43,279,223,351,112,457,169,176,106,631,57,317,327,642,532,245,282,731,26,391,458,670,140,480,446,130,622,736,685,200,362,37,431,
95,44.95948576927185,168226.77829384553,164234.69755564327,335,718,591,95,104,54,600,463,664,138,571,487,621,418,285,461,228,379,136,580,548,537,113,506,552,213,614,369,543,528,173,341,167,347,462,83,414,267,748,47,118,128,388,63,744,559,21,682,495,645,656,34,549,509,364,627,162,719,609,613,58,504,671,517,660,607,602,445,743,244,178,499,312,206,433,78,416,460,728,217,464,322,669,392,230,373,161,427,534,455,372,49,219,361,67,417,320,6,241,424,158,229,452,742,5,196,668,124,260,72,704,234,242,85,466,712,453,80,354,272,467,378,527,366,703,477,691,572,147,590,66,94,183,603,8,567,471,749,258,720,324,64,628,359,476,31,585,519,557,353,323,224,683,723,724,163,501,207,342,619,516,141,551,449,652,325,111,69,171,12,218,187,573,568,502,612,705,290,233,525,165,53,408,92,368,443,451,715,119,44,3,587,626,340,152,159,305,254,486,638,377,515,280,428,129,73,410,263,447,157,35,189,667,633,716,97,727,360,387,472,186,734,336,29,294,456,321,292,345,10,349,547,524,156,273,629,109,221,450,729,365,291,394,98,240,338,714,401,497,675,143,398,65,237,295,257,311,289,288,496,520,484,177,444,71,686,632,51,0,231,227,735,142,440,687,286,556,441,737,555,625,332,79,553,636,236,154,210,563,699,695,605,469,243,630,648,562,246,68,599,301,411,406,48,581,644,380,198,1,284,640,426,133,300,59,277,565,439,146,608,488,561,114,304,202,674,741,454,473,722,151,505,329,87,616,262,702,721,32,579,399,659,623,2,470,184,596,164,576,330,145,302,658,434,448,545,371,397,662,409,597,350,586,125,24,653,101,601,181,275,508,75,204,403,303,25,89,678,546,238,582,144,407,269,127,393,382,475,663,55,108,132,400,507,620,370,593,149,594,172,170,493,45,535,102,610,657,732,220,319,203,442,681,575,624,39,23,713,425,646,690,655,268,673,542,733,255,356,661,190,438,247,514,50,592,474,115,386,694,489,61,402,271,384,199,174,134,355,698,697,137,293,700,672,352,337,437,297,479,194,252,649,314,339,46,494,550,122,226,709,522,261,564,225,309,232,11,358,647,99,256,86,512,264,117,405,396,306,389,278,459,634,375,153,298,222,530,617,266,536,390,598,81,215,574,478,16,381,346,367,421,30,503,500,93,745,276,248,103,641,665,299,27,385,259,677,17,100,643,688,211,420,554,84,251,296,274,374,639,490,395,376,383,20,195,121,529,566,52,544,436,651,584,510,717,209,253,107,19,182,70,344,191,313,315,588,188,318,483,348,615,22,265,560,531,7,4,185,523,287,168,637,56,139,38,689,120,583,692,76,577,491,33,308,413,62,180,570,334,707,42,9,197,150,166,363,708,485,650,316,91,541,18,326,90,110,281,41,179,40,328,654,569,680,558,606,595,333,533,693,96,521,725,239,74,283,481,513,135,201,511,430,13,155,538,539,706,526,216,192,126,423,419,412,270,465,540,235,422,468,518,212,15,310,250,578,77,618,123,36,492,740,635,611,676,435,357,432,710,415,711,604,747,205,404,666,482,175,307,28,343,116,701,82,679,88,739,193,726,498,429,208,589,14,60,160,738,148,696,249,331,730,684,105,214,746,131,43,279,223,351,112,457,169,176,106,631,57,317,327,642,532,245,282,731,26,391,458,670,140,480,446,130,622,736,685,200,362,37,431,
96,45.338491916656494,167062.99570193427,163978.72805405085,523,287,168,637,56,139,38,689,120,583,692,76,577,491,33,308,413,62,180,570,334,707,42,9,197,150,166,363,708,485,650,316,91,541,18,326,90,110,281,41,179,40,328,654,569,680,558,606,595,333,533,693,96,521,725,239,74,283,481,135,513,13,155,430,511,201,538,539,706,526,216,192,126,423,419,412,270,465,540,235,422,468,518,212,15,310,250,578,77,618,123,36,492,740,635,611,676,435,357,432,710,415,711,604,747,205,404,666,482,175,307,28,343,116,701,82,679,88,739,193,726,498,429,208,589,14,60,160,738,148,696,331,730,684,105,214,391,458,670,140,480,446,130,622,736,685,200,362,37,431,335,718,591,95,104,54,600,463,664,138,571,487,621,418,285,461,228,379,136,580,548,537,113,506,552,213,614,369,543,528,173,341,167,83,414,347,462,267,748,47,118,128,388,63,744,559,495,21,682,645,656,34,549,509,364,627,162,719,609,613,58,504,671,517,660,607,602,445,743,244,178,499,312,206,433,78,416,460,728,217,464,322,669,392,230,373,161,427,534,455,372,49,219,361,67,417,320,6,241,424,158,229,452,742,5,196,668,124,260,72,704,234,242,85,466,712,453,80,354,272,467,378,527,366,703,477,691,572,147,590,66,94,183,603,8,567,471,749,258,720,324,64,628,359,476,31,585,519,557,353,323,224,683,723,724,163,501,207,342,619,516,141,551,449,652,325,111,69,171,12,218,187,573,568,612,705,290,502,249,746,131,43,279,223,351,112,457,233,525,169,165,53,408,92,368,443,451,715,119,44,3,587,626,340,152,159,305,254,486,638,377,515,280,428,129,73,410,263,447,157,35,189,667,633,716,97,727,360,387,472,186,734,336,29,294,456,321,292,345,10,349,547,524,156,273,629,109,221,450,729,365,291,394,98,240,338,714,401,497,675,143,398,65,237,295,257,311,289,288,496,520,484,177,444,71,686,632,51,0,231,227,735,142,440,687,286,556,441,737,555,625,332,79,553,636,236,154,210,563,699,695,605,469,243,630,648,562,246,68,599,301,411,406,48,581,644,380,198,1,284,640,426,133,300,59,277,565,439,146,608,488,561,114,304,202,674,741,454,473,722,151,505,329,87,616,262,702,721,32,579,399,659,623,2,470,184,596,164,145,302,658,434,545,371,397,662,409,597,448,576,330,678,350,586,125,24,653,101,601,181,275,508,75,204,403,303,25,89,546,238,582,144,407,269,127,393,382,475,663,55,108,132,400,507,620,370,593,149,594,172,170,493,45,535,102,610,657,732,220,319,203,442,681,575,624,39,23,713,425,646,690,655,268,673,542,733,255,356,661,190,438,247,514,50,592,474,115,386,694,489,402,271,174,134,355,698,697,137,293,700,672,352,337,437,297,479,194,252,649,314,339,46,494,550,122,226,709,522,261,564,225,309,232,11,358,647,99,256,86,512,264,117,405,396,306,389,278,459,634,375,153,298,222,530,617,266,536,390,598,81,215,574,478,16,381,346,367,421,30,503,500,93,745,276,248,103,641,665,299,27,385,259,677,17,100,643,688,211,420,554,84,251,296,274,374,639,490,395,376,383,20,195,384,199,61,245,282,532,176,106,631,57,317,327,642,26,731,121,529,566,52,544,436,651,584,510,717,209,253,107,19,182,70,344,191,313,315,588,188,318,483,348,615,22,265,560,531,7,4,185,
97,45.739121437072754,168920.39635249376,163817.38587385797,523,287,168,637,56,139,38,689,120,583,692,76,577,491,33,308,413,62,180,570,334,707,42,9,197,150,166,363,708,485,650,316,91,541,18,326,90,110,281,41,179,40,328,654,569,680,558,606,595,333,533,693,96,521,725,239,74,283,481,135,513,13,155,430,511,201,538,539,706,526,216,192,126,423,419,412,270,465,540,235,422,468,518,212,15,310,250,578,77,618,123,36,492,740,635,611,676,435,357,432,710,415,711,604,747,205,404,666,482,175,307,28,343,116,701,82,679,88,739,193,726,498,429,208,589,14,60,160,738,148,696,331,730,684,105,214,391,458,670,140,480,446,130,622,736,685,200,362,37,431,335,718,591,95,104,54,600,463,664,138,571,487,621,418,285,461,228,379,136,580,548,537,113,506,552,213,614,369,543,528,173,341,167,83,414,347,462,267,748,47,118,128,388,63,744,559,495,21,682,645,656,34,549,509,364,627,162,719,609,613,58,504,671,517,660,607,602,445,743,244,178,499,312,206,433,78,416,460,728,217,464,322,669,392,230,373,161,427,534,455,372,49,219,361,67,417,320,6,241,424,158,229,452,742,5,196,668,124,260,72,704,234,242,85,466,712,453,80,354,272,467,378,527,366,703,477,691,572,147,590,66,94,183,603,8,567,471,749,258,720,324,64,628,359,476,31,585,519,557,353,323,224,683,723,724,163,501,207,342,619,516,141,551,449,652,325,111,69,171,12,218,187,573,568,612,705,290,502,249,746,131,43,279,223,351,112,457,233,525,169,165,53,408,92,368,443,451,715,119,44,3,587,626,340,152,159,305,254,486,638,377,515,280,428,129,73,410,263,447,157,35,189,667,633,716,97,727,360,387,472,186,734,336,29,294,456,321,292,345,10,349,547,524,156,273,629,109,221,450,729,365,291,394,98,240,338,714,401,497,675,143,398,65,237,295,257,311,289,288,496,520,484,177,444,71,686,632,51,0,231,227,735,142,440,687,286,556,441,737,555,625,332,79,553,636,236,154,210,563,699,695,605,469,243,630,648,562,246,68,599,301,411,406,48,581,644,380,198,1,284,640,426,133,300,59,277,565,439,146,608,488,561,114,304,202,674,741,454,473,722,151,505,329,87,616,262,702,721,32,579,399,659,623,2,470,184,596,164,145,302,658,434,545,371,397,662,409,597,448,576,330,678,350,586,125,24,101,601,181,275,508,75,204,403,303,25,89,653,546,238,582,144,407,269,127,393,382,475,663,55,108,132,400,507,620,370,593,149,594,172,170,493,45,535,102,610,657,732,220,319,203,442,681,575,624,39,23,713,425,646,690,655,268,673,542,733,255,356,661,190,438,247,514,50,592,474,115,386,694,489,402,271,174,134,355,698,697,137,293,700,672,352,337,437,297,479,194,252,649,314,339,46,494,550,122,226,709,522,261,564,225,309,232,11,358,647,99,256,86,512,264,117,405,396,306,389,278,459,634,375,153,298,222,530,617,266,536,390,598,81,215,574,478,16,381,346,367,421,30,503,500,93,745,276,248,103,641,665,299,27,385,259,677,17,100,643,688,211,420,554,84,251,296,274,374,639,490,395,376,383,20,195,384,199,61,245,282,532,176,106,631,57,317,327,642,26,731,121,529,566,52,544,436,651,584,510,717,209,253,107,19,182,70,344,191,313,315,588,188,318,483,348,615,22,265,560,531,7,4,185,
98,46.17832016944885,168963.97289618332,163717.65157164258,523,287,168,637,56,139,38,689,120,583,692,76,577,491,33,308,413,62,180,570,334,707,42,9,197,150,166,363,708,485,650,316,91,541,18,326,90,110,281,41,179,40,328,654,569,680,558,606,595,333,533,693,96,521,725,239,74,283,481,135,513,13,155,430,511,201,538,539,706,526,216,192,126,423,419,412,270,465,540,235,422,468,518,212,15,310,250,578,77,618,123,36,492,740,635,611,676,435,357,432,710,415,711,604,747,205,404,666,482,175,307,28,343,116,701,82,679,88,739,193,726,498,429,208,589,14,60,160,738,148,696,331,730,684,105,214,391,458,670,140,480,446,130,622,736,685,200,362,37,431,335,718,591,95,104,54,600,463,664,138,571,487,621,418,285,461,228,379,136,580,548,537,113,506,552,213,614,369,543,528,173,341,167,83,414,347,462,267,748,47,118,128,388,63,744,559,495,21,682,645,656,34,549,509,364,627,162,719,609,613,58,504,671,517,660,607,602,445,743,244,178,499,312,206,433,78,416,460,728,217,464,322,669,392,230,373,161,427,534,455,372,49,219,361,67,417,320,6,241,424,158,229,452,742,5,196,668,124,260,72,704,234,242,85,466,712,453,80,354,272,467,378,527,366,703,477,691,572,147,590,66,94,183,603,8,567,471,749,258,720,324,64,628,359,476,31,585,519,557,353,323,224,683,723,724,163,501,207,342,619,516,141,551,449,652,325,111,69,171,12,218,187,573,568,612,705,290,502,249,746,131,43,279,223,351,112,457,233,525,169,165,53,408,92,368,443,451,715,119,44,3,587,626,340,152,159,305,254,486,638,377,515,280,428,129,73,410,263,447,157,35,189,667,633,716,97,727,360,387,472,186,734,336,29,294,456,321,292,345,10,349,547,524,156,273,629,109,221,450,729,365,291,394,98,240,338,714,401,497,675,143,398,65,237,295,257,311,289,288,496,520,484,177,444,71,686,632,51,0,231,227,735,142,440,687,286,556,441,737,555,625,332,79,553,636,236,154,210,563,699,695,605,469,243,630,648,562,246,68,599,301,411,406,48,581,644,380,198,1,284,640,426,133,300,59,277,565,439,146,608,488,561,114,304,202,674,741,454,473,722,151,505,329,87,616,262,702,721,32,579,399,659,623,2,470,184,596,164,302,658,434,545,371,397,662,409,597,448,576,145,330,678,350,586,125,24,101,601,181,275,508,75,204,403,303,25,89,653,546,238,582,144,407,269,127,393,382,475,663,55,108,132,400,507,620,370,593,149,594,172,170,493,45,535,102,610,657,732,220,319,203,442,681,575,624,39,23,713,425,646,690,655,268,673,542,733,255,356,661,190,438,247,514,50,592,474,115,386,694,489,402,271,174,134,355,698,697,137,293,700,672,352,337,437,297,479,194,252,649,314,339,46,494,550,122,226,709,522,261,564,225,309,232,11,358,647,99,256,86,512,264,117,405,396,306,389,278,459,634,375,153,298,222,530,617,266,536,390,598,81,215,574,478,16,381,346,367,421,30,503,500,93,745,276,248,103,641,665,299,27,385,259,677,17,100,643,688,211,420,554,84,251,296,274,374,639,490,395,376,383,20,195,384,199,61,245,282,532,176,106,631,57,317,327,642,26,731,121,529,566,52,544,436,651,584,510,717,209,253,107,19,182,70,344,191,313,315,588,188,318,483,348,615,22,265,560,531,7,4,185,
99,46.57160830497742,167451.95315102697,163658.42891807223,523,287,168,637,56,139,38,689,120,583,692,76,577,491,33,308,413,62,180,570,334,707,42,9,197,150,166,363,708,485,650,316,91,541,18,326,90,110,281,41,179,40,328,654,569,680,558,606,595,333,533,693,96,521,725,239,74,283,481,135,513,13,155,430,511,201,538,539,706,526,216,192,126,423,419,412,270,465,540,235,422,468,518,212,15,310,250,578,77,618,123,36,492,740,635,611,676,435,357,432,710,415,711,604,747,205,404,666,482,175,307,28,343,116,701,82,679,88,739,193,726,498,429,208,589,14,60,160,738,148,696,331,730,684,105,214,391,458,670,140,480,446,130,622,736,685,200,362,37,431,335,718,591,95,104,54,600,463,664,138,571,487,621,418,285,461,228,379,136,580,548,537,113,506,552,213,614,369,543,528,173,341,167,83,414,347,462,267,748,47,118,128,388,63,744,559,495,21,682,645,656,34,549,509,364,627,162,719,609,613,58,504,671,517,660,607,602,445,743,244,178,499,312,206,433,78,416,460,728,217,464,322,669,392,230,373,161,427,534,455,372,49,219,361,67,417,320,6,241,424,158,229,452,742,5,196,668,124,260,72,704,234,242,85,466,712,453,80,354,272,467,378,527,366,703,477,691,572,147,590,66,94,183,603,8,567,471,749,258,720,324,64,628,359,476,31,585,519,557,353,323,224,683,723,724,163,501,207,342,619,516,141,551,449,652,325,111,69,171,12,218,187,573,568,612,705,290,502,249,746,131,43,279,223,351,112,457,233,525,169,165,53,408,92,368,443,451,715,119,44,3,587,626,340,152,159,305,254,486,638,377,515,280,428,129,73,410,263,447,157,35,189,667,633,716,97,727,360,387,472,186,734,336,29,294,456,321,292,345,10,349,547,524,156,273,629,109,221,450,729,365,291,394,98,240,338,714,401,497,675,143,398,65,237,295,257,311,289,288,496,520,484,177,444,71,686,632,51,0,231,227,735,142,440,687,286,556,441,737,555,625,332,79,553,636,236,154,210,563,699,695,605,469,243,630,648,562,246,68,599,301,411,406,48,581,644,380,198,1,284,640,426,133,300,59,277,565,439,146,608,488,561,114,304,202,674,741,454,473,722,151,505,329,87,616,262,702,721,32,623,2,470,184,596,164,302,658,434,545,371,397,662,409,597,448,576,145,330,678,350,586,125,24,101,601,181,275,508,75,204,403,303,25,89,653,579,399,659,546,238,582,144,407,269,127,393,382,475,663,55,108,132,400,507,620,370,593,149,594,172,170,493,45,535,102,610,657,732,220,319,203,442,681,575,624,39,23,713,425,646,690,655,268,673,542,733,255,356,661,190,438,247,514,50,592,474,115,386,694,489,402,271,174,134,355,698,697,137,293,700,672,352,337,437,297,479,194,252,649,314,339,46,494,550,122,226,709,522,261,564,225,309,232,11,358,647,99,256,86,512,264,117,405,396,306,389,278,459,634,375,153,298,222,530,617,266,536,390,598,81,215,574,478,16,381,346,367,421,30,503,500,93,745,276,248,103,641,665,299,27,385,259,677,17,100,643,688,211,420,554,84,251,296,274,374,639,490,395,376,383,20,195,384,199,61,245,282,532,176,106,631,57,317,327,642,26,731,121,529,566,52,544,436,651,584,510,717,209,253,107,19,182,70,344,191,313,315,588,188,318,483,348,615,22,265,560,531,7,4,185,
100,46.970547914505005,167506.7567093398,163626.66384219483,523,287,168,637,318,56,139,38,689,120,583,692,76,577,491,33,308,413,62,180,570,334,707,42,9,197,150,166,363,708,485,650,316,91,541,18,326,90,110,281,41,179,40,328,654,569,680,558,606,595,333,533,693,96,521,725,239,74,283,481,135,513,13,155,430,511,201,538,539,706,526,216,192,126,423,419,412,270,465,540,235,422,468,518,212,15,310,250,578,77,618,123,36,492,740,635,611,676,435,357,432,710,415,711,604,747,205,404,666,482,175,307,28,343,116,701,82,679,88,739,193,726,498,429,208,589,14,60,160,738,148,696,331,730,684,105,214,391,458,670,140,480,446,130,622,736,685,200,362,37,431,335,718,591,95,104,54,600,463,664,138,571,487,621,418,285,461,228,379,136,580,548,537,113,506,552,213,614,369,543,528,173,341,167,83,414,347,462,267,748,47,118,128,388,63,744,559,495,21,682,645,656,34,549,509,364,627,162,719,609,613,58,504,671,517,660,607,602,445,743,244,178,499,312,206,433,78,416,460,728,217,464,322,669,392,230,373,161,427,534,455,372,49,219,361,67,417,320,6,241,424,158,229,452,742,5,196,668,124,260,72,704,234,242,85,466,712,453,80,354,272,467,378,527,366,703,477,691,572,147,590,66,94,183,603,8,567,471,749,258,720,324,64,628,359,476,31,585,519,557,353,323,224,683,723,724,163,501,207,342,619,516,141,551,449,652,325,111,69,171,12,218,187,573,568,612,705,290,502,249,746,131,43,279,223,351,112,457,233,525,169,165,53,408,92,368,443,451,715,119,44,3,587,626,340,152,159,305,254,486,638,377,515,280,428,129,73,410,263,447,157,35,189,667,633,716,97,727,360,387,472,186,734,336,29,294,456,321,292,345,10,349,547,524,156,273,629,109,221,450,729,365,291,394,98,240,338,714,401,497,675,143,398,65,237,295,257,311,289,288,496,520,484,177,444,71,686,632,51,0,231,227,735,142,440,687,286,556,441,737,555,625,332,79,553,636,236,154,210,563,699,695,605,469,243,630,648,562,246,68,599,301,411,406,48,581,644,380,198,1,284,640,426,133,300,59,277,565,439,146,608,488,561,114,304,202,674,741,454,473,722,151,505,329,87,616,262,702,721,32,623,2,470,184,596,164,302,658,434,545,371,397,662,409,597,448,576,145,330,678,350,586,125,24,101,601,181,275,508,75,204,403,303,25,89,653,579,399,659,546,238,582,144,407,269,127,393,382,475,663,55,108,132,400,507,620,370,593,149,594,172,170,493,45,535,102,610,657,732,220,319,203,442,681,575,624,39,23,713,425,646,690,655,268,673,542,733,255,356,661,190,438,247,514,50,592,474,115,386,694,489,402,271,174,134,355,698,697,137,293,700,672,352,337,437,297,479,194,252,649,314,339,46,494,550,122,226,709,522,261,564,225,309,232,11,358,647,99,256,86,512,264,117,405,396,306,389,278,459,634,375,153,298,222,530,617,266,536,390,598,81,215,574,478,16,381,346,367,421,30,503,500,93,745,276,248,103,641,665,299,27,385,259,677,17,100,643,688,211,420,554,84,251,296,274,374,639,490,395,376,383,20,195,384,199,61,245,282,532,176,106,631,57,317,327,642,26,731,121,529,566,52,544,436,651,584,510,717,209,253,107,19,182,70,344,191,313,315,588,188,483,348,615,22,265,560,531,7,4,185,
101,47.38037109375,167401.45291884744,163515.75475460186,523,287,168,637,318,56,139,38,689,120,583,692,76,577,491,33,308,413,62,180,570,334,707,42,9,197,150,166,363,708,485,650,316,91,541,18,326,90,110,281,41,179,40,328,654,569,680,558,606,595,333,533,693,96,521,725,239,74,283,481,135,513,13,155,430,511,201,538,539,706,526,216,192,126,423,419,412,270,465,540,235,422,468,518,212,15,310,250,578,77,618,123,36,492,740,635,611,676,435,357,432,710,415,711,604,747,205,404,666,482,175,307,28,343,116,701,82,679,88,739,193,726,498,429,208,589,14,60,160,738,148,696,331,730,684,105,214,391,458,670,140,480,446,130,622,736,685,200,362,37,431,335,718,591,95,104,54,600,463,664,138,571,487,621,418,285,461,228,379,136,580,548,537,113,506,552,213,614,369,543,528,173,341,167,83,414,347,462,267,748,47,118,128,388,63,744,559,495,21,682,645,656,34,549,509,364,627,162,719,609,613,58,504,671,517,660,607,602,445,743,244,178,499,312,206,433,78,416,460,728,217,464,322,669,392,230,373,161,427,534,455,372,49,219,361,67,417,320,6,241,424,158,229,452,742,5,196,668,124,260,72,704,234,242,85,466,712,453,80,354,272,467,378,527,366,703,477,691,572,147,590,66,94,183,603,8,567,471,749,258,720,324,64,628,359,476,31,585,519,557,353,323,224,683,723,724,163,501,207,342,619,516,141,551,449,652,325,111,69,171,12,218,187,573,568,612,705,290,502,249,746,131,43,279,223,351,112,457,233,525,169,165,53,408,92,368,443,451,715,119,44,3,587,626,340,152,159,305,254,486,638,377,515,280,428,129,73,410,263,447,157,35,189,667,633,716,97,727,360,387,472,186,734,336,29,294,456,321,292,345,10,349,547,524,156,273,629,109,221,450,729,365,291,394,98,240,338,714,401,497,675,143,398,65,237,295,257,311,289,288,496,520,484,177,444,71,686,632,51,0,231,227,735,142,440,687,286,556,441,737,555,625,332,79,553,636,236,154,210,563,699,695,605,469,243,630,648,562,246,68,599,301,411,406,48,581,644,380,198,1,284,640,426,133,300,59,277,565,439,146,608,488,561,114,304,202,674,741,454,473,722,151,505,329,87,616,262,702,721,32,623,2,470,184,596,164,302,658,434,545,371,397,662,409,597,448,576,145,330,678,350,586,125,24,101,601,181,275,508,75,204,403,303,25,89,653,579,399,659,546,238,582,144,407,269,127,393,382,475,663,55,108,132,400,507,620,370,593,149,594,172,170,493,45,535,102,610,657,732,220,319,203,442,681,575,624,39,23,713,425,646,690,655,268,673,542,733,255,356,661,190,438,247,514,50,592,474,115,386,694,489,402,271,174,134,355,698,697,137,293,700,672,352,337,437,297,479,194,252,649,314,339,46,494,550,122,226,709,522,261,564,225,309,232,11,358,647,99,256,86,512,264,117,405,396,306,389,278,459,634,375,153,298,222,530,617,266,536,390,598,81,215,574,478,16,381,346,367,421,30,503,500,93,745,276,248,103,641,665,299,27,385,259,677,17,100,643,688,211,420,554,84,251,296,274,374,639,490,395,376,383,20,195,384,199,61,245,282,532,176,106,631,57,317,327,642,26,731,121,529,566,52,544,436,651,584,510,717,209,253,107,19,182,70,344,191,313,315,588,188,348,483,615,22,265,560,531,7,4,185,
102,47.75341510772705,167881.6943804533,163485.70188873966,523,287,168,637,318,56,139,38,689,120,583,692,76,577,491,33,308,413,62,180,570,334,707,42,9,197,150,166,363,708,485,650,316,91,541,18,326,90,110,281,41,179,40,328,654,569,680,558,606,595,333,533,693,96,521,725,239,74,283,481,135,513,13,155,430,511,201,538,539,706,526,216,192,126,423,419,412,270,465,540,235,422,468,518,212,15,310,250,578,77,618,123,36,492,740,635,611,676,435,357,432,710,415,711,604,747,205,404,666,482,175,307,28,343,116,701,82,679,88,739,193,726,498,136,429,208,589,14,60,160,738,148,696,331,730,684,105,214,391,458,670,140,480,446,130,622,736,685,200,362,37,431,335,718,591,95,104,54,600,463,664,138,571,487,621,418,285,461,228,379,580,548,537,113,506,552,213,614,369,543,528,173,341,167,83,414,347,462,267,748,47,118,128,388,63,744,559,495,21,682,645,656,34,549,509,364,627,162,719,609,613,58,504,671,517,660,607,602,445,743,244,178,499,312,206,433,78,416,460,728,217,464,322,669,392,230,373,161,427,534,455,372,49,219,361,67,417,320,6,241,424,158,229,452,742,5,196,668,124,260,72,704,234,242,85,466,712,453,80,354,272,467,378,527,366,703,477,691,572,147,590,66,94,183,603,8,567,471,749,258,720,324,64,628,359,476,31,585,519,557,353,323,224,683,723,724,163,501,207,342,619,516,141,551,449,652,325,111,69,171,12,218,187,573,568,612,705,290,502,249,746,131,43,279,223,351,112,457,233,525,169,165,53,408,92,368,443,451,715,119,44,3,587,626,340,152,159,305,254,486,638,377,515,280,428,129,73,410,263,447,157,35,189,667,633,716,97,727,360,387,472,186,734,336,29,294,456,321,292,345,10,349,547,524,156,273,629,109,221,450,729,365,291,394,98,240,338,714,401,497,675,143,398,65,237,295,257,311,289,288,496,520,484,177,444,71,686,632,51,0,231,227,735,142,440,687,286,556,441,737,555,625,332,79,553,636,236,154,210,563,699,695,605,469,243,630,648,562,246,68,599,301,411,406,48,581,644,380,198,1,284,640,426,133,300,59,277,565,439,146,608,488,561,114,304,202,674,741,454,473,722,151,505,329,87,616,262,702,721,32,623,2,470,184,596,164,302,658,434,545,371,397,662,409,597,448,576,145,330,678,350,586,125,24,101,601,181,275,508,75,204,403,303,25,89,653,579,399,659,546,238,582,144,407,269,127,393,382,475,663,55,108,132,400,507,620,370,593,149,594,172,170,493,45,535,102,610,657,732,220,319,203,442,681,575,624,39,23,713,425,646,690,655,268,673,542,733,255,356,661,190,438,247,514,50,592,474,115,386,694,489,402,271,174,134,355,698,697,137,293,700,672,352,337,437,297,479,194,252,649,314,339,46,494,550,122,226,709,522,261,564,225,309,232,11,358,647,99,256,86,512,264,117,405,396,306,389,278,459,634,375,153,298,222,530,617,266,536,390,598,81,215,574,478,16,381,346,367,421,30,503,500,93,745,276,248,103,641,665,299,27,385,259,677,17,100,643,688,211,420,554,84,251,296,274,374,639,490,395,376,383,20,195,384,199,61,245,282,532,176,106,631,57,317,327,642,26,731,121,529,566,52,544,436,651,584,510,717,209,253,107,19,182,70,344,191,313,315,588,188,348,483,615,22,265,560,531,7,4,185,
103,48.183181285858154,inf,163268.64500021475,523,287,168,637,318,56,139,38,689,120,583,692,76,577,491,33,308,413,62,180,570,334,707,42,9,197,150,166,363,708,485,650,316,91,541,18,326,90,110,281,41,179,40,328,654,569,680,558,606,595,333,533,693,96,521,725,239,74,283,481,135,513,13,155,430,511,201,538,539,706,526,216,192,126,423,419,412,270,465,540,235,422,468,518,212,15,310,250,578,77,618,123,36,492,740,635,611,676,435,357,432,710,415,711,604,747,205,404,666,482,175,307,28,343,116,701,82,679,88,739,193,726,498,136,429,208,589,14,60,160,738,148,696,331,730,684,105,214,391,458,670,140,480,446,130,622,736,685,200,362,37,431,335,718,591,95,104,54,600,463,664,138,571,487,621,418,285,461,228,379,548,537,113,580,506,552,213,614,369,543,528,173,341,167,83,414,347,462,267,748,47,118,128,388,63,744,559,495,21,682,645,656,34,549,509,364,627,162,719,609,613,58,504,671,517,660,607,602,445,743,244,178,499,312,206,433,78,416,460,728,217,464,322,669,392,230,373,161,427,534,455,372,49,219,361,67,417,320,6,241,424,158,229,452,742,5,196,668,124,260,72,704,234,242,85,466,712,453,80,354,272,467,378,527,366,703,477,691,572,147,590,66,94,183,603,8,567,471,749,258,720,324,64,628,359,476,31,585,519,557,353,323,224,683,723,724,163,501,207,342,619,516,141,551,449,652,325,111,69,171,12,218,187,573,568,612,705,290,502,249,746,131,43,279,223,351,112,457,233,525,169,165,53,408,92,368,443,451,715,119,44,3,587,626,340,152,159,305,254,486,638,377,515,280,428,129,73,410,263,447,157,35,189,667,633,716,97,727,360,387,472,186,734,336,29,294,456,321,292,345,10,349,547,524,156,273,629,109,221,450,729,365,291,394,98,240,338,714,401,497,675,143,398,65,237,295,257,311,289,288,496,520,484,177,444,71,686,632,51,0,231,227,735,142,440,687,286,556,441,737,555,625,332,79,553,636,236,154,210,563,699,695,605,469,243,630,648,562,246,68,599,301,411,406,48,581,644,380,198,1,284,640,426,133,300,59,277,565,439,146,608,488,561,114,304,202,674,741,454,473,722,151,505,329,87,616,262,702,721,32,623,2,470,184,596,164,302,658,434,545,371,397,662,409,597,448,576,145,330,678,350,586,125,24,101,601,181,275,508,75,204,403,303,25,89,653,579,399,659,546,238,582,144,407,269,127,393,382,475,663,55,108,132,400,507,620,370,593,149,594,172,170,493,45,535,102,610,657,732,220,319,203,442,681,575,624,39,23,713,425,646,690,655,268,673,542,733,255,356,661,190,438,247,514,50,592,474,115,386,694,489,402,271,174,134,355,698,697,137,293,700,672,352,337,437,297,479,194,252,649,314,339,46,494,550,122,226,709,522,261,564,225,309,232,11,358,647,99,256,86,512,264,117,405,396,306,389,278,459,634,375,153,298,222,530,617,266,536,390,598,81,215,574,478,16,381,346,367,421,30,503,500,93,745,276,248,103,641,665,299,27,385,259,677,17,100,643,688,211,420,554,84,251,296,274,374,639,490,395,376,383,20,195,384,199,61,245,282,532,176,106,631,57,317,327,642,26,731,121,529,566,52,544,436,651,584,510,717,209,253,107,19,182,70,344,191,313,315,588,188,348,483,615,22,265,560,531,7,4,185,
104,48.604894399642944,inf,163176.5205200477,523,287,168,637,318,56,139,38,689,120,583,692,76,577,491,33,308,413,62,180,570,334,707,42,9,197,150,166,363,708,485,650,316,91,541,18,326,90,110,281,41,179,40,328,654,569,680,558,606,595,333,533,693,96,521,725,239,74,283,481,135,513,13,155,430,511,201,538,539,706,526,216,192,126,423,419,412,270,465,540,235,422,468,518,212,15,310,250,578,77,618,123,36,492,740,635,611,676,435,357,432,710,415,711,604,747,205,404,666,482,175,307,28,343,116,701,82,679,88,739,193,726,498,136,429,208,589,14,60,160,738,148,696,331,730,684,105,214,391,458,670,140,480,446,130,622,736,685,200,362,37,431,335,718,591,95,104,54,600,463,664,138,571,487,621,418,285,461,228,379,537,113,548,580,506,552,213,614,369,543,528,173,341,167,83,414,347,462,267,748,47,118,128,388,63,744,559,495,21,682,645,656,34,549,509,364,627,162,719,609,613,58,504,671,517,660,607,602,445,743,244,178,499,312,206,433,78,416,460,728,217,464,322,669,392,230,373,161,427,534,455,372,49,219,361,67,417,320,6,241,424,158,229,452,742,5,196,668,124,260,72,704,234,242,85,466,712,453,80,354,272,467,378,527,366,703,477,691,572,147,590,66,94,183,603,8,567,471,749,258,720,324,64,628,359,476,31,585,519,557,353,323,224,683,723,724,163,501,207,342,619,516,141,551,449,652,325,111,69,171,12,218,187,573,568,612,705,290,502,249,746,131,43,279,223,351,112,457,233,525,169,165,53,408,92,368,443,451,715,119,44,3,587,626,340,152,159,305,254,486,638,377,515,280,428,129,73,410,263,447,157,35,189,667,633,716,97,727,360,387,472,186,734,336,29,294,456,321,292,345,10,349,547,524,156,273,629,109,221,450,729,365,291,394,98,240,338,714,401,497,675,143,398,65,237,295,257,311,289,288,496,520,484,177,444,71,686,632,51,0,231,227,735,142,440,687,286,556,441,737,555,625,332,79,553,636,236,154,210,563,699,695,605,469,243,630,648,562,246,68,599,301,411,406,48,581,644,380,198,1,284,640,426,133,300,59,277,565,439,146,608,488,561,114,304,202,674,741,454,473,722,151,505,329,87,616,262,702,721,32,623,2,470,184,596,164,302,658,434,545,371,397,662,409,597,448,576,145,330,678,350,586,125,24,101,601,181,275,508,75,204,403,303,25,89,653,579,399,659,546,238,582,144,407,269,127,393,382,475,663,55,108,132,400,507,620,370,593,149,594,172,170,493,45,535,102,610,657,732,220,319,203,442,681,575,624,39,23,713,425,646,690,655,268,673,542,733,255,356,661,190,438,247,514,50,592,474,115,386,694,489,402,271,174,134,355,698,697,137,293,700,672,352,337,437,297,479,194,252,649,314,339,46,494,550,122,226,709,522,261,564,225,309,232,11,358,647,99,256,86,512,264,117,405,396,306,389,278,459,634,375,153,298,222,530,617,266,536,390,598,81,215,574,478,16,381,346,367,421,30,503,500,93,745,276,248,103,641,665,299,27,385,259,677,17,100,643,688,211,420,554,84,251,296,274,374,639,490,395,376,383,20,195,384,199,61,245,282,532,176,106,631,57,317,327,642,26,731,121,529,566,52,544,436,651,584,510,717,209,253,107,19,182,70,344,191,313,315,588,188,348,483,615,22,265,560,531,7,4,185,
105,49.000131368637085,166762.06856759012,162989.82040599477,523,287,168,637,318,56,139,38,689,120,583,692,76,577,491,33,308,413,62,180,570,334,707,42,9,197,150,166,363,708,485,650,316,91,541,18,326,90,110,281,41,179,40,328,654,569,680,558,606,595,333,533,693,96,521,725,239,74,283,481,135,513,13,155,430,511,201,538,539,706,526,216,192,126,423,419,412,270,465,540,235,422,468,518,212,15,310,250,578,77,618,123,36,492,740,635,611,676,435,357,432,710,415,711,604,747,205,404,666,482,175,307,28,343,116,701,82,679,88,739,193,726,498,136,429,208,589,14,60,160,738,148,696,331,730,684,105,214,391,458,670,140,480,446,130,622,736,685,200,362,37,431,335,718,591,95,104,54,600,463,664,138,571,487,621,418,285,113,461,228,379,537,548,580,506,552,213,614,369,543,528,173,341,167,83,414,347,462,267,748,47,118,128,388,63,744,559,495,21,682,645,656,34,549,509,364,627,162,719,609,613,58,504,671,517,660,607,602,445,743,244,178,499,312,206,433,78,416,460,728,217,464,322,669,392,230,373,161,427,534,455,372,49,219,361,67,417,320,6,241,424,158,229,452,742,5,196,668,124,260,72,704,234,242,85,466,712,453,80,354,272,467,378,527,366,703,477,691,572,147,590,66,94,183,603,8,567,471,749,258,720,324,64,628,359,476,31,585,519,557,353,323,224,683,723,724,163,501,207,342,619,516,141,551,449,652,325,111,69,171,12,218,187,573,568,612,705,290,502,249,746,131,43,279,223,351,112,457,233,525,169,165,53,408,92,368,443,451,715,119,44,3,587,626,340,152,159,305,254,486,638,377,515,280,428,129,73,410,263,447,157,35,189,667,633,716,97,727,360,387,472,186,734,336,29,294,456,321,292,345,10,349,547,524,156,273,629,109,221,450,729,365,291,394,98,240,338,714,401,497,675,143,398,65,237,295,257,311,289,288,496,520,484,177,444,71,686,632,51,0,231,227,735,142,440,687,286,556,441,737,555,625,332,79,553,636,236,154,210,563,699,695,605,469,243,630,648,562,246,68,599,301,411,406,48,581,644,380,198,1,284,640,426,133,300,59,277,565,439,146,608,488,561,114,304,202,674,741,454,473,722,151,505,329,87,616,262,702,721,32,623,2,470,184,596,164,302,658,434,545,371,397,662,409,597,448,576,145,330,678,350,586,125,24,101,601,181,275,508,75,204,403,303,25,89,653,579,399,659,546,238,582,144,407,269,127,393,382,475,663,55,108,132,400,507,620,370,593,149,594,172,170,493,45,535,102,610,657,732,220,319,203,442,681,575,624,39,23,713,425,646,690,655,268,673,542,733,255,356,661,190,438,247,514,50,592,474,115,386,694,489,402,271,174,134,355,698,697,137,293,700,672,352,337,437,297,479,194,252,649,314,339,46,494,550,122,226,709,522,261,564,225,309,232,11,358,647,99,256,86,512,264,117,405,396,306,389,278,459,634,375,153,298,222,530,617,266,536,390,598,81,215,574,478,16,381,346,367,421,30,503,500,93,745,276,248,103,641,665,299,27,385,259,677,17,100,643,688,211,420,554,84,251,296,274,374,639,490,395,376,383,20,195,384,199,61,245,282,532,176,106,631,57,317,327,642,26,731,121,529,566,52,544,436,651,584,510,717,209,253,107,19,182,70,344,191,313,315,588,188,348,483,615,22,265,560,531,7,4,185,
106,49.40612053871155,167319.3310829186,162912.54951152462,335,718,591,95,104,54,600,463,664,138,571,487,621,418,285,461,228,379,136,580,548,537,113,506,552,213,614,369,543,528,173,341,167,83,414,347,462,267,748,47,118,128,388,63,744,559,495,21,682,645,656,34,549,509,364,627,162,719,609,613,58,504,671,517,660,607,602,445,743,244,178,499,312,206,433,78,416,460,728,217,464,322,669,392,230,373,161,427,534,455,372,49,219,361,67,417,320,6,241,424,158,229,452,742,5,196,668,124,260,72,704,234,242,85,466,712,453,80,354,272,467,378,527,366,703,477,691,572,147,590,66,94,183,603,8,567,471,749,258,720,324,64,628,359,476,31,585,519,557,353,323,224,683,723,724,163,501,207,342,619,516,141,551,449,652,325,111,69,171,12,218,187,573,568,502,612,705,290,233,525,165,53,408,92,368,443,451,715,119,44,3,587,626,340,152,159,305,254,486,638,377,515,280,428,129,73,410,263,447,157,35,189,667,633,716,97,727,360,387,472,186,734,336,29,294,456,321,292,345,10,349,547,524,156,273,629,109,221,450,729,365,291,394,98,240,338,714,401,497,675,143,398,65,237,295,257,311,289,288,496,520,484,177,444,71,686,632,51,0,231,227,735,142,440,687,286,556,441,737,555,625,332,79,553,636,236,154,210,563,699,695,605,469,243,630,648,562,246,68,599,301,411,406,48,581,644,380,198,1,284,640,426,133,300,59,277,565,439,146,608,488,561,114,304,202,674,741,454,473,722,151,505,329,87,616,262,702,721,32,579,399,659,623,2,470,184,596,164,145,302,658,434,545,371,397,662,409,597,448,576,330,678,350,586,125,24,653,101,601,181,275,508,75,204,403,303,25,89,546,238,582,144,407,269,127,393,382,475,663,55,108,132,400,507,620,370,593,149,594,172,170,493,45,535,102,610,657,732,220,319,203,442,681,575,624,39,23,713,425,646,690,655,268,673,542,733,255,356,661,190,438,247,514,50,592,474,115,386,694,489,61,402,271,384,199,174,134,355,698,697,137,293,700,672,352,337,437,297,479,194,252,649,314,339,46,494,550,122,226,709,522,261,564,225,309,232,11,358,647,99,256,86,512,264,117,405,396,306,389,278,459,634,375,153,298,222,530,617,266,536,390,598,81,215,574,478,16,381,346,367,421,30,503,500,93,745,276,248,103,641,665,299,27,385,259,677,17,100,643,688,211,420,554,84,251,296,274,374,639,490,395,376,383,20,195,121,529,566,52,544,436,651,584,510,717,209,253,107,19,182,70,344,191,313,315,588,188,318,483,348,615,22,265,560,531,7,4,185,523,287,168,637,56,139,38,689,120,583,692,76,577,491,33,308,413,62,180,570,334,707,42,9,197,150,166,363,708,485,650,316,91,541,18,326,90,110,281,41,179,40,328,654,569,680,558,606,595,333,533,693,96,521,725,239,74,283,481,135,513,13,155,430,511,201,538,539,706,526,216,192,126,423,419,412,270,465,540,235,422,468,518,212,15,310,250,578,77,618,123,36,492,740,635,611,676,435,357,432,710,415,711,604,747,205,404,666,482,175,307,28,343,116,701,82,679,88,739,193,726,498,429,208,589,14,60,160,738,148,696,249,331,730,684,105,214,746,131,43,279,223,351,112,457,169,176,106,631,57,317,327,642,532,245,282,731,26,391,458,670,140,480,446,130,622,736,685,200,362,37,431,
107,49.767552614212036,inf,162632.03709039098,158,229,452,742,5,196,668,124,260,72,704,234,242,85,466,712,453,80,354,272,467,378,527,366,703,477,691,572,147,590,66,94,183,603,8,567,471,749,258,720,324,64,628,359,476,31,585,519,557,353,323,224,683,723,724,163,501,207,342,619,516,141,551,449,652,325,111,69,171,12,218,187,573,568,502,612,705,290,233,525,165,53,408,92,368,443,451,715,119,44,3,587,626,340,152,159,305,254,486,638,377,515,280,428,129,73,410,263,447,157,35,189,667,633,716,97,727,360,387,472,186,734,336,29,294,456,321,292,345,10,349,547,524,156,273,629,109,221,450,729,365,291,394,98,240,338,714,401,497,675,143,398,65,237,295,257,311,289,288,496,520,484,177,444,71,686,632,51,0,231,227,735,142,440,687,286,556,441,737,555,625,332,79,553,636,236,154,210,563,699,695,605,469,243,630,648,562,246,68,599,301,411,406,48,581,644,380,198,1,284,640,426,133,300,59,277,565,439,146,608,488,561,114,304,202,674,741,454,473,722,151,505,329,87,616,262,702,721,32,623,2,470,184,596,164,302,658,434,545,371,397,662,409,597,448,576,145,330,678,350,586,125,24,101,601,181,275,508,75,204,403,303,25,89,653,579,399,659,546,238,582,144,407,269,127,393,382,475,663,55,108,132,400,507,620,370,593,149,594,172,170,493,45,535,102,610,657,732,220,319,203,442,681,575,624,39,23,713,425,646,690,655,268,673,542,733,255,356,661,190,438,247,514,50,592,474,115,386,694,489,61,402,271,384,199,174,134,355,698,697,137,293,700,672,352,337,437,297,479,194,252,649,314,339,46,494,550,122,226,709,522,261,564,225,309,232,11,358,647,99,256,86,512,264,117,405,396,306,389,278,459,634,375,153,298,222,530,617,266,536,390,598,81,215,574,478,16,381,346,367,421,30,503,500,93,745,276,248,103,641,665,299,27,385,259,677,17,100,643,688,211,420,554,84,251,296,274,374,639,490,395,376,383,20,195,121,529,566,52,544,436,651,584,510,717,209,253,107,19,182,70,344,191,313,315,588,188,318,483,348,615,22,265,560,531,7,4,185,523,287,168,637,56,139,38,689,120,583,692,76,577,491,33,308,413,62,180,570,334,707,42,9,197,150,166,363,708,485,650,316,91,541,18,326,90,110,281,41,179,40,328,654,569,680,558,606,595,333,533,693,96,521,725,239,74,283,481,135,513,13,155,430,511,201,538,539,706,526,216,192,126,423,419,412,270,465,540,235,422,468,518,212,15,310,250,578,77,618,123,36,492,740,635,611,676,435,357,432,710,415,711,604,747,205,404,666,482,175,307,28,343,116,701,82,679,88,739,193,726,498,429,208,589,14,60,160,738,148,696,249,331,730,684,105,214,746,131,43,279,223,351,112,457,169,176,106,631,57,317,327,642,532,245,282,731,26,391,458,670,140,480,446,130,622,736,685,200,362,37,431,335,718,591,95,104,54,600,463,664,138,571,487,621,418,285,461,228,379,136,580,548,537,113,506,552,213,614,369,543,528,173,341,167,83,414,347,462,267,748,47,118,128,388,63,744,559,21,682,495,645,656,34,549,509,364,627,162,719,609,613,58,504,671,517,660,607,602,445,743,244,178,499,312,206,433,78,416,460,728,217,464,322,669,392,230,373,161,427,534,455,372,49,219,361,67,417,320,6,241,424,
108,50.161885261535645,inf,162592.25037554614,158,229,452,742,5,196,668,124,260,72,704,234,242,85,466,712,453,80,354,272,467,378,527,366,703,477,691,572,147,590,66,94,183,603,8,567,471,749,258,720,324,64,628,359,476,31,585,519,557,353,323,224,683,723,724,163,501,207,342,619,516,141,551,449,652,325,111,69,171,12,218,187,573,568,502,612,705,290,233,525,165,53,408,92,368,443,451,715,119,44,3,587,626,340,152,159,305,254,486,638,377,515,280,428,129,73,410,263,447,157,35,189,667,633,716,97,727,360,387,472,186,734,336,29,294,456,321,292,345,10,349,547,524,156,273,629,109,221,450,729,365,291,394,98,240,338,714,401,497,675,143,398,65,237,295,257,311,289,288,496,520,484,177,444,71,686,632,51,0,231,227,735,142,440,687,286,556,441,737,555,625,332,79,553,636,236,154,210,563,699,695,605,469,243,630,648,562,246,68,599,301,411,406,48,581,644,380,198,1,284,640,426,133,300,59,277,565,439,146,608,488,561,114,304,202,674,741,454,473,722,151,505,329,87,616,262,702,721,32,623,2,470,184,596,164,302,658,434,545,371,397,662,409,597,448,576,145,330,678,350,586,125,24,101,601,181,275,508,75,204,403,303,25,89,653,579,399,659,546,238,582,144,407,269,127,393,382,475,663,55,108,132,400,507,620,370,593,149,594,172,170,493,45,535,102,610,657,732,220,319,203,442,681,575,624,39,23,713,425,646,690,655,268,673,542,733,255,356,661,190,438,247,514,50,592,474,115,386,694,489,61,402,271,384,199,174,134,355,698,697,137,293,700,672,352,337,437,297,479,194,252,649,314,339,46,494,550,122,226,709,522,261,564,225,309,232,11,358,647,99,256,86,512,264,117,405,396,306,389,278,459,634,375,153,298,222,530,617,266,536,390,598,81,215,574,478,16,381,346,367,421,30,503,500,93,745,276,248,103,641,665,299,27,385,259,677,17,100,643,688,211,420,554,84,251,296,274,374,639,490,395,376,383,20,195,121,529,566,52,544,436,651,584,510,717,209,253,107,19,182,70,344,191,313,315,588,188,318,483,348,615,22,265,560,531,7,4,185,523,287,168,637,56,139,38,689,120,583,692,76,577,491,33,308,413,62,180,570,334,707,42,9,197,150,166,363,708,485,650,316,91,541,18,326,90,110,281,41,179,40,328,654,569,680,558,606,595,333,533,693,96,521,725,239,74,283,481,135,513,13,155,430,511,201,538,539,706,526,216,192,126,423,419,412,270,465,540,235,422,468,518,212,15,310,250,578,77,618,123,36,492,740,635,611,676,435,357,432,710,415,711,604,747,205,404,666,482,175,307,28,343,116,701,82,679,88,739,193,726,498,429,208,589,14,60,160,738,148,696,249,331,730,684,105,214,746,131,43,279,223,351,112,457,169,176,106,631,57,317,327,642,532,245,282,731,26,391,458,670,140,480,446,130,622,736,685,200,362,37,431,335,718,591,95,104,54,600,463,664,138,571,487,621,418,285,461,228,379,136,580,548,537,113,506,552,213,614,369,543,528,173,341,167,83,414,347,462,267,748,47,118,128,388,63,744,559,495,21,682,645,656,34,549,509,364,627,162,719,609,613,58,504,671,517,660,607,602,445,743,244,178,499,312,206,433,78,416,460,728,217,464,322,669,392,230,373,161,427,534,455,372,49,219,361,67,417,320,6,241,424,
109,50.51701235771179,inf,162552.6987099383,158,229,452,742,5,196,668,124,260,72,704,234,242,85,466,712,453,80,354,272,467,378,527,366,703,477,691,572,147,590,66,94,183,603,8,567,471,749,258,720,324,64,628,359,476,31,585,519,557,353,323,224,683,723,724,163,501,207,342,619,516,141,551,449,652,325,111,69,171,12,218,187,573,568,502,612,705,290,233,525,165,53,408,92,368,443,451,715,119,44,3,587,626,340,152,159,305,254,486,638,377,515,280,428,129,73,410,263,447,157,35,189,667,633,716,97,727,360,387,472,186,734,336,29,294,456,321,292,345,10,349,547,524,156,273,629,109,221,450,729,365,291,394,98,240,338,714,401,497,675,143,398,65,237,295,257,311,289,288,496,520,484,177,444,71,686,632,51,0,231,227,735,142,440,687,286,556,441,737,555,625,332,79,553,636,236,154,210,563,699,695,605,469,243,630,648,562,246,68,599,301,411,406,48,581,644,380,198,1,284,640,426,133,300,59,277,565,439,146,608,488,561,114,304,202,674,741,454,473,722,151,505,329,87,616,262,702,721,32,623,2,470,184,596,164,302,658,434,545,371,397,662,409,597,448,576,145,330,678,350,586,125,24,101,601,181,275,508,75,204,403,303,25,89,653,579,399,659,546,238,582,144,407,269,127,393,382,475,663,55,108,132,400,507,620,370,593,149,594,172,170,493,45,535,102,610,657,732,220,319,203,442,681,575,624,39,23,713,425,646,690,655,268,673,542,733,255,356,661,190,438,247,514,50,592,474,115,386,694,489,61,402,271,384,199,174,134,355,698,697,137,293,700,672,352,337,437,297,479,194,252,649,314,339,46,494,550,122,226,709,522,261,564,225,309,232,11,358,647,99,256,86,512,264,117,405,396,306,389,278,459,634,375,153,298,222,530,617,266,536,390,598,81,215,574,478,16,381,346,669,392,367,421,30,503,500,93,745,276,248,103,641,665,299,27,385,259,677,17,100,643,688,211,420,554,84,251,296,274,374,639,490,395,376,383,20,195,121,529,566,52,544,436,651,584,510,717,209,253,107,19,182,70,344,191,313,315,588,188,318,483,348,615,22,265,560,531,7,4,185,523,287,168,637,56,139,38,689,120,583,692,76,577,491,33,308,413,62,180,570,334,707,42,9,197,150,166,363,708,485,650,316,91,541,18,326,90,110,281,41,179,40,328,654,569,680,558,606,595,333,533,693,96,521,725,239,74,283,481,135,513,13,155,430,511,201,538,539,706,526,216,192,126,423,419,412,270,465,540,235,422,468,518,212,15,310,250,578,77,618,123,36,492,740,635,611,676,435,357,432,710,415,711,604,747,205,404,666,482,175,307,28,343,116,701,82,679,88,739,193,726,498,429,208,589,14,60,160,738,148,696,249,331,730,684,105,214,746,131,43,279,223,351,112,457,169,176,106,631,57,317,327,642,532,245,282,731,26,391,458,670,140,480,446,130,622,736,685,200,362,37,431,335,718,591,95,104,54,600,463,664,138,571,487,621,418,285,461,228,379,136,580,548,537,113,506,552,213,614,369,543,528,173,341,167,83,414,347,462,267,748,47,118,128,388,63,744,559,495,21,682,645,656,34,549,509,364,627,162,719,609,613,58,504,671,517,660,607,602,445,743,244,178,499,312,206,433,78,416,460,728,217,464,322,230,373,161,427,534,455,372,49,219,361,67,417,320,6,241,424,
110,50.88816285133362,inf,162489.41669668737,185,523,287,168,637,56,139,38,689,120,583,692,76,577,491,33,308,413,62,180,570,334,707,42,9,197,150,166,363,708,485,650,316,91,541,18,326,90,110,281,41,179,40,328,654,569,680,558,606,595,333,533,693,96,521,725,239,74,283,481,135,513,13,155,430,511,201,538,539,706,526,216,192,126,423,419,412,270,465,540,235,422,468,518,212,15,310,250,578,77,618,123,36,492,740,635,611,676,435,357,432,710,415,711,604,747,205,404,666,482,175,307,28,343,116,701,82,679,88,739,193,726,498,136,429,208,589,14,60,160,738,148,696,331,730,684,105,391,458,670,140,480,446,130,622,736,685,200,362,37,431,335,718,591,95,104,54,600,463,664,138,571,487,621,418,285,113,461,228,379,537,548,580,506,552,213,614,369,543,528,173,341,167,83,414,347,462,267,748,47,118,128,388,63,744,559,495,21,682,645,656,34,549,509,364,627,162,719,609,613,58,504,671,517,660,607,602,445,743,244,178,499,312,206,433,78,416,460,728,217,464,322,669,392,230,373,161,427,534,455,372,49,219,361,67,417,320,6,241,424,158,229,452,742,5,196,668,124,260,72,704,234,242,85,466,712,453,80,354,272,467,378,527,366,703,477,691,572,147,590,66,94,183,603,8,567,471,749,258,720,324,64,628,359,476,31,585,519,557,353,323,224,683,723,724,163,501,207,342,619,516,141,551,449,652,325,111,69,171,12,218,187,573,568,612,705,290,502,249,214,746,131,43,279,176,106,631,57,317,327,642,532,245,282,731,26,223,351,112,457,233,525,169,165,53,408,92,368,443,451,715,119,44,3,587,626,340,152,159,305,254,486,638,377,515,280,428,129,73,410,263,447,157,35,189,667,716,633,97,727,360,387,472,186,734,336,29,294,456,321,292,345,10,349,547,524,156,273,629,109,221,450,729,365,291,394,98,240,338,714,401,497,675,143,398,65,237,295,257,311,289,288,496,520,484,177,444,71,686,632,51,0,231,227,735,142,440,687,286,556,441,737,555,625,332,79,553,636,236,154,210,563,699,695,605,469,243,630,648,562,246,68,599,301,411,406,48,581,644,380,198,1,284,640,426,133,300,59,277,565,439,146,608,488,561,114,304,202,674,741,454,473,722,151,505,329,87,616,262,702,721,32,623,2,470,184,596,164,302,658,434,545,371,397,662,409,597,448,576,145,330,678,350,586,125,24,101,601,181,275,508,75,204,403,303,25,89,653,579,399,659,546,238,582,144,407,269,127,393,382,475,663,55,108,132,400,507,620,370,593,149,594,172,170,493,45,535,102,610,657,732,220,319,203,442,681,575,624,39,23,713,425,646,690,655,268,673,542,733,255,356,661,190,438,247,514,50,592,474,115,386,694,489,402,61,384,199,271,174,134,355,698,697,137,293,700,672,352,337,437,297,479,194,252,649,314,339,46,494,550,122,226,709,522,261,564,225,309,232,11,358,647,99,256,86,512,264,117,405,396,306,389,278,459,634,375,153,298,222,530,617,266,536,390,598,81,215,574,478,16,381,346,367,421,30,503,500,93,745,276,248,103,641,665,299,27,385,259,677,17,100,643,688,211,420,554,84,251,296,274,374,639,490,395,376,383,20,195,121,529,566,52,544,436,651,584,510,717,209,253,107,19,182,70,344,191,313,315,588,188,318,483,348,615,22,265,560,531,7,4,
111,51.25558423995972,inf,162326.91917076774,185,523,287,168,637,56,139,38,689,120,583,692,76,577,491,33,308,413,62,180,570,334,707,42,9,197,150,166,363,708,485,650,316,91,541,18,326,90,110,281,41,179,40,328,654,569,680,558,606,595,333,533,693,96,521,725,239,74,283,481,135,513,13,155,430,511,201,538,539,706,526,216,192,126,423,419,412,270,465,540,235,422,468,518,212,15,310,250,578,77,618,123,36,492,740,635,611,676,435,357,432,710,415,711,604,747,205,404,666,482,175,307,28,343,116,701,82,679,88,739,193,726,498,136,429,208,589,14,60,160,738,148,696,331,730,684,105,214,746,131,43,279,176,106,631,57,317,327,642,532,245,282,731,26,391,458,670,140,480,446,130,622,736,685,200,362,37,431,335,718,591,95,104,54,600,463,664,138,571,487,621,418,285,113,461,228,379,537,548,580,506,552,213,614,369,543,528,173,341,167,83,414,347,462,267,748,47,118,128,388,63,744,559,495,21,682,645,656,34,549,509,364,627,162,719,609,613,58,504,671,517,660,607,602,445,743,244,178,499,312,206,433,78,416,460,728,217,464,322,669,392,230,373,161,427,534,455,372,49,219,361,67,417,320,6,241,424,158,229,452,742,5,196,668,124,260,72,704,234,242,85,466,712,453,80,354,272,467,378,527,366,703,477,691,572,147,590,66,94,183,603,8,567,471,749,258,720,324,64,628,359,476,31,585,519,557,353,323,224,683,723,724,163,501,207,342,619,516,141,551,449,652,325,111,69,171,12,218,187,573,568,612,705,290,502,249,223,351,112,457,233,525,169,165,53,408,92,368,443,451,715,119,44,3,587,626,340,152,159,305,254,486,638,377,515,280,428,129,73,410,263,447,157,35,189,667,716,633,97,727,360,387,472,186,734,336,29,294,456,321,292,345,10,349,547,524,156,273,629,109,221,450,729,365,291,394,98,240,338,714,401,497,675,143,398,65,237,295,257,311,289,288,496,520,484,177,444,71,686,632,51,0,231,227,735,142,440,687,286,556,441,737,555,625,332,79,553,636,236,154,210,563,699,695,605,469,243,630,648,562,246,68,599,301,411,406,48,581,644,380,198,1,284,640,426,133,300,59,277,565,439,146,608,488,561,114,304,202,674,741,454,473,722,151,505,329,87,616,262,702,721,32,623,2,470,184,596,164,302,658,434,545,371,397,662,409,597,448,576,145,330,678,350,586,125,24,101,601,181,275,508,75,204,403,303,25,89,653,579,399,659,546,238,582,144,407,269,127,393,382,475,663,55,108,132,400,507,620,370,593,149,594,172,170,493,45,535,102,610,657,732,220,319,203,442,681,575,624,39,23,713,425,646,690,655,268,673,542,733,255,356,661,190,438,247,514,50,592,474,115,386,694,489,402,61,384,199,271,174,134,355,698,697,137,293,700,672,352,337,437,297,479,194,252,649,314,339,46,494,550,122,226,709,522,261,564,225,309,232,11,358,647,99,256,86,512,264,117,405,396,306,389,278,459,634,375,153,298,222,530,617,266,536,390,598,81,215,574,478,16,381,346,367,421,30,503,500,93,745,276,248,103,641,665,299,27,385,259,677,17,100,643,688,211,420,554,84,251,296,274,374,639,490,395,376,383,20,195,121,529,566,52,544,436,651,584,510,717,209,253,107,19,182,70,344,191,313,315,588,188,318,483,348,615,22,265,560,531,7,4,
112,51.63171172142029,165380.4407659466,162158.21691089871,668,124,260,72,704,234,242,85,466,712,453,80,354,272,467,378,527,366,703,477,691,572,147,590,66,94,183,603,8,567,471,749,258,720,324,64,628,359,476,31,585,519,557,353,323,224,683,723,724,163,501,207,342,619,516,141,551,449,652,325,111,69,171,12,218,187,573,568,612,705,290,502,249,223,351,112,457,233,525,169,165,53,408,92,368,443,451,715,119,44,3,587,626,340,152,159,305,254,486,638,377,515,280,428,129,73,410,263,447,157,35,189,667,716,633,97,727,360,387,472,186,734,336,29,294,456,321,292,345,10,349,547,524,156,273,629,109,221,450,729,365,291,394,98,240,338,714,401,497,675,143,398,65,237,295,257,311,289,288,496,520,484,177,444,71,686,632,51,0,231,227,735,142,440,687,286,556,441,737,555,625,332,79,553,636,236,154,210,563,699,695,605,469,243,630,648,562,246,68,599,301,411,406,48,581,644,380,198,1,284,640,426,133,300,59,277,565,439,146,608,488,561,114,304,202,674,741,454,473,722,151,505,329,87,616,262,702,721,32,623,2,470,184,596,164,302,658,434,545,371,397,662,409,597,448,576,145,330,678,350,586,125,24,101,601,181,275,508,75,204,403,303,25,89,653,579,399,659,546,238,582,144,407,269,127,393,382,475,663,55,108,132,400,507,620,370,593,149,594,172,170,493,45,535,102,610,657,732,220,319,203,442,681,575,624,39,23,713,425,646,690,655,268,673,542,733,255,356,661,190,438,247,514,50,592,474,115,386,694,489,61,402,271,384,199,174,134,355,698,697,137,293,700,672,352,337,437,297,479,194,252,649,314,339,46,494,550,122,226,709,522,261,564,225,309,232,11,358,647,99,256,86,512,264,117,405,396,306,389,278,459,634,375,153,298,222,530,617,266,536,390,598,81,215,574,478,16,381,346,669,392,367,421,30,503,500,93,745,276,248,103,641,665,299,27,385,259,677,17,100,643,688,211,420,554,84,251,296,274,374,639,490,395,376,383,20,195,121,529,566,52,544,436,651,584,510,717,209,253,107,19,182,70,344,191,313,315,588,188,348,483,615,22,265,560,531,7,4,185,523,287,168,637,318,56,139,38,689,120,583,692,76,577,491,33,308,413,62,180,570,334,707,42,9,197,150,166,363,708,485,650,316,91,541,18,326,90,110,281,41,179,40,328,654,569,680,558,606,595,333,533,693,96,521,725,239,74,283,481,135,513,13,155,430,511,201,538,539,706,526,216,192,126,423,419,412,270,465,540,235,422,468,518,212,15,310,250,578,77,618,123,36,492,740,635,611,676,435,357,432,710,415,711,604,747,205,404,666,482,175,307,28,343,116,701,82,679,88,739,193,726,498,136,429,208,589,14,60,160,738,148,696,331,730,684,105,214,746,131,43,279,176,106,631,57,317,327,642,532,245,282,731,26,391,458,670,140,480,446,130,622,736,685,200,362,37,431,335,718,591,95,104,54,600,463,664,138,571,487,621,418,285,113,461,228,379,537,548,580,506,552,213,614,369,543,528,173,341,167,83,414,347,462,267,748,47,118,128,388,63,744,559,495,21,682,645,656,34,549,509,364,627,162,719,609,613,58,504,671,517,660,607,602,445,743,244,178,499,312,206,433,78,416,460,728,217,464,322,230,373,161,427,534,455,372,49,219,361,67,417,320,6,241,424,158,229,452,742,5,196,
113,52.02249765396118,166267.50970866252,162133.73449293114,668,124,260,72,704,234,242,85,466,712,453,80,354,272,467,378,527,366,703,477,691,572,147,590,66,94,183,603,8,567,471,749,258,720,324,64,628,359,476,31,585,519,557,353,323,224,683,723,724,163,501,207,342,619,516,141,551,449,652,325,111,69,171,12,218,187,573,568,612,705,290,502,249,223,351,112,457,233,525,169,165,53,408,92,368,443,451,715,119,44,3,587,626,340,152,159,305,254,486,638,377,515,280,428,129,73,410,263,447,157,35,189,667,716,633,97,727,360,387,472,186,734,336,29,294,456,321,292,345,10,349,547,524,156,273,629,109,221,450,729,365,291,394,98,240,338,714,401,497,675,143,398,65,237,295,257,311,289,288,496,520,484,177,444,71,686,632,51,0,231,227,735,142,440,687,286,556,441,737,555,625,332,79,553,636,236,154,210,563,699,695,605,469,243,630,648,562,246,68,599,301,411,406,48,581,644,380,198,1,284,640,426,133,300,59,277,565,439,146,608,488,561,114,304,202,674,741,454,473,722,151,505,329,87,616,262,702,721,32,623,2,470,184,596,164,302,658,434,545,371,397,662,409,597,448,576,145,330,678,350,586,125,24,101,601,181,275,508,75,204,403,303,25,89,653,579,399,659,546,238,582,144,407,269,127,393,382,475,663,55,108,132,400,507,620,370,593,149,594,172,170,493,45,535,102,610,657,732,220,319,203,442,681,575,624,39,23,713,425,646,690,655,268,673,542,733,255,356,661,190,438,247,514,50,592,474,115,386,694,489,61,402,271,384,199,174,134,355,698,697,137,293,700,672,352,337,437,297,479,194,252,649,314,339,46,494,550,122,226,709,522,261,564,225,309,232,11,358,647,99,256,86,512,264,117,405,396,306,389,278,459,634,375,153,298,222,530,617,266,536,390,598,81,215,574,478,16,381,346,669,392,367,421,30,503,500,93,745,276,248,103,641,665,299,27,385,259,677,17,100,643,688,211,420,554,84,251,296,274,374,639,490,395,376,383,20,195,121,529,566,52,544,436,651,584,510,717,209,253,107,19,182,70,344,191,313,315,588,188,348,483,615,22,265,560,531,7,4,185,523,287,168,637,318,56,139,38,689,120,583,692,76,577,491,33,308,413,62,180,570,334,707,42,9,197,150,166,363,708,485,650,316,91,541,18,326,90,110,281,179,40,328,654,569,680,558,606,595,333,533,693,96,521,725,239,74,283,481,135,513,13,155,430,511,201,538,539,706,526,216,192,126,423,419,412,270,465,540,235,422,468,518,212,15,310,250,578,77,618,123,36,492,740,635,611,676,435,357,432,710,415,711,604,747,205,404,666,482,175,307,28,343,116,701,82,679,88,739,193,726,498,136,429,208,589,14,60,160,738,148,696,331,730,684,105,214,746,131,43,279,176,106,631,57,317,327,642,532,245,282,731,26,391,458,670,140,480,446,130,622,736,685,200,362,37,431,335,718,591,95,104,54,600,463,664,138,571,487,621,418,285,113,461,228,379,537,548,580,506,552,213,614,369,543,528,173,341,167,83,414,347,462,267,748,47,118,128,388,63,744,559,495,21,682,645,656,34,41,549,509,364,627,162,719,609,613,58,504,671,517,660,607,602,445,743,244,178,499,312,206,433,78,416,460,728,217,464,322,230,373,161,427,534,455,372,49,219,361,67,417,320,6,241,424,158,229,452,742,5,196,
114,52.47729754447937,inf,162109.96523915546,668,124,260,72,704,234,242,85,466,712,453,80,354,272,467,378,527,366,703,477,691,572,147,590,66,94,183,603,8,567,471,749,258,720,324,64,628,359,476,31,585,519,557,353,323,224,683,723,724,163,501,207,342,619,516,141,551,449,652,325,111,69,171,12,218,187,573,568,612,705,290,502,249,223,351,112,457,233,525,169,165,53,408,92,368,443,451,715,119,44,3,587,626,340,152,159,305,254,486,638,377,515,280,428,129,73,410,263,447,157,35,189,667,716,633,97,727,360,387,472,186,734,336,29,294,456,321,292,345,10,349,547,524,156,273,629,109,221,450,729,365,291,394,98,240,338,714,401,497,675,143,398,65,237,295,257,311,289,288,496,520,484,177,444,71,686,632,51,0,231,227,735,142,440,687,286,556,441,737,555,625,332,79,553,636,236,154,210,563,699,695,605,469,243,630,648,562,246,68,599,301,411,406,48,581,644,380,198,1,284,640,426,133,300,59,277,565,439,146,608,488,561,114,304,202,674,741,454,473,722,151,505,329,87,616,262,702,721,32,623,2,470,184,596,164,302,658,434,545,371,397,662,409,597,448,576,145,330,678,350,586,125,24,101,601,181,275,508,75,204,403,303,25,89,653,579,399,659,546,238,582,144,407,269,127,393,382,475,663,55,108,132,400,507,620,370,593,149,594,172,170,493,45,535,102,610,657,732,220,319,203,442,681,575,624,39,23,713,425,646,690,655,268,673,542,733,255,356,661,190,438,247,514,50,592,474,115,386,694,489,61,402,271,384,199,174,134,355,698,697,137,293,700,672,352,337,437,297,479,194,252,649,314,339,46,494,550,122,226,709,522,261,564,225,309,232,11,358,647,99,256,86,512,264,117,405,396,306,389,278,459,634,375,153,298,222,530,617,266,536,390,598,81,215,574,478,16,381,346,669,392,367,421,30,503,500,93,745,276,248,103,641,665,299,27,385,259,677,17,100,643,688,211,420,554,84,251,296,274,374,639,490,395,376,383,20,195,121,529,566,52,544,436,651,584,510,717,209,253,107,19,182,70,344,191,313,315,588,188,348,483,615,22,265,560,531,7,4,185,523,287,168,637,318,56,139,38,689,120,583,692,76,577,491,33,308,413,62,180,570,334,707,42,9,197,166,150,363,708,485,650,316,91,541,18,326,90,110,281,179,40,328,654,569,680,558,606,595,333,533,693,96,521,725,239,74,283,481,135,513,13,155,430,511,201,538,539,706,526,216,192,126,423,419,412,270,465,540,235,422,468,518,212,15,310,250,578,77,618,123,36,492,740,635,611,676,435,357,432,710,415,711,604,747,205,404,666,482,175,307,28,343,116,701,82,679,88,739,193,726,498,136,429,208,589,14,60,160,738,148,696,331,730,684,105,214,746,131,43,279,176,106,631,57,317,327,642,532,245,282,731,26,391,458,670,140,480,446,130,622,736,685,200,362,37,431,335,718,591,95,104,54,600,463,664,138,571,487,621,418,285,113,461,228,379,537,548,580,506,552,213,614,369,543,528,173,341,167,83,414,347,462,267,748,47,118,128,388,63,744,559,495,21,682,645,656,34,41,549,509,364,627,162,719,609,613,58,504,671,517,660,607,602,445,743,244,178,499,312,206,433,78,416,460,728,217,464,322,230,373,161,427,534,455,372,49,219,361,67,417,320,6,241,424,158,229,452,742,5,196,
115,52.87901973724365,inf,161923.64186346857,335,718,591,95,104,54,600,463,664,138,571,487,621,418,285,113,461,228,379,537,548,580,506,552,213,614,369,543,528,173,341,167,83,414,347,462,267,748,47,118,128,388,63,744,559,495,21,682,645,656,34,549,509,364,627,162,719,609,613,58,504,671,517,660,607,602,445,743,244,178,499,312,206,433,78,416,460,728,217,464,322,669,392,230,373,161,427,534,455,372,49,219,361,67,417,320,6,241,424,158,229,452,742,5,196,668,124,260,72,704,234,242,85,466,712,453,80,354,272,467,378,527,366,703,477,691,572,147,590,66,94,183,603,8,567,471,749,258,720,324,64,628,359,476,31,585,519,557,353,323,224,683,723,724,163,501,207,342,619,516,141,551,449,652,325,111,69,171,12,218,187,573,568,502,612,705,290,233,525,165,53,408,92,368,443,451,715,119,44,3,587,626,340,152,159,305,254,486,638,377,515,280,428,129,73,410,263,447,157,35,189,667,633,716,97,727,360,387,472,186,734,336,29,294,456,321,292,345,10,349,547,524,156,273,629,109,221,450,729,365,291,394,98,240,338,714,401,497,675,143,398,65,237,295,257,311,289,288,496,520,484,177,444,71,686,632,51,0,231,227,735,142,440,687,286,556,441,737,555,625,332,79,553,636,236,154,210,563,699,695,605,469,243,630,648,562,246,68,599,301,411,406,48,581,644,380,198,1,284,640,426,133,300,59,277,565,439,146,608,488,561,114,304,202,674,741,454,473,722,151,505,329,87,616,262,702,721,32,623,2,470,184,596,164,302,658,434,545,371,397,662,409,597,448,576,145,330,678,350,586,125,24,101,601,181,275,508,75,204,403,303,25,89,653,579,399,659,546,238,582,144,407,269,127,393,382,475,663,55,108,132,400,507,620,370,593,149,594,172,170,493,45,535,102,610,657,732,220,319,203,442,681,575,624,39,23,713,425,646,690,655,268,673,542,733,255,356,661,190,438,247,514,50,592,474,115,386,694,489,61,402,271,384,199,174,134,355,698,697,137,293,700,672,352,337,437,297,479,194,252,649,314,339,46,494,550,122,226,709,522,261,564,225,309,232,11,358,647,99,256,86,512,264,117,405,396,306,389,278,459,634,375,153,298,222,530,617,266,536,390,598,81,215,574,478,16,381,346,367,421,30,503,500,93,745,276,248,103,641,665,299,27,385,259,677,17,100,643,688,211,420,554,84,251,296,274,374,639,490,395,376,383,20,195,121,529,566,52,544,436,651,584,510,717,209,253,107,19,182,70,344,191,313,315,588,188,348,483,615,22,265,560,531,7,4,185,523,287,168,637,318,56,139,38,689,120,583,692,76,577,491,33,308,413,62,180,570,334,707,42,9,197,150,166,363,708,485,650,316,91,541,18,326,90,110,281,41,179,40,328,654,569,680,558,606,595,333,533,693,96,521,725,239,74,283,481,135,513,13,155,430,511,201,538,539,706,526,216,192,126,423,419,412,270,465,540,235,422,468,518,212,15,310,250,578,77,618,123,36,492,740,635,611,676,435,357,432,710,415,711,604,747,205,404,666,482,175,307,28,343,116,701,82,679,88,739,193,726,498,136,429,208,589,14,60,160,738,148,696,249,331,730,684,105,214,746,131,43,279,223,351,112,457,169,176,106,631,57,317,327,642,532,245,282,731,26,391,458,670,140,480,446,130,622,736,685,200,362,37,431,
116,53.27102041244507,163834.9813120421,161896.5527053108,335,718,591,95,104,54,600,463,664,138,571,487,621,418,285,113,461,228,379,537,548,580,506,552,213,614,369,543,528,173,341,167,83,414,347,462,267,748,47,118,128,388,63,744,559,495,21,682,645,656,34,549,509,364,627,162,719,609,613,58,504,671,517,660,607,602,445,743,244,178,499,312,206,433,78,416,460,728,217,464,322,669,392,230,373,161,427,534,455,372,49,219,361,67,417,320,6,241,424,158,229,452,742,5,196,668,124,260,72,704,234,242,85,466,712,453,80,354,272,467,378,527,366,703,477,691,572,147,590,66,94,183,603,8,567,471,749,258,720,324,64,628,359,476,31,585,519,557,353,323,224,683,723,724,163,501,207,342,619,516,141,551,449,652,325,111,69,171,12,218,187,573,568,502,612,705,290,233,525,165,53,408,92,368,443,451,715,119,44,3,587,626,340,152,159,305,254,486,638,377,515,280,428,129,73,410,263,447,157,35,189,667,716,633,97,727,360,387,472,186,734,336,29,294,456,321,292,345,10,349,547,524,156,273,629,109,221,450,729,365,291,394,98,240,338,714,401,497,675,143,398,65,237,295,257,311,289,288,496,520,484,177,444,71,686,632,51,0,231,227,735,142,440,687,286,556,441,737,555,625,332,79,553,636,236,154,210,563,699,695,605,469,243,630,648,562,246,68,599,301,411,406,48,581,644,380,198,1,284,640,426,133,300,59,277,565,439,146,608,488,561,114,304,202,674,741,454,473,722,151,505,329,87,616,262,702,721,32,623,2,470,184,596,164,302,658,434,545,371,397,662,409,597,448,576,145,330,678,350,586,125,24,101,601,181,275,508,75,204,403,303,25,89,653,579,399,659,546,238,582,144,407,269,127,393,382,475,663,55,108,132,400,507,620,370,593,149,594,172,170,493,45,535,102,610,657,732,220,319,203,442,681,575,624,39,23,713,425,646,690,655,268,673,542,733,255,356,661,190,438,247,514,50,592,474,115,386,694,489,61,402,271,384,199,174,134,355,698,697,137,293,700,672,352,337,437,297,479,194,252,649,314,339,46,494,550,122,226,709,522,261,564,225,309,232,11,358,647,99,256,86,512,264,117,405,396,306,389,278,459,634,375,153,298,222,530,617,266,536,390,598,81,215,574,478,16,381,346,367,421,30,503,500,93,745,276,248,103,641,665,299,27,385,259,677,17,100,643,688,211,420,554,84,251,296,274,374,639,490,395,376,383,20,195,121,529,566,52,544,436,651,584,510,717,209,253,107,19,182,70,344,191,313,315,588,188,348,483,615,22,265,560,531,7,4,185,523,287,168,637,318,56,139,38,689,120,583,692,76,577,491,33,308,413,62,180,570,334,707,42,9,197,150,166,363,708,485,650,316,91,541,18,326,90,110,281,41,179,40,328,654,569,680,558,606,595,333,533,693,96,521,725,239,74,283,481,135,513,13,155,430,511,201,538,539,706,526,216,192,126,423,419,412,270,465,540,235,422,468,518,212,15,310,250,578,77,618,123,36,492,740,635,611,676,435,357,432,710,415,711,604,747,205,404,666,482,175,307,28,343,116,701,82,679,88,739,193,726,498,136,429,208,589,14,60,160,738,148,696,249,331,730,684,105,214,746,131,43,279,223,351,112,457,169,176,106,631,57,317,327,642,532,245,282,731,26,391,458,670,140,480,446,130,622,736,685,200,362,37,431,
117,53.664321184158325,165510.11568950617,161872.07028734326,335,718,591,95,104,54,600,463,664,138,571,487,621,418,285,113,461,228,379,537,548,580,506,552,213,614,369,543,528,173,341,167,83,414,347,462,267,748,47,118,128,388,63,744,559,495,21,682,645,656,34,41,549,509,364,627,162,719,609,613,58,504,671,517,660,607,602,445,743,244,178,499,312,206,433,78,416,460,728,217,464,322,669,392,230,373,161,427,534,455,372,49,219,361,67,417,320,6,241,424,158,229,452,742,5,196,668,124,260,72,704,234,242,85,466,712,453,80,354,272,467,378,527,366,703,477,691,572,147,590,66,94,183,603,8,567,471,749,258,720,324,64,628,359,476,31,585,519,557,353,323,224,683,723,724,163,501,207,342,619,516,141,551,449,652,325,111,69,171,12,218,187,573,568,502,612,705,290,233,525,165,53,408,92,368,443,451,715,119,44,3,587,626,340,152,159,305,254,486,638,377,515,280,428,129,73,410,263,447,157,35,189,667,716,633,97,727,360,387,472,186,734,336,29,294,456,321,292,345,10,349,547,524,156,273,629,109,221,450,729,365,291,394,98,240,338,714,401,497,675,143,398,65,237,295,257,311,289,288,496,520,484,177,444,71,686,632,51,0,231,227,735,142,440,687,286,556,441,737,555,625,332,79,553,636,236,154,210,563,699,695,605,469,243,630,648,562,246,68,599,301,411,406,48,581,644,380,198,1,284,640,426,133,300,59,277,565,439,146,608,488,561,114,304,202,674,741,454,473,722,151,505,329,87,616,262,702,721,32,623,2,470,184,596,164,302,658,434,545,371,397,662,409,597,448,576,145,330,678,350,586,125,24,101,601,181,275,508,75,204,403,303,25,89,653,579,399,659,546,238,582,144,407,269,127,393,382,475,663,55,108,132,400,507,620,370,593,149,594,172,170,493,45,535,102,610,657,732,220,319,203,442,681,575,624,39,23,713,425,646,690,655,268,673,542,733,255,356,661,190,438,247,514,50,592,474,115,386,694,489,61,402,271,384,199,174,134,355,698,697,137,293,700,672,352,337,437,297,479,194,252,649,314,339,46,494,550,122,226,709,522,261,564,225,309,232,11,358,647,99,256,86,512,264,117,405,396,306,389,278,459,634,375,153,298,222,530,617,266,536,390,598,81,215,574,478,16,381,346,367,421,30,503,500,93,745,276,248,103,641,665,299,27,385,259,677,17,100,643,688,211,420,554,84,251,296,274,374,639,490,395,376,383,20,195,121,529,566,52,544,436,651,584,510,717,209,253,107,19,182,70,344,191,313,315,588,188,348,483,615,22,265,560,531,7,4,185,523,287,168,637,318,56,139,38,689,120,583,692,76,577,491,33,308,413,62,180,570,334,707,42,9,197,150,166,363,708,485,650,316,91,541,18,326,90,110,281,179,40,328,654,569,680,558,606,595,333,533,693,96,521,725,239,74,283,481,135,513,13,155,430,511,201,538,539,706,526,216,192,126,423,419,412,270,465,540,235,422,468,518,212,15,310,250,578,77,618,123,36,492,740,635,611,676,435,357,432,710,415,711,604,747,205,404,666,482,175,307,28,343,116,701,82,679,88,739,193,726,498,136,429,208,589,14,60,160,738,148,696,249,331,730,684,105,214,746,131,43,279,223,351,112,457,169,176,106,631,57,317,327,642,532,245,282,731,26,391,458,670,140,480,446,130,622,736,685,200,362,37,431,
118,54.07551598548889,164780.28102796368,161848.3010335676,335,718,591,95,104,54,600,463,664,138,571,487,621,418,285,113,461,228,379,537,548,580,506,552,213,614,369,543,528,173,341,167,83,414,347,462,267,748,47,118,128,388,63,744,559,495,21,682,645,656,34,41,549,509,364,627,162,719,609,613,58,504,671,517,660,607,602,445,743,244,178,499,312,206,433,78,416,460,728,217,464,322,669,392,230,373,161,427,534,455,372,49,219,361,67,417,320,6,241,424,158,229,452,742,5,196,668,124,260,72,704,234,242,85,466,712,453,80,354,272,467,378,527,366,703,477,691,572,147,590,66,94,183,603,8,567,471,749,258,720,324,64,628,359,476,31,585,519,557,353,323,224,683,723,724,163,501,207,342,619,516,141,551,449,652,325,111,69,171,12,218,187,573,568,502,612,705,290,233,525,165,53,408,92,368,443,451,715,119,44,3,587,626,340,152,159,305,254,486,638,377,515,280,428,129,73,410,263,447,157,35,189,667,716,633,97,727,360,387,472,186,734,336,29,294,456,321,292,345,10,349,547,524,156,273,629,109,221,450,729,365,291,394,98,240,338,714,401,497,675,143,398,65,237,295,257,311,289,288,496,520,484,177,444,71,686,632,51,0,231,227,735,142,440,687,286,556,441,737,555,625,332,79,553,636,236,154,210,563,699,695,605,469,243,630,648,562,246,68,599,301,411,406,48,581,644,380,198,1,284,640,426,133,300,59,277,565,439,146,608,488,561,114,304,202,674,741,454,473,722,151,505,329,87,616,262,702,721,32,623,2,470,184,596,164,302,658,434,545,371,397,662,409,597,448,576,145,330,678,350,586,125,24,101,601,181,275,508,75,204,403,303,25,89,653,579,399,659,546,238,582,144,407,269,127,393,382,475,663,55,108,132,400,507,620,370,593,149,594,172,170,493,45,535,102,610,657,732,220,319,203,442,681,575,624,39,23,713,425,646,690,655,268,673,542,733,255,356,661,190,438,247,514,50,592,474,115,386,694,489,61,402,271,384,199,174,134,355,698,697,137,293,700,672,352,337,437,297,479,194,252,649,314,339,46,494,550,122,226,709,522,261,564,225,309,232,11,358,647,99,256,86,512,264,117,405,396,306,389,278,459,634,375,153,298,222,530,617,266,536,390,598,81,215,574,478,16,381,346,367,421,30,503,500,93,745,276,248,103,641,665,299,27,385,259,677,17,100,643,688,211,420,554,84,251,296,274,374,639,490,395,376,383,20,195,121,529,566,52,544,436,651,584,510,717,209,253,107,19,182,70,344,191,313,315,588,188,348,483,615,22,265,560,531,7,4,185,523,287,168,637,318,56,139,38,689,120,583,692,76,577,491,33,308,413,62,180,570,334,707,42,9,197,166,150,363,708,485,650,316,91,541,18,326,90,110,281,179,40,328,654,569,680,558,606,595,333,533,693,96,521,725,239,74,283,481,135,513,13,155,430,511,201,538,539,706,526,216,192,126,423,419,412,270,465,540,235,422,468,518,212,15,310,250,578,77,618,123,36,492,740,635,611,676,435,357,432,710,415,711,604,747,205,404,666,482,175,307,28,343,116,701,82,679,88,739,193,726,498,136,429,208,589,14,60,160,738,148,696,249,331,730,684,105,214,746,131,43,279,223,351,112,457,169,176,106,631,57,317,327,642,532,245,282,731,26,391,458,670,140,480,446,130,622,736,685,200,362,37,431,
119,54.46486139297485,164838.94498334217,161814.79126166864,80,354,272,467,378,527,366,703,477,691,572,147,590,66,94,183,603,8,567,471,749,258,720,324,64,628,359,476,31,585,519,557,353,323,224,683,723,724,163,501,207,342,619,516,141,551,449,652,325,111,69,171,12,218,187,573,568,502,612,705,290,233,525,165,53,408,92,368,443,451,715,119,44,3,587,626,340,152,159,305,254,486,638,377,515,280,428,129,73,410,263,447,157,35,189,667,716,633,97,727,360,387,472,186,734,336,29,294,456,321,292,345,10,349,547,524,156,273,629,109,221,450,729,365,291,394,98,240,338,714,401,497,675,143,398,65,237,295,257,311,289,288,496,520,484,177,444,71,686,632,51,0,231,227,735,142,440,687,286,556,441,737,555,625,332,79,553,636,236,154,210,563,699,695,605,469,243,630,648,562,246,68,599,301,411,406,48,581,644,380,198,1,284,640,426,133,300,59,277,565,439,146,608,488,561,114,304,202,674,741,454,473,722,151,505,329,87,616,262,702,721,32,623,2,470,184,596,164,302,658,434,545,371,397,662,409,597,448,576,145,330,678,350,586,125,24,101,601,181,275,508,75,204,403,303,25,89,653,579,399,659,546,238,582,144,407,269,127,393,382,475,663,55,108,132,400,507,620,370,593,149,594,172,170,493,45,535,102,610,657,732,220,319,203,442,681,575,624,39,23,713,425,646,690,655,268,673,542,733,255,356,661,190,438,247,514,50,592,474,115,386,694,489,61,402,271,384,199,174,134,355,698,697,137,293,700,672,352,337,437,297,479,194,252,649,314,339,46,494,550,122,226,709,522,261,564,225,309,232,11,358,647,99,256,86,512,264,117,405,396,306,389,278,459,634,375,153,298,222,530,617,266,536,390,598,81,215,574,478,16,381,346,669,392,367,421,30,503,500,93,745,276,248,103,641,665,299,27,385,259,677,17,100,643,688,211,420,554,84,251,296,274,374,639,490,395,376,383,20,195,121,529,566,52,544,436,651,584,510,717,209,253,107,19,182,70,344,191,313,315,588,188,348,483,615,22,265,560,531,7,4,185,523,287,168,637,318,56,139,38,689,120,583,692,76,577,491,33,308,413,62,180,570,334,707,42,9,197,150,166,363,708,485,650,316,91,541,18,326,90,110,281,41,179,40,328,654,569,680,558,606,595,333,533,693,96,521,725,239,74,283,481,135,513,13,155,430,511,201,538,539,706,526,216,192,126,423,419,412,270,34,656,465,540,235,422,468,518,212,15,310,250,578,77,618,123,36,492,740,635,611,676,435,357,432,710,415,711,604,747,205,404,666,482,175,307,28,343,116,701,82,679,88,739,193,726,498,136,429,208,589,14,60,160,738,148,696,249,331,730,684,105,214,746,131,43,279,223,351,112,457,169,176,106,631,57,317,327,642,532,245,282,731,26,391,458,670,140,480,446,130,622,736,685,200,362,37,431,335,718,591,95,104,54,600,463,664,138,571,487,621,418,285,113,461,228,379,537,548,580,506,552,213,614,369,543,528,173,341,167,83,414,347,462,267,748,47,118,128,388,63,744,559,495,21,682,645,549,509,364,627,162,719,609,613,58,504,671,517,660,607,602,445,743,244,178,499,312,206,433,78,416,460,728,217,464,322,230,373,161,427,534,455,372,49,219,361,67,417,320,6,241,424,158,229,452,742,5,196,668,124,260,72,704,234,242,85,466,712,453,
120,54.77035713195801,inf,161635.1567596664,668,124,260,72,704,234,242,85,466,712,453,80,354,272,467,378,527,366,703,477,691,572,147,590,66,94,183,603,8,567,471,749,258,720,324,64,628,359,476,31,585,519,557,353,323,224,683,723,724,163,501,207,342,619,516,141,551,449,652,325,111,69,171,12,218,187,573,568,502,612,705,290,233,525,351,112,457,169,165,53,408,92,368,443,451,715,119,44,3,587,626,340,152,159,305,254,486,638,377,515,280,428,129,73,410,263,447,157,35,189,667,716,633,97,727,360,387,472,186,734,336,29,294,456,321,292,345,10,349,547,524,156,273,629,109,221,450,729,365,291,394,98,240,338,714,401,497,675,143,398,65,237,295,257,311,289,288,496,520,484,177,444,71,686,632,51,0,231,227,735,142,440,687,286,556,441,737,555,625,332,79,553,636,236,154,210,563,699,695,605,469,243,630,648,562,246,68,599,301,411,406,48,581,644,380,198,1,284,640,426,133,300,59,277,565,439,146,608,488,561,114,304,202,674,741,454,473,722,151,505,329,87,616,262,702,721,32,623,2,470,184,596,164,302,658,434,545,371,397,662,409,597,448,576,145,330,678,350,586,125,24,101,601,181,275,508,75,204,403,303,25,89,653,579,399,659,546,238,582,144,407,269,127,393,382,475,663,55,108,132,400,507,620,370,593,149,594,172,170,493,45,535,102,610,657,732,220,319,203,442,681,575,624,39,23,713,425,646,690,655,268,673,542,733,255,356,661,190,438,247,514,50,592,474,115,386,694,489,61,402,271,384,199,174,134,355,698,697,137,293,700,672,352,337,437,297,479,194,252,649,314,339,46,494,550,122,226,709,522,261,564,225,309,232,11,358,647,99,256,86,512,264,117,405,396,306,389,278,459,634,375,153,298,222,530,617,266,536,390,598,81,215,574,478,16,381,346,669,392,367,421,30,503,500,93,745,276,248,103,641,665,299,27,385,259,677,17,100,643,688,211,420,554,84,251,296,274,374,639,490,395,376,383,20,195,121,529,566,52,544,436,651,584,510,717,209,253,107,19,182,70,344,191,313,315,588,188,348,483,615,22,265,560,531,7,4,185,523,287,168,637,318,56,139,38,689,120,583,692,76,577,491,33,308,413,62,180,570,334,707,42,9,197,166,150,363,708,485,650,316,91,541,18,326,90,110,281,179,40,328,654,569,680,558,606,595,333,533,693,96,521,725,239,74,283,481,135,513,13,155,430,511,201,538,539,706,526,216,192,126,423,419,412,270,465,540,235,422,468,518,212,15,310,250,578,77,618,123,36,492,740,635,611,676,435,357,432,710,415,711,604,747,205,404,666,482,175,307,28,343,116,701,82,679,88,739,193,726,498,136,429,208,589,14,60,160,738,148,696,249,331,730,684,105,214,746,131,43,223,279,176,106,631,57,317,327,642,532,245,282,731,26,391,458,670,140,480,446,130,622,736,685,200,362,37,431,335,718,591,95,104,54,600,463,664,138,571,487,621,418,285,113,461,228,379,537,548,580,506,552,213,614,369,543,528,173,341,167,83,414,347,462,267,748,47,118,128,388,63,744,559,495,21,682,645,656,34,41,549,509,364,627,162,719,609,613,58,504,671,517,660,607,602,445,743,244,178,499,312,206,433,78,416,460,728,217,464,322,230,373,161,427,534,455,372,49,219,361,67,417,320,6,241,424,158,229,452,742,5,196,
121,55.14532470703125,166571.97151216047,161616.8359229771,668,124,260,72,704,234,242,85,466,712,453,80,354,272,467,378,527,366,703,477,691,572,147,590,66,94,183,603,8,567,471,749,258,720,324,64,628,359,476,31,585,519,557,353,323,224,683,723,724,163,501,207,342,619,516,141,551,449,652,325,111,69,171,12,218,187,573,568,502,612,705,290,233,525,351,112,457,169,165,53,408,92,368,443,451,715,119,44,3,587,626,340,152,159,305,254,486,638,377,515,280,428,129,73,410,263,447,157,35,189,667,716,633,97,727,360,387,472,186,734,336,29,294,456,321,292,345,10,349,547,524,156,273,629,109,221,450,729,365,291,394,98,240,338,714,401,497,675,143,398,65,237,295,257,311,289,288,496,520,484,177,444,71,686,632,51,0,231,227,735,142,440,687,286,556,441,737,555,625,332,79,553,636,236,154,210,563,699,695,605,469,243,630,648,562,246,68,599,301,411,406,48,581,644,380,198,1,284,640,426,133,300,59,277,565,439,146,608,488,561,114,304,202,674,741,454,473,722,151,505,329,87,616,262,702,721,32,2,470,184,596,164,302,658,434,545,371,397,662,409,597,448,576,145,330,678,350,586,125,24,101,601,181,275,508,75,204,403,303,25,89,653,579,399,659,623,546,238,582,144,407,269,127,393,382,475,663,55,108,132,400,507,620,370,593,149,594,172,170,493,45,535,102,610,657,732,220,319,203,442,681,575,624,39,23,713,425,646,690,655,268,673,542,733,255,356,661,190,438,247,514,50,592,474,115,386,694,489,61,402,271,384,199,174,134,355,698,697,137,293,700,672,352,337,437,297,479,194,252,649,314,339,46,494,550,122,226,709,522,261,564,225,309,232,11,358,647,99,256,86,512,264,117,405,396,306,389,278,459,634,375,153,298,222,530,617,266,536,390,598,81,215,574,478,16,381,346,669,392,367,421,30,503,500,93,745,276,248,103,641,665,299,27,385,259,677,17,100,643,688,211,420,554,84,251,296,274,374,639,490,395,376,383,20,195,121,529,566,52,544,436,651,584,510,717,209,253,107,19,182,70,344,191,313,315,588,188,348,483,615,22,265,560,531,7,4,185,523,287,168,637,318,56,139,38,689,120,583,692,76,577,491,33,308,413,62,180,570,334,707,42,9,197,166,150,363,708,485,650,316,91,541,18,326,90,110,281,179,40,328,654,569,680,558,606,595,333,533,693,96,521,725,239,74,283,481,135,513,13,155,430,511,201,538,539,706,526,216,192,126,423,419,412,270,465,540,235,422,468,518,212,15,310,250,578,77,618,123,36,492,740,635,611,676,435,357,432,710,415,711,604,747,205,404,666,482,175,307,28,343,116,701,82,679,88,739,193,726,498,136,429,208,589,14,60,160,738,148,696,249,331,730,684,105,214,746,131,43,223,279,176,106,631,57,317,327,642,532,245,282,731,26,391,458,670,140,480,446,130,622,736,685,200,362,37,431,335,718,591,95,104,54,600,463,664,138,571,487,621,418,285,113,461,228,379,537,548,580,506,552,213,614,369,543,528,173,341,167,83,414,347,462,267,748,47,118,128,388,63,744,559,495,21,682,645,656,34,41,549,509,364,627,162,719,609,613,58,504,671,517,660,607,602,445,743,244,178,499,312,206,433,78,416,460,728,217,464,322,230,373,161,427,534,455,372,49,219,361,67,417,320,6,241,424,158,229,452,742,5,196,
122,55.54141974449158,166389.993821011,161600.7862499971,668,124,260,72,704,234,242,85,466,712,453,80,354,272,467,378,527,366,703,477,691,572,147,590,66,94,183,603,8,567,471,749,258,720,324,64,628,359,476,31,585,519,557,353,323,224,683,723,724,163,501,207,342,619,516,141,551,449,652,325,111,69,171,12,218,187,573,568,502,612,705,290,233,525,351,112,457,169,165,53,408,92,368,443,451,715,119,44,3,587,626,340,152,159,305,254,486,638,377,515,280,428,129,73,410,263,447,157,35,189,667,716,633,97,727,360,387,472,186,734,336,29,294,456,321,292,345,10,349,547,524,156,273,629,109,221,450,729,365,291,394,98,240,338,714,401,497,675,143,398,65,237,295,257,311,289,288,496,520,484,177,444,71,686,632,51,0,231,227,735,142,440,687,286,556,441,737,555,625,332,79,553,636,236,154,210,563,699,695,605,469,243,630,648,562,246,68,599,301,411,406,48,581,644,380,198,1,284,640,426,133,300,59,277,565,439,146,608,488,561,114,304,202,674,741,454,473,722,151,505,329,87,616,262,702,721,32,2,470,184,596,164,302,658,434,545,371,397,662,409,597,448,576,145,330,678,350,586,125,24,101,601,181,275,508,75,204,403,303,25,89,653,579,399,659,623,546,238,582,144,407,269,127,393,382,475,663,55,108,132,400,507,620,370,594,593,149,172,170,493,45,535,102,610,657,732,220,319,203,442,681,575,624,39,23,713,425,646,690,655,268,673,542,733,255,356,661,190,438,247,514,50,592,474,115,386,694,489,61,402,271,384,199,174,134,355,698,697,137,293,700,672,352,337,437,297,479,194,252,649,314,339,46,494,550,122,226,709,522,261,564,225,309,232,11,358,647,99,256,86,512,264,117,405,396,306,389,278,459,634,375,153,298,222,530,617,266,536,390,598,81,215,574,478,16,381,346,669,392,367,421,30,503,500,93,745,276,248,103,641,665,299,27,385,259,677,17,100,643,688,211,420,554,84,251,296,274,374,639,490,395,376,383,20,195,121,529,566,52,544,436,651,584,510,717,209,253,107,19,182,70,344,191,313,315,588,188,348,483,615,22,265,560,531,7,4,185,523,287,168,637,318,56,139,38,689,120,583,692,76,577,491,33,308,413,62,180,570,334,707,42,9,197,166,150,363,708,485,650,316,91,541,18,326,90,110,281,179,40,328,654,569,680,558,606,595,333,533,693,96,521,725,239,74,283,481,135,513,13,155,430,511,201,538,539,706,526,216,192,126,423,419,412,270,465,540,235,422,468,518,212,15,310,250,578,77,618,123,36,492,740,635,611,676,435,357,432,710,415,711,604,747,205,404,666,482,175,307,28,343,116,701,82,679,88,739,193,726,498,136,429,208,589,14,60,160,738,148,696,249,331,730,684,105,214,746,131,43,223,279,176,106,631,57,317,327,642,532,245,282,731,26,391,458,670,140,480,446,130,622,736,685,200,362,37,431,335,718,591,95,104,54,600,463,664,138,571,487,621,418,285,113,461,228,379,537,548,580,506,552,213,614,369,543,528,173,341,167,83,414,347,462,267,748,47,118,128,388,63,744,559,495,21,682,645,656,34,41,549,509,364,627,162,719,609,613,58,504,671,517,660,607,602,445,743,244,178,499,312,206,433,78,416,460,728,217,464,322,230,373,161,427,534,455,372,49,219,361,67,417,320,6,241,424,158,229,452,742,5,196,
123,55.973082065582275,167051.5951734844,161586.28713961857,668,124,260,72,704,234,242,85,466,712,453,80,354,272,467,378,527,366,703,477,691,572,147,590,66,94,183,603,8,567,471,749,258,720,324,64,628,359,476,31,585,519,557,353,323,224,683,723,724,163,501,207,342,619,516,141,551,449,652,325,111,69,171,12,218,187,573,568,502,612,705,290,233,525,351,112,457,169,165,53,408,92,368,443,451,715,119,44,3,587,626,340,152,159,305,254,486,638,377,515,280,428,129,73,410,263,447,157,35,189,667,716,633,97,727,360,387,472,186,734,336,29,294,456,321,292,345,10,349,547,524,156,273,629,109,221,450,729,365,291,394,98,240,338,714,401,497,675,143,398,65,237,295,257,311,289,288,496,520,484,177,444,71,686,632,51,0,231,227,735,142,440,687,286,556,441,737,555,625,332,79,553,636,236,154,210,563,699,695,605,469,243,630,648,562,246,68,599,301,411,406,48,581,644,380,198,1,284,640,426,133,300,59,277,565,439,146,608,488,561,114,304,202,674,741,454,473,722,151,505,329,87,616,262,702,721,32,2,470,184,596,164,302,658,434,545,371,397,662,409,597,448,576,145,330,678,350,586,125,24,101,601,181,275,508,75,204,403,303,25,89,653,579,399,659,623,546,238,582,144,407,269,127,393,382,475,663,55,108,132,400,507,620,370,594,593,149,172,170,493,45,535,102,610,657,732,220,319,203,442,681,575,624,39,23,713,425,646,690,655,268,673,542,733,255,356,661,190,438,247,514,50,592,474,115,386,694,489,61,402,271,384,199,174,134,355,698,697,137,293,700,672,352,337,437,297,479,194,252,649,314,339,46,494,550,122,226,709,522,261,564,225,309,232,11,358,647,99,256,86,512,264,117,405,396,306,389,278,459,634,375,153,298,222,530,617,266,536,390,598,81,574,478,215,16,381,346,669,392,367,421,30,503,500,93,745,276,248,103,641,665,299,27,385,259,677,17,100,643,688,211,420,554,84,251,296,274,374,639,490,395,376,383,20,195,121,529,566,52,544,436,651,584,510,717,209,253,107,19,182,70,344,191,313,315,588,188,348,483,615,22,265,560,531,7,4,185,523,287,168,637,318,56,139,38,689,120,583,692,76,577,491,33,308,413,62,180,570,334,707,42,9,197,166,150,363,708,485,650,316,91,541,18,326,90,110,281,179,40,328,654,569,680,558,606,595,333,533,693,96,521,725,239,74,283,481,135,513,13,155,430,511,201,538,539,706,526,216,192,126,423,419,412,270,465,540,235,422,468,518,212,15,310,250,578,77,618,123,36,492,740,635,611,676,435,357,432,710,415,711,604,747,205,404,666,482,175,307,28,343,116,701,82,679,88,739,193,726,498,136,429,208,589,14,60,160,738,148,696,249,331,730,684,105,214,746,131,43,223,279,176,106,631,57,317,327,642,532,245,282,731,26,391,458,670,140,480,446,130,622,736,685,200,362,37,431,335,718,591,95,104,54,600,463,664,138,571,487,621,418,285,113,461,228,379,537,548,580,506,552,213,614,369,543,528,173,341,167,83,414,347,462,267,748,47,118,128,388,63,744,559,495,21,682,645,656,34,41,549,509,364,627,162,719,609,613,58,504,671,517,660,607,602,445,743,244,178,499,312,206,433,78,416,460,728,217,464,322,230,373,161,427,534,455,372,49,219,361,67,417,320,6,241,424,158,229,452,742,5,196,
124,56.47702717781067,167541.82943140442,161546.47888730196,668,124,260,72,704,234,242,85,466,712,453,80,354,272,467,378,527,366,703,477,691,572,147,590,66,94,183,603,8,567,471,749,258,720,324,64,628,359,476,31,585,519,557,353,323,224,683,723,724,163,501,207,342,619,516,141,551,449,652,325,111,69,171,12,218,187,573,568,502,612,705,290,233,525,351,112,457,169,165,53,408,92,368,443,451,715,119,44,3,587,626,340,152,159,305,254,486,638,377,515,280,428,129,73,410,263,447,157,35,189,667,716,633,97,727,360,387,472,186,734,336,29,294,456,321,292,345,10,349,547,524,156,273,629,109,221,450,729,365,291,394,98,240,338,714,401,497,675,143,398,65,237,295,257,311,289,288,496,520,484,177,444,71,686,632,51,0,231,227,735,142,440,687,286,556,441,737,555,625,332,79,553,636,236,154,210,563,699,695,605,469,243,630,648,562,246,68,599,301,411,406,48,581,644,380,198,1,284,640,426,133,300,59,277,565,439,146,608,488,561,114,304,202,674,741,454,473,722,151,505,329,87,616,262,702,721,32,2,470,184,596,164,302,658,434,545,371,397,662,409,597,448,576,145,330,678,350,586,125,24,101,601,181,275,508,75,204,403,303,25,89,653,579,399,659,623,546,238,582,144,407,269,127,393,382,475,663,55,108,132,400,507,620,370,594,593,149,172,170,493,45,535,102,610,657,732,220,319,203,442,681,575,624,39,23,713,425,646,690,655,268,673,542,733,255,356,661,190,438,247,514,50,592,474,115,386,694,489,61,402,271,384,199,174,134,355,698,697,137,293,700,672,352,337,437,297,479,194,252,649,314,339,46,494,550,122,226,709,522,261,564,225,309,232,11,358,647,99,256,86,512,264,117,405,396,306,389,278,459,634,375,153,298,222,530,617,266,536,390,598,574,478,215,81,16,381,346,669,392,367,421,30,503,500,93,745,276,248,103,641,665,299,27,385,259,677,17,100,643,688,211,420,554,84,251,296,274,374,639,490,395,376,383,20,195,121,529,566,52,544,436,651,584,510,717,209,253,107,19,182,70,344,191,313,315,588,188,348,483,615,22,265,560,531,7,4,185,523,287,168,637,318,56,139,38,689,120,583,692,76,577,491,33,308,413,62,180,570,334,707,42,9,197,166,150,363,708,485,650,316,91,541,18,326,90,110,281,179,40,328,654,569,680,558,606,595,333,533,693,96,521,725,239,74,283,481,135,513,13,155,430,511,201,538,539,706,526,216,192,126,423,419,412,270,465,540,235,422,468,518,212,15,310,250,578,77,618,123,36,492,740,635,611,676,435,357,432,710,415,711,604,747,205,404,666,482,175,307,28,343,116,701,82,679,88,739,193,726,498,136,429,208,589,14,60,160,738,148,696,249,331,730,684,105,214,746,131,43,223,279,176,106,631,57,317,327,642,532,245,282,731,26,391,458,670,140,480,446,130,622,736,685,200,362,37,431,335,718,591,95,104,54,600,463,664,138,571,487,621,418,285,113,461,228,379,537,548,580,506,552,213,614,369,543,528,173,341,167,83,414,347,462,267,748,47,118,128,388,63,744,559,495,21,682,645,656,34,41,549,509,364,627,162,719,609,613,58,504,671,517,660,607,602,445,743,244,178,499,312,206,433,78,416,460,728,217,464,322,230,373,161,427,534,455,372,49,219,361,67,417,320,6,241,424,158,229,452,742,5,196,
125,56.90863037109375,167288.3573684918,161536.50448695096,668,124,260,72,704,234,242,85,466,712,453,80,354,272,467,378,527,366,703,477,691,572,147,590,66,94,183,603,8,567,471,749,258,720,324,64,628,359,476,31,585,519,557,353,323,224,683,723,724,163,501,207,342,619,516,141,551,449,652,325,111,69,171,12,218,187,573,568,502,612,705,290,233,525,351,112,457,169,165,53,408,92,368,443,451,715,119,44,3,587,626,340,152,159,305,254,486,638,377,515,280,428,129,73,410,263,447,157,35,189,667,716,633,97,727,360,387,472,186,734,336,29,294,456,321,292,345,10,349,547,524,156,273,629,109,221,450,729,365,291,394,98,240,338,714,401,497,675,143,398,65,237,295,257,288,311,289,496,520,484,177,444,71,686,632,51,0,231,227,735,142,440,687,286,556,441,737,555,625,332,79,553,636,236,154,210,563,699,695,605,469,243,630,648,562,246,68,599,301,411,406,48,581,644,380,198,1,284,640,426,133,300,59,277,565,439,146,608,488,561,114,304,202,674,741,454,473,722,151,505,329,87,616,262,702,721,32,2,470,184,596,164,302,658,434,545,371,397,662,409,597,448,576,145,330,678,350,586,125,24,101,601,181,275,508,75,204,403,303,25,89,653,579,399,659,623,546,238,582,144,407,269,127,393,382,475,663,55,108,132,400,507,620,370,594,593,149,172,170,493,45,535,102,610,657,732,220,319,203,442,681,575,624,39,23,713,425,646,690,655,268,673,542,733,255,356,661,190,438,247,514,50,592,474,115,386,694,489,61,402,271,384,199,174,134,355,698,697,137,293,700,672,352,337,437,297,479,194,252,649,314,339,46,494,550,122,226,709,522,261,564,225,309,232,11,358,647,99,256,86,512,264,117,405,396,306,389,278,459,634,375,153,298,222,530,617,266,536,390,598,574,478,215,81,16,381,346,669,392,367,421,30,503,500,93,745,276,248,103,641,665,299,27,385,259,677,17,100,643,688,211,420,554,84,251,296,274,374,639,490,395,376,383,20,195,121,529,566,52,544,436,651,584,510,717,209,253,107,19,182,70,344,191,313,315,588,188,348,483,615,22,265,560,531,7,4,185,523,287,168,637,318,56,139,38,689,120,583,692,76,577,491,33,308,413,62,180,570,334,707,42,9,197,166,150,363,708,485,650,316,91,541,18,326,90,110,281,179,40,328,654,569,680,558,606,595,333,533,693,96,521,725,239,74,283,481,135,513,13,155,430,511,201,538,539,706,526,216,192,126,423,419,412,270,465,540,235,422,468,518,212,15,310,250,578,77,618,123,36,492,740,635,611,676,435,357,432,710,415,711,604,747,205,404,666,482,175,307,28,343,116,701,82,679,88,739,193,726,498,136,429,208,589,14,60,160,738,148,696,249,331,730,684,105,214,746,131,43,223,279,176,106,631,57,317,327,642,532,245,282,731,26,391,458,670,140,480,446,130,622,736,685,200,362,37,431,335,718,591,95,104,54,600,463,664,138,571,487,621,418,285,113,461,228,379,537,548,580,506,552,213,614,369,543,528,173,341,167,83,414,347,462,267,748,47,118,128,388,63,744,559,495,21,682,645,656,34,41,549,509,364,627,162,719,609,613,58,504,671,517,660,607,602,445,743,244,178,499,312,206,433,78,416,460,728,217,464,322,230,373,161,427,534,455,372,49,219,361,67,417,320,6,241,424,158,229,452,742,5,196,
126,57.33754277229309,165744.39211829353,161359.45949274267,335,718,591,95,104,54,600,463,664,138,571,487,621,418,285,113,461,228,379,537,548,580,506,552,213,614,369,543,528,173,341,167,83,414,347,462,267,748,47,118,128,388,63,744,559,495,21,682,645,656,34,41,549,509,364,627,162,719,609,613,58,504,671,517,660,607,602,445,743,244,178,499,312,206,433,78,416,460,728,217,464,322,669,392,230,373,161,427,534,455,372,49,219,361,67,417,320,6,241,424,158,229,452,742,5,196,668,124,260,72,704,234,242,85,466,712,453,80,354,272,467,378,527,366,703,477,691,572,147,590,66,94,183,603,8,567,471,749,258,720,324,64,628,359,476,31,585,519,557,353,323,224,683,723,724,163,501,207,342,619,516,141,551,449,652,325,111,69,171,12,218,187,573,568,502,612,705,290,233,525,165,53,408,92,368,443,451,715,119,44,3,587,626,340,152,159,305,254,486,638,377,515,280,428,129,73,410,263,447,157,35,189,667,716,633,97,727,360,387,472,186,734,336,29,294,456,321,292,345,10,349,547,524,156,273,629,109,221,450,729,365,291,394,98,240,338,714,401,497,675,143,398,65,237,295,257,288,311,289,177,444,71,686,632,51,0,231,227,735,142,440,687,286,556,441,737,555,625,332,79,553,636,236,154,210,563,699,695,605,469,243,630,648,562,246,68,599,301,411,484,406,48,496,520,581,644,380,198,1,284,640,426,133,300,59,277,565,439,146,608,488,561,114,304,202,674,741,454,473,722,151,505,329,87,616,262,702,721,32,2,470,184,596,164,302,658,434,545,371,397,662,409,597,448,576,145,330,678,350,586,125,24,101,601,181,275,508,75,204,403,303,25,89,653,579,399,659,623,546,238,582,144,407,269,127,393,382,475,663,55,108,132,400,507,620,370,594,593,149,172,170,493,45,535,102,610,657,732,220,319,203,442,681,575,624,39,23,713,425,646,690,655,268,673,542,733,255,356,661,190,438,247,514,50,592,474,115,386,694,489,61,402,271,384,199,174,134,355,698,697,137,293,700,672,352,337,437,297,479,194,252,649,314,339,46,494,550,122,226,709,522,261,564,225,309,232,11,358,647,99,256,86,512,264,117,405,396,306,389,278,459,634,375,153,298,222,530,617,266,536,390,598,574,478,215,81,16,381,346,367,421,30,503,500,93,745,276,248,103,641,665,299,27,385,259,677,17,100,643,688,211,420,554,84,251,296,274,374,639,490,395,376,383,20,195,121,529,566,52,544,436,651,584,510,717,209,253,107,19,182,70,344,191,313,315,588,188,348,483,615,22,265,560,531,7,4,185,523,287,168,637,318,56,139,38,689,120,583,692,76,577,491,33,308,413,62,180,570,334,707,42,9,197,166,150,363,708,485,650,316,91,541,18,326,90,110,281,179,40,328,654,569,680,558,606,595,333,533,693,96,521,725,239,74,283,481,135,513,13,155,430,511,201,538,539,706,526,216,192,126,423,419,412,270,465,540,235,422,468,518,212,15,310,250,578,77,618,123,36,492,740,635,611,676,435,357,432,710,415,711,604,747,205,404,666,482,175,307,28,343,116,701,82,679,88,739,193,726,498,136,429,208,589,14,60,160,738,148,696,249,331,730,684,105,214,746,131,43,279,223,351,112,457,169,176,106,631,57,317,327,642,532,245,282,731,26,391,458,670,140,480,446,130,622,736,685,200,362,37,431,
127,57.738234758377075,165559.7153463791,161146.31521884145,668,124,260,72,704,234,242,85,466,712,453,80,354,272,467,378,527,366,703,477,691,572,147,590,66,94,183,603,8,567,471,749,258,720,324,64,628,359,476,31,585,519,557,353,323,224,683,723,724,163,501,207,342,619,516,141,551,449,652,325,111,69,171,12,218,187,573,568,502,612,705,290,233,525,351,112,457,169,165,53,408,92,368,443,451,715,119,44,3,587,626,340,152,159,305,254,486,638,377,515,280,428,129,73,410,263,447,157,35,189,667,716,633,97,727,360,387,472,186,734,336,29,294,456,321,292,345,10,349,547,524,156,273,629,109,221,450,729,365,291,394,98,240,338,714,401,497,675,143,398,65,237,295,257,288,311,289,177,444,71,686,632,51,0,231,227,735,142,440,687,286,556,441,737,555,625,332,79,553,636,236,154,210,563,699,695,605,469,243,630,648,562,246,68,599,301,411,484,406,48,496,520,581,644,380,198,1,284,640,426,133,300,59,277,565,439,146,608,488,561,114,304,202,674,741,454,473,722,151,505,329,87,616,262,702,721,32,2,470,184,596,164,302,658,434,545,371,397,662,409,597,448,576,145,330,678,350,586,125,24,101,601,181,275,508,75,204,403,303,25,89,653,579,399,659,623,546,238,582,144,407,269,127,393,382,475,663,55,108,132,400,507,620,370,594,593,149,172,170,493,45,535,102,610,657,732,220,319,203,442,681,575,624,39,23,713,425,646,690,655,268,673,542,733,255,356,661,190,438,247,514,50,592,474,115,386,694,489,61,402,271,384,199,174,134,355,698,697,137,293,700,672,352,337,437,297,479,194,252,649,314,339,46,494,550,122,226,709,522,261,564,225,309,232,11,358,647,99,256,86,512,264,117,405,396,306,389,278,459,634,375,153,298,222,530,617,266,536,390,598,574,478,215,81,16,381,346,669,392,367,421,30,503,500,93,745,276,248,103,641,665,299,27,385,259,677,17,100,643,688,211,420,554,84,251,296,274,374,639,490,395,376,383,20,195,121,529,566,52,544,436,651,584,510,717,209,253,107,19,182,70,344,191,313,315,588,188,348,483,615,22,265,560,531,7,4,185,523,287,168,637,318,56,139,38,689,120,583,692,76,577,491,33,308,413,62,180,570,334,707,42,9,197,166,150,363,708,485,650,316,91,541,18,326,90,110,281,179,40,328,654,569,680,558,606,595,333,533,693,96,521,725,239,74,283,481,135,513,13,155,430,511,201,538,539,706,526,216,192,126,423,419,412,270,465,540,235,422,468,518,212,15,310,250,578,77,618,123,36,492,740,635,611,676,435,357,432,710,415,711,604,747,205,404,666,482,175,307,28,343,116,701,82,679,88,739,193,726,498,136,429,208,589,14,60,160,738,148,696,249,331,730,684,105,214,746,131,43,223,279,176,106,631,57,317,327,642,532,245,282,731,26,391,458,670,140,480,446,130,622,736,685,200,362,37,431,335,718,591,95,104,54,600,463,664,138,571,487,621,418,285,113,461,228,379,537,548,580,506,552,213,614,369,543,528,173,341,167,83,414,347,462,267,748,47,118,128,388,63,744,559,495,21,682,645,656,34,41,549,509,364,627,162,719,609,613,58,504,671,517,660,607,602,445,743,244,178,499,312,206,433,78,416,460,728,217,464,322,230,373,161,427,534,455,372,49,219,361,67,417,320,6,241,424,158,229,452,742,5,196,
128,58.14189791679382,164328.88010935448,161092.7629125897,668,124,260,72,704,234,242,85,466,712,453,80,354,272,467,378,527,366,703,477,691,572,147,590,66,94,183,603,8,567,471,749,258,720,324,64,628,359,476,31,585,519,557,353,323,224,683,723,724,163,501,207,342,619,516,141,551,449,652,325,111,69,171,12,218,187,573,568,502,612,705,290,233,525,351,112,457,169,165,53,408,92,368,443,451,715,119,44,3,587,626,340,152,159,305,254,486,638,377,515,280,428,129,73,410,263,447,157,35,189,667,716,633,97,727,360,387,472,186,734,336,29,294,456,321,292,345,10,349,547,524,156,273,629,109,221,450,729,365,291,394,98,240,338,714,401,497,675,143,398,65,237,295,257,288,311,289,177,444,71,686,632,51,0,231,227,735,142,440,687,286,556,441,737,555,625,332,79,553,636,236,154,210,563,699,695,605,469,243,630,648,562,246,68,411,599,301,484,406,48,496,520,581,644,380,198,1,284,640,426,133,300,59,277,565,439,146,608,488,561,114,304,202,674,741,454,473,722,151,505,329,87,616,262,702,721,32,2,470,184,596,164,302,658,434,545,371,397,662,409,597,448,576,145,330,678,350,586,125,24,101,601,181,275,508,75,204,403,303,25,89,653,579,399,659,623,546,238,582,144,407,269,127,393,382,475,663,55,108,132,400,507,620,370,594,593,149,172,170,493,45,535,102,610,657,732,220,319,203,442,681,575,624,39,23,713,425,646,690,655,268,673,542,733,255,356,661,190,438,247,514,50,592,474,115,386,694,489,61,402,271,384,199,174,134,355,698,697,137,293,700,672,352,337,437,297,479,194,252,649,314,339,46,494,550,122,226,709,522,261,564,225,309,232,11,358,647,99,256,86,512,264,117,405,396,306,389,278,459,634,375,153,298,222,530,617,266,536,390,598,574,478,215,81,16,381,346,669,392,367,421,30,503,500,93,745,276,248,103,641,665,299,27,385,259,677,17,100,643,688,211,420,554,84,251,296,274,374,639,490,395,376,383,20,195,121,529,566,52,544,436,651,584,510,717,209,253,107,19,182,70,344,191,313,315,588,188,348,483,615,22,265,560,531,7,4,185,523,287,168,637,318,56,139,38,689,120,583,692,76,577,491,33,308,413,62,180,570,334,707,42,9,197,166,150,363,708,485,650,316,91,541,18,326,90,110,281,179,40,328,654,569,680,558,606,595,333,533,693,96,521,725,239,74,283,481,135,513,13,155,430,511,201,538,539,706,526,216,192,126,423,419,412,270,465,540,235,422,468,518,212,15,310,250,578,77,618,123,36,492,740,635,611,676,435,357,432,710,415,711,604,747,205,404,666,482,175,307,28,343,116,701,82,679,88,739,193,726,498,136,429,208,589,14,60,160,738,148,696,249,331,730,684,105,214,746,131,43,223,279,176,106,631,57,317,327,642,532,245,282,731,26,391,458,670,140,480,446,130,622,736,685,200,362,37,431,335,718,591,95,104,54,600,463,664,138,571,487,621,418,285,113,461,228,379,537,548,580,506,552,213,614,369,543,528,173,341,167,83,414,347,462,267,748,47,118,128,388,63,744,559,495,21,682,645,656,34,41,549,509,364,627,162,719,609,613,58,504,671,517,660,607,602,445,743,244,178,499,312,206,433,78,416,460,728,217,464,322,230,373,161,427,534,455,372,49,219,361,67,417,320,6,241,424,158,229,452,742,5,196,
129,58.568745613098145,163227.86396268386,161078.64349262466,668,124,260,72,704,234,242,85,466,712,453,80,354,272,467,378,527,366,703,477,691,572,147,590,66,94,183,603,8,567,471,749,258,720,324,64,628,359,476,31,585,519,557,353,323,224,683,723,724,163,501,207,342,619,516,141,551,449,652,325,111,69,171,12,218,187,573,568,502,612,705,290,233,525,351,112,457,169,165,53,408,92,368,443,451,715,119,44,3,587,626,340,152,159,305,254,486,638,377,515,280,428,129,73,410,263,447,157,35,189,667,716,633,97,727,360,387,472,186,734,336,29,294,456,321,292,345,10,349,547,524,156,273,629,109,221,450,729,365,291,394,98,240,338,714,401,497,675,143,398,65,237,295,257,288,311,289,177,444,71,686,632,51,0,231,227,735,142,440,687,286,556,441,737,555,625,332,79,553,636,236,154,210,563,699,695,605,469,243,630,648,562,246,68,411,301,599,484,406,48,496,520,581,644,380,198,1,284,640,426,133,300,59,277,565,439,146,608,488,561,114,304,202,674,741,454,473,722,151,505,329,87,616,262,702,721,32,2,470,184,596,164,302,658,434,545,371,397,662,409,597,448,576,145,330,678,350,586,125,24,101,601,181,275,508,75,204,403,303,25,89,653,579,399,659,623,546,238,582,144,407,269,127,393,382,475,663,55,108,132,400,507,620,370,594,593,149,172,170,493,45,535,102,610,657,732,220,319,203,442,681,575,624,39,23,713,425,646,690,655,268,673,542,733,255,356,661,190,438,247,514,50,592,474,115,386,694,489,61,402,271,384,199,174,134,355,698,697,137,293,700,672,352,337,437,297,479,194,252,649,314,339,46,494,550,122,226,709,522,261,564,225,309,232,11,358,647,99,256,86,512,264,117,405,396,306,389,278,459,634,375,153,298,222,530,617,266,536,390,598,574,478,215,81,16,381,346,669,392,367,421,30,503,500,93,745,276,248,103,641,665,299,27,385,259,677,17,100,643,688,211,420,554,84,251,296,274,374,639,490,395,376,383,20,195,121,529,566,52,544,436,651,584,510,717,209,253,107,19,182,70,344,191,313,315,588,188,348,483,615,22,265,560,531,7,4,185,523,287,168,637,318,56,139,38,689,120,583,692,76,577,491,33,308,413,62,180,570,334,707,42,9,197,166,150,363,708,485,650,316,91,541,18,326,90,110,281,179,40,328,654,569,680,558,606,595,333,533,693,96,521,725,239,74,283,481,135,513,13,155,430,511,201,538,539,706,526,216,192,126,423,419,412,270,465,540,235,422,468,518,212,15,310,250,578,77,618,123,36,492,740,635,611,676,435,357,432,710,415,711,604,747,205,404,666,482,175,307,28,343,116,701,82,679,88,739,193,726,498,136,429,208,589,14,60,160,738,148,696,249,331,730,684,105,214,746,131,43,223,279,176,106,631,57,317,327,642,532,245,282,731,26,391,458,670,140,480,446,130,622,736,685,200,362,37,431,335,718,591,95,104,54,600,463,664,138,571,487,621,418,285,113,461,228,379,537,548,580,506,552,213,614,369,543,528,173,341,167,83,414,347,462,267,748,47,118,128,388,63,744,559,495,21,682,645,656,34,41,549,509,364,627,162,719,609,613,58,504,671,517,660,607,602,445,743,244,178,499,312,206,433,78,416,460,728,217,464,322,230,373,161,427,534,455,372,49,219,361,67,417,320,6,241,424,158,229,452,742,5,196,
130,58.973912954330444,163516.08189661923,161005.52677910565,335,718,591,95,104,54,600,463,664,138,571,487,621,418,285,113,461,228,379,537,548,580,506,552,213,614,369,543,528,173,341,167,83,414,347,462,267,748,47,118,128,388,63,744,559,495,21,682,645,656,34,41,549,509,364,627,162,719,609,613,58,504,671,517,660,607,602,445,743,244,178,499,312,206,433,78,416,460,728,217,464,322,669,392,230,373,161,427,534,455,372,49,219,361,67,417,320,6,241,424,158,229,452,742,5,196,668,124,260,72,704,234,242,85,466,712,453,80,354,272,467,378,527,366,703,477,691,572,147,590,66,94,183,603,8,567,471,749,258,720,324,64,628,359,476,31,585,519,557,353,323,224,683,723,724,163,501,207,342,619,516,141,551,449,652,325,111,69,171,12,218,187,573,568,502,612,705,290,233,525,165,53,408,92,368,443,451,715,119,44,3,587,626,340,152,159,305,254,486,638,377,515,280,428,129,73,410,263,447,157,35,189,667,716,633,97,727,360,387,472,186,734,336,29,294,456,321,292,345,10,349,547,524,156,273,629,109,221,450,729,365,291,394,98,240,338,1,198,640,284,714,401,497,675,143,398,65,237,295,257,288,311,289,177,444,71,686,632,51,0,231,227,735,142,440,687,286,556,441,737,555,625,332,79,553,636,236,154,210,563,699,695,605,469,243,630,648,562,246,68,411,301,599,484,406,48,496,520,581,644,380,426,133,300,59,277,565,439,146,608,488,561,114,304,202,674,741,454,473,722,151,505,329,87,616,262,702,721,32,2,470,184,596,164,302,658,434,545,371,397,662,409,597,448,576,145,330,678,350,586,125,24,101,601,181,275,508,75,204,403,303,25,89,653,579,399,659,623,546,238,582,144,407,269,127,393,382,475,663,55,108,132,400,507,620,370,594,593,149,172,170,493,45,535,102,610,657,732,220,319,203,442,681,575,624,39,23,713,425,646,690,655,268,673,542,733,255,356,661,190,438,247,514,50,592,474,115,386,694,489,61,402,271,384,199,174,134,355,698,697,137,293,700,672,352,337,437,297,479,194,252,649,314,339,46,494,550,122,226,709,522,261,564,225,309,232,11,358,647,99,256,86,512,264,117,405,396,306,389,278,459,634,375,153,298,222,530,617,266,536,390,598,574,478,215,81,16,381,346,367,421,30,503,500,93,745,276,248,103,641,665,299,27,385,259,677,17,100,643,688,211,420,554,84,251,296,274,374,639,490,395,376,383,20,195,121,529,566,52,544,436,651,584,510,717,209,253,107,19,182,70,344,191,313,315,588,188,348,483,615,22,265,560,531,7,4,185,523,287,168,637,318,56,139,38,689,120,583,692,76,577,491,33,308,413,62,180,570,334,707,42,9,197,166,150,363,708,485,650,316,91,541,18,326,90,110,281,179,40,328,654,569,680,558,606,595,333,533,693,96,521,725,239,74,283,481,135,513,13,155,430,511,201,538,539,706,526,216,192,126,423,419,412,270,465,540,235,422,468,518,212,15,310,250,578,77,618,123,36,492,740,635,611,676,435,357,432,710,415,711,604,747,205,404,666,482,175,307,28,343,116,701,82,679,88,739,193,726,498,136,429,208,589,14,60,160,738,148,696,249,331,730,684,105,214,746,131,43,279,223,351,112,457,169,176,106,631,57,317,327,642,532,245,282,731,26,391,458,670,140,480,446,130,622,736,685,200,362,37,431,
131,59.39378762245178,163427.16882875,160792.38250520453,668,124,260,72,704,234,242,85,466,712,453,80,354,272,467,378,527,366,703,477,691,572,147,590,66,94,183,603,8,567,471,749,258,720,324,64,628,359,476,31,585,519,557,353,323,224,683,723,724,163,501,207,342,619,516,141,551,449,652,325,111,69,171,12,218,187,573,568,502,612,705,290,233,525,351,112,457,169,165,53,408,92,368,443,451,715,119,44,3,587,626,340,152,159,305,254,486,638,377,515,280,428,129,73,410,263,447,157,35,189,667,716,633,97,727,360,387,472,186,734,336,29,294,456,321,292,345,10,349,547,524,156,273,629,109,221,450,729,365,291,394,98,240,338,1,198,640,284,714,401,497,675,143,398,65,237,295,257,288,311,289,177,444,71,686,632,51,0,231,227,735,142,440,687,286,556,441,737,555,625,332,79,553,636,236,154,210,563,699,695,605,469,243,630,648,562,246,68,411,301,599,484,406,48,496,520,581,644,380,426,133,300,59,277,565,439,146,608,488,561,114,304,202,674,741,454,473,722,151,505,329,87,616,262,702,721,32,2,470,184,596,164,302,658,434,545,371,397,662,409,597,448,576,145,330,678,350,586,125,24,101,601,181,275,508,75,204,403,303,25,89,653,579,399,659,623,546,238,582,144,407,269,127,393,382,475,663,55,108,132,400,507,620,370,594,593,149,172,170,493,45,535,102,610,657,732,220,319,203,442,681,575,624,39,23,713,425,646,690,655,268,673,542,733,255,356,661,190,438,247,514,50,592,474,115,386,694,489,61,402,271,384,199,174,134,355,698,697,137,293,700,672,352,337,437,297,479,194,252,649,314,339,46,494,550,122,226,709,522,261,564,225,309,232,11,358,647,99,256,86,512,264,117,405,396,306,389,278,459,634,375,153,298,222,530,617,266,536,390,598,574,478,215,81,16,381,346,669,392,367,421,30,503,500,93,745,276,248,103,641,665,299,27,385,259,677,17,100,643,688,211,420,554,84,251,296,274,374,639,490,395,376,383,20,195,121,529,566,52,544,436,651,584,510,717,209,253,107,19,182,70,344,191,313,315,588,188,348,483,615,22,265,560,531,7,4,185,523,287,168,637,318,56,139,38,689,120,583,692,76,577,491,33,308,413,62,180,570,334,707,42,9,197,166,150,363,708,485,650,316,91,541,18,326,90,110,281,179,40,328,654,569,680,558,606,595,333,533,693,96,521,725,239,74,283,481,135,513,13,155,430,511,201,538,539,706,526,216,192,126,423,419,412,270,465,540,235,422,468,518,212,15,310,250,578,77,618,123,36,492,740,635,611,676,435,357,432,710,415,711,604,747,205,404,666,482,175,307,28,343,116,701,82,679,88,739,193,726,498,136,429,208,589,14,60,160,738,148,696,249,331,730,684,105,214,746,131,43,223,279,176,106,631,57,317,327,642,532,245,282,731,26,391,458,670,140,480,446,130,622,736,685,200,362,37,431,335,718,591,95,104,54,600,463,664,138,571,487,621,418,285,113,461,228,379,537,548,580,506,552,213,614,369,543,528,173,341,167,83,414,347,462,267,748,47,118,128,388,63,744,559,495,21,682,645,656,34,41,549,509,364,627,162,719,609,613,58,504,671,517,660,607,602,445,743,244,178,499,312,206,433,78,416,460,728,217,464,322,230,373,161,427,534,455,372,49,219,361,67,417,320,6,241,424,158,229,452,742,5,196,
132,59.81734323501587,163608.88895899884,160675.91347482114,668,124,260,72,704,234,242,85,466,712,453,80,354,272,467,378,527,366,703,477,691,572,147,590,66,94,183,603,8,567,471,749,258,720,324,64,628,359,476,31,585,519,557,353,323,224,683,723,724,163,501,207,342,619,516,141,551,449,652,325,111,69,171,12,218,187,573,568,502,612,705,290,233,525,351,112,457,169,165,53,408,92,368,443,451,715,119,44,3,587,626,340,152,159,305,254,486,638,377,515,280,428,129,73,410,263,447,157,35,189,667,716,633,97,727,360,387,472,186,734,336,29,294,456,321,292,345,10,349,547,524,156,273,629,109,221,450,729,365,291,394,98,240,338,640,1,198,284,714,401,497,675,143,398,65,237,295,257,288,311,289,177,444,71,686,632,51,0,231,227,735,142,440,687,286,556,441,737,555,625,332,79,553,636,236,154,210,563,699,695,605,469,243,630,648,562,246,68,411,301,599,484,406,48,496,520,581,644,380,426,133,300,59,277,565,439,146,608,488,561,114,304,202,674,741,454,473,722,151,505,329,87,616,262,702,721,32,2,470,184,596,164,302,658,434,545,371,397,662,409,597,448,576,145,330,678,350,586,125,24,101,601,181,275,508,75,204,403,303,25,89,653,579,399,659,623,546,238,582,144,407,269,127,393,382,475,663,55,108,132,400,507,620,370,594,593,149,172,170,493,45,535,102,610,657,732,220,319,203,442,681,575,624,39,23,713,425,646,690,655,268,673,542,733,255,356,661,190,438,247,514,50,592,474,115,386,694,489,61,402,271,384,199,174,134,355,698,697,137,293,700,672,352,337,437,297,479,194,252,649,314,339,46,494,550,122,226,709,522,261,564,225,309,232,11,358,647,99,256,86,512,264,117,405,396,306,389,278,459,634,375,153,298,222,530,617,266,536,390,598,574,478,215,81,16,381,346,669,392,367,421,30,503,500,93,745,276,248,103,641,665,299,27,385,259,677,17,100,643,688,211,420,554,84,251,296,274,374,639,490,395,376,383,20,195,121,529,566,52,544,436,651,584,510,717,209,253,107,19,182,70,344,191,313,315,588,188,348,483,615,22,265,560,531,7,4,185,523,287,168,637,318,56,139,38,689,120,583,692,76,577,491,33,308,413,62,180,570,334,707,42,9,197,166,150,363,708,485,650,316,91,541,18,326,90,110,281,179,40,328,654,569,680,558,606,595,333,533,693,96,521,725,239,74,283,481,135,513,13,155,430,511,201,538,539,706,526,216,192,126,423,419,412,270,465,540,235,422,468,518,212,15,310,250,578,77,618,123,36,492,740,635,611,676,435,357,432,710,415,711,604,747,205,404,666,482,175,307,28,343,116,701,82,679,88,739,193,726,498,136,429,208,589,14,60,160,738,148,696,249,331,730,684,105,214,746,131,43,223,279,176,106,631,57,317,327,642,532,245,282,731,26,391,458,670,140,480,446,130,622,736,685,200,362,37,431,335,718,591,95,104,54,600,463,664,138,571,487,621,418,285,113,461,228,379,537,548,580,506,552,213,614,369,543,528,173,341,167,83,414,347,462,267,748,47,118,128,388,63,744,559,495,21,682,645,656,34,41,549,509,364,627,162,719,609,613,58,504,671,517,660,607,602,445,743,244,178,499,312,206,433,78,416,460,728,217,464,322,230,373,161,427,534,455,372,49,219,361,67,417,320,6,241,424,158,229,452,742,5,196,
133,60.23947596549988,164302.4836155155,160667.82049568286,668,124,260,72,704,234,242,85,466,712,453,80,354,272,467,378,527,366,703,477,691,572,147,590,66,94,183,603,8,567,471,749,258,720,324,64,628,359,476,31,585,519,557,353,323,224,683,723,724,163,501,207,342,619,516,141,551,449,652,325,111,69,171,12,218,187,573,568,502,612,705,290,233,525,351,112,457,169,165,53,408,92,368,443,451,715,119,44,3,587,626,340,152,159,305,254,486,638,377,515,280,428,129,73,410,263,447,157,35,189,667,716,633,97,727,360,387,472,186,734,336,29,294,456,321,292,345,10,349,547,524,156,273,629,109,221,450,729,365,291,394,98,240,338,640,1,198,284,714,401,497,675,143,398,65,237,295,257,288,311,289,177,444,71,686,632,51,0,231,227,735,142,440,687,286,556,441,737,555,625,332,79,553,636,236,154,210,563,699,695,605,469,243,630,648,562,246,68,411,301,599,484,406,48,496,520,581,644,380,426,133,300,59,277,565,439,146,608,488,561,114,304,202,674,741,454,473,722,151,505,329,87,616,262,702,721,32,2,470,184,596,164,302,658,434,545,371,397,662,409,597,448,576,145,330,678,350,586,125,24,101,601,181,275,75,508,204,403,303,25,89,653,579,399,659,623,546,238,582,144,407,269,127,393,382,475,663,55,108,132,400,507,620,370,594,593,149,172,170,493,45,535,102,610,657,732,220,319,203,442,681,575,624,39,23,713,425,646,690,655,268,673,542,733,255,356,661,190,438,247,514,50,592,474,115,386,694,489,61,402,271,384,199,174,134,355,698,697,137,293,700,672,352,337,437,297,479,194,252,649,314,339,46,494,550,122,226,709,522,261,564,225,309,232,11,358,647,99,256,86,512,264,117,405,396,306,389,278,459,634,375,153,298,222,530,617,266,536,390,598,574,478,215,81,16,381,346,669,392,367,421,30,503,500,93,745,276,248,103,641,665,299,27,385,259,677,17,100,643,688,211,420,554,84,251,296,274,374,639,490,395,376,383,20,195,121,529,566,52,544,436,651,584,510,717,209,253,107,19,182,70,344,191,313,315,588,188,348,483,615,22,265,560,531,7,4,185,523,287,168,637,318,56,139,38,689,120,583,692,76,577,491,33,308,413,62,180,570,334,707,42,9,197,166,150,363,708,485,650,316,91,541,18,326,90,110,281,179,40,328,654,569,680,558,606,595,333,533,693,96,521,725,239,74,283,481,135,513,13,155,430,511,201,538,539,706,526,216,192,126,423,419,412,270,465,540,235,422,468,518,212,15,310,250,578,77,618,123,36,492,740,635,611,676,435,357,432,710,415,711,604,747,205,404,666,482,175,307,28,343,116,701,82,679,88,739,193,726,498,136,429,208,589,14,60,160,738,148,696,249,331,730,684,105,214,746,131,43,223,279,176,106,631,57,317,327,642,532,245,282,731,26,391,458,670,140,480,446,130,622,736,685,200,362,37,431,335,718,591,95,104,54,600,463,664,138,571,487,621,418,285,113,461,228,379,537,548,580,506,552,213,614,369,543,528,173,341,167,83,414,347,462,267,748,47,118,128,388,63,744,559,495,21,682,645,656,34,41,549,509,364,627,162,719,609,613,58,504,671,517,660,607,602,445,743,244,178,499,312,206,433,78,416,460,728,217,464,322,230,373,161,427,534,455,372,49,219,361,67,417,320,6,241,424,158,229,452,742,5,196,
134,60.6956512928009,162753.399430571,160660.5036277165,668,124,260,72,704,234,242,85,466,712,453,80,354,272,467,378,527,366,703,477,691,572,147,590,66,94,183,603,8,567,471,749,258,720,324,64,628,359,476,31,585,519,557,353,323,224,683,723,724,163,501,207,342,619,516,141,551,449,652,325,111,69,171,12,218,187,573,568,502,612,705,290,233,525,351,112,457,169,165,53,408,92,368,443,451,715,119,44,3,587,626,340,152,159,305,254,486,638,377,515,280,428,129,73,410,263,447,157,35,189,667,716,633,97,727,360,387,472,186,734,336,29,294,456,321,292,345,10,349,547,524,156,273,629,109,221,450,729,365,291,394,98,240,338,640,1,198,284,714,401,497,675,143,398,65,237,295,257,288,311,289,177,444,71,686,632,51,0,231,227,735,142,440,687,286,556,441,737,555,625,332,79,553,636,236,154,210,563,699,695,605,469,243,630,648,562,246,68,411,301,599,484,406,48,496,520,581,644,380,426,133,300,59,277,565,439,146,608,488,561,114,304,202,674,741,454,473,722,151,505,329,87,616,262,702,721,32,2,470,184,596,164,302,658,434,545,371,397,662,409,597,448,576,145,330,678,350,586,125,24,101,601,181,275,75,508,204,403,303,25,89,653,579,399,659,623,546,238,582,144,407,269,127,393,382,475,663,55,108,132,400,507,620,370,594,593,149,172,170,493,45,535,102,610,657,732,220,319,203,442,681,575,624,39,23,713,425,646,690,655,268,673,542,733,255,356,661,190,438,247,514,50,592,474,115,386,694,489,61,402,271,384,199,174,134,355,698,697,137,293,700,672,352,337,437,297,479,194,252,649,314,339,46,494,550,122,226,709,522,261,564,225,309,232,11,358,647,99,256,86,512,264,117,405,396,306,389,278,459,634,375,153,298,222,530,617,266,536,390,598,574,478,215,81,16,381,346,669,392,367,421,30,503,500,93,745,276,248,103,641,665,299,27,385,259,677,17,100,643,688,211,420,554,84,251,296,274,374,639,490,395,376,383,20,195,121,529,566,52,544,436,651,584,510,717,209,253,107,19,182,70,344,191,313,315,588,188,348,483,615,22,265,560,531,7,4,185,523,287,168,637,318,56,139,38,689,120,583,692,76,577,491,33,308,413,62,180,570,334,707,42,9,197,166,150,363,708,485,650,316,91,541,18,326,90,110,281,179,40,328,654,569,680,558,606,595,333,533,693,96,521,725,239,74,283,481,135,513,13,155,430,511,201,538,539,706,526,216,192,126,423,419,412,270,465,540,235,422,468,518,212,15,310,250,578,77,618,123,36,492,740,635,611,676,435,357,432,710,415,711,604,747,205,404,666,482,175,307,28,343,116,701,82,679,88,739,193,726,498,136,429,208,589,14,60,160,738,696,249,331,148,730,684,105,214,746,131,43,223,279,176,106,631,57,317,327,642,532,245,282,731,26,391,458,670,140,480,446,130,622,736,685,200,362,37,431,335,718,591,95,104,54,600,463,664,138,571,487,621,418,285,113,461,228,379,537,548,580,506,552,213,614,369,543,528,173,341,167,83,414,347,462,267,748,47,118,128,388,63,744,559,495,21,682,645,656,34,41,549,509,364,627,162,719,609,613,58,504,671,517,660,607,602,445,743,244,178,499,312,206,433,78,416,460,728,217,464,322,230,373,161,427,534,455,372,49,219,361,67,417,320,6,241,424,158,229,452,742,5,196,
135,61.21588921546936,162650.41309038483,160654.06948657008,668,124,260,72,704,234,242,85,466,712,453,80,354,272,467,378,527,366,703,477,691,572,147,590,66,94,183,603,8,567,471,749,258,720,324,64,628,359,476,31,585,519,557,353,323,224,683,723,724,163,501,207,342,619,516,141,551,449,652,325,111,69,171,12,218,187,573,568,502,612,705,290,233,525,351,112,457,169,165,53,408,92,368,443,451,715,119,44,3,587,626,340,152,159,305,254,486,638,377,515,280,428,129,73,410,263,447,157,35,189,667,716,633,97,727,360,387,472,186,734,336,29,294,456,321,292,345,10,349,547,524,156,273,629,109,221,450,729,365,291,394,98,240,338,640,1,198,284,714,401,497,675,143,398,65,237,295,257,288,311,289,177,444,71,686,632,51,0,231,227,735,142,440,687,286,556,441,737,555,625,332,79,553,636,236,154,210,563,699,695,605,469,243,630,648,562,246,68,411,301,599,484,406,48,496,520,581,644,380,426,133,300,59,277,565,439,146,608,488,561,114,304,202,674,741,454,473,722,151,505,329,87,616,262,702,721,32,2,470,184,596,164,302,658,434,545,371,397,662,409,597,448,576,145,330,678,350,586,125,24,101,601,181,275,75,508,204,403,303,25,89,653,579,399,659,623,546,238,582,144,407,269,127,393,382,475,663,55,108,132,400,507,620,370,594,593,149,172,170,493,45,535,102,610,657,732,220,319,203,442,681,575,624,39,23,713,425,646,690,655,268,673,542,733,255,356,661,190,438,247,514,50,592,474,115,386,694,489,61,402,271,384,199,174,134,355,698,697,137,293,700,672,352,337,437,297,479,194,252,649,314,339,46,494,550,122,226,709,522,261,564,225,309,232,11,358,647,99,256,86,512,264,117,405,396,306,389,278,459,634,375,153,298,222,530,617,266,536,390,598,574,478,215,81,16,381,346,669,392,367,421,30,503,500,93,745,276,248,103,641,665,299,27,385,259,677,17,100,643,688,211,420,554,84,251,296,274,374,639,490,395,376,383,20,195,121,529,566,52,544,436,651,584,510,717,209,253,107,19,182,70,344,191,313,315,588,188,348,483,615,22,265,560,531,7,4,185,523,287,168,637,318,56,139,38,689,120,583,692,76,577,491,33,308,413,62,180,570,334,707,42,9,197,166,150,363,708,485,650,91,541,18,326,90,110,281,179,40,328,654,569,680,558,606,595,333,533,693,96,521,725,239,74,283,481,135,513,13,155,430,511,201,538,539,706,526,216,192,126,423,419,412,270,465,540,235,422,468,518,212,15,310,250,578,77,618,123,36,492,740,635,611,676,435,357,432,710,415,711,604,747,205,404,666,482,175,307,28,343,116,701,82,679,88,739,193,726,498,136,429,208,589,14,60,160,738,696,249,331,148,730,684,105,214,746,131,43,223,279,176,106,631,57,317,327,642,532,245,282,731,26,391,458,670,140,480,446,130,622,736,685,200,362,37,431,335,718,591,95,104,54,600,463,664,138,571,487,621,418,285,113,461,228,379,537,548,580,506,552,213,614,369,543,528,173,341,167,83,414,347,462,267,748,47,118,128,388,63,744,559,495,21,682,645,656,34,41,549,509,364,316,627,162,719,609,613,58,504,671,517,660,607,602,445,743,244,178,499,312,206,433,78,416,460,728,217,464,322,230,373,161,427,534,455,372,49,219,361,67,417,320,6,241,424,158,229,452,742,5,196,
136,61.65548610687256,162589.09400072106,160648.01608333873,668,124,260,72,704,234,242,85,466,712,453,80,354,272,467,378,527,366,703,477,691,572,147,590,66,94,183,603,8,567,471,749,258,720,324,64,628,359,476,31,585,519,557,353,323,224,683,723,724,163,501,207,342,619,516,141,551,449,652,325,111,69,171,12,218,187,573,568,502,612,705,290,233,525,351,112,457,169,165,53,408,92,368,443,451,715,119,44,3,587,626,340,152,159,305,254,486,638,377,515,280,428,129,73,410,263,447,157,35,189,667,716,633,97,727,360,387,472,186,734,336,29,294,456,321,292,345,10,349,547,524,156,273,629,109,221,450,729,365,291,394,98,240,338,640,1,198,284,714,401,497,675,143,398,65,237,295,257,288,311,289,177,444,71,686,632,51,0,231,227,735,142,440,687,286,556,441,737,555,625,332,79,553,636,236,154,210,563,699,695,605,469,243,630,648,562,246,68,411,301,599,484,406,48,496,520,581,644,380,426,133,300,59,277,565,439,146,608,488,561,114,304,202,674,741,454,473,722,151,505,329,87,616,262,702,721,32,2,470,184,596,164,302,658,434,545,371,397,662,409,597,448,576,145,330,678,350,586,125,24,101,601,181,275,75,508,204,403,303,25,89,653,579,399,659,623,546,238,582,144,407,269,127,393,382,475,663,55,108,132,400,507,620,370,594,593,149,172,170,493,45,535,102,610,657,732,220,319,203,442,681,575,624,39,23,713,425,646,690,655,268,673,542,733,255,356,661,190,438,247,514,50,592,474,115,386,694,489,61,402,271,384,199,174,134,355,698,697,137,293,700,672,352,337,437,297,479,194,252,649,314,339,46,494,550,122,226,709,522,261,564,225,309,232,11,358,647,99,256,86,512,264,117,405,396,306,389,278,459,634,375,153,298,222,530,617,266,536,390,598,574,478,215,81,16,381,346,669,392,367,421,30,503,500,93,745,276,248,103,641,665,299,27,385,259,677,17,100,643,688,211,420,554,84,251,296,274,374,639,490,395,376,383,20,195,121,529,566,52,544,436,651,584,510,717,209,253,107,19,182,70,344,191,313,315,588,188,348,483,615,22,265,560,7,4,531,185,523,287,168,637,318,56,139,38,689,120,583,692,76,577,491,33,308,413,62,180,570,334,707,42,9,197,166,150,363,708,485,650,91,541,18,326,90,110,281,179,40,328,654,569,680,558,606,595,333,533,693,96,521,725,239,74,283,481,135,513,13,155,430,511,201,538,539,706,526,216,192,126,423,419,412,270,465,540,235,422,468,518,212,15,310,250,578,77,618,123,36,492,740,635,611,676,435,357,432,710,415,711,604,747,205,404,666,482,175,307,28,343,116,701,82,679,88,739,193,726,498,136,429,208,589,14,60,160,738,696,249,331,148,730,684,105,214,746,131,43,223,279,176,106,631,57,317,327,642,532,245,282,731,26,391,458,670,140,480,446,130,622,736,685,200,362,37,431,335,718,591,95,104,54,600,463,664,138,571,487,621,418,285,113,461,228,379,537,548,580,506,552,213,614,369,543,528,173,341,167,83,414,347,462,267,748,47,118,128,388,63,744,559,495,21,682,645,656,34,41,549,509,364,316,627,162,719,609,613,58,504,671,517,660,607,602,445,743,244,178,499,312,206,433,78,416,460,728,217,464,322,230,373,161,427,534,455,372,49,219,361,67,417,320,6,241,424,158,229,452,742,5,196,
137,62.136855363845825,162542.46201206258,160613.60395889435,366,703,477,691,572,147,590,66,94,183,603,8,567,471,749,258,720,324,64,628,359,476,31,585,519,557,353,323,224,683,723,724,163,501,207,342,619,516,141,551,449,652,325,111,69,171,12,218,187,573,568,502,612,705,290,233,525,165,53,408,92,368,443,451,715,119,44,3,587,626,340,152,159,305,254,486,638,377,515,280,428,129,73,410,263,447,157,35,189,667,716,633,97,727,360,387,472,186,734,336,29,294,456,321,292,345,10,349,547,524,156,273,629,109,221,450,729,365,338,640,1,198,284,714,401,497,675,143,398,65,237,295,257,288,311,289,177,444,71,686,632,51,0,231,227,735,142,440,687,286,556,441,737,555,625,332,79,553,636,236,154,210,563,699,695,605,469,243,630,648,562,246,68,411,301,599,484,406,48,496,520,581,644,380,426,133,300,59,277,565,439,146,608,488,561,114,304,202,674,741,454,473,722,151,505,329,87,616,262,702,721,32,2,470,184,596,164,302,658,434,545,371,397,662,409,597,448,576,145,330,678,350,586,125,24,101,601,181,275,75,508,204,403,303,25,89,653,579,399,659,623,546,238,582,144,407,269,127,393,382,475,663,55,108,132,400,507,620,370,594,593,149,172,170,493,45,535,102,610,657,732,220,319,203,442,681,575,624,39,23,713,425,646,690,655,268,673,542,733,255,356,661,190,438,247,514,50,592,474,115,386,694,489,61,402,271,384,199,174,134,355,698,697,137,293,700,672,352,337,437,297,479,194,252,649,314,339,46,494,550,122,226,709,522,261,564,225,309,232,11,358,647,99,256,86,512,264,117,405,396,306,389,278,459,634,375,153,298,222,530,617,266,536,390,598,574,478,215,81,16,381,346,669,392,367,421,30,503,500,93,745,276,248,103,641,665,299,27,385,259,677,17,100,643,688,211,420,554,84,251,296,274,374,639,490,395,376,383,20,195,121,529,566,52,544,436,651,584,510,717,209,253,107,19,182,70,344,191,313,315,588,188,348,483,615,22,265,560,531,7,4,185,523,287,168,637,318,56,139,38,689,120,583,692,76,577,491,33,308,413,62,180,570,334,707,42,9,197,166,150,363,708,485,650,316,91,541,18,326,90,110,281,179,40,328,654,569,680,558,606,595,333,533,693,96,521,725,239,74,283,481,135,513,13,155,430,511,201,538,539,706,526,216,192,126,423,419,412,270,465,540,235,422,468,518,212,15,310,250,578,77,618,123,36,492,740,635,611,676,435,357,432,710,415,711,604,747,205,404,666,482,175,307,28,343,116,701,82,679,88,739,193,726,498,136,429,208,589,14,60,160,738,148,696,249,331,730,684,105,214,746,131,43,279,223,351,112,457,169,176,106,631,57,317,327,642,532,245,282,731,26,391,458,670,140,480,446,130,622,736,685,200,362,37,431,335,718,591,95,104,54,600,463,664,138,571,487,621,418,285,113,461,228,379,537,548,580,506,552,213,614,369,543,528,173,341,167,83,414,347,462,267,748,47,118,128,388,63,744,559,495,21,682,645,656,34,41,549,509,364,627,162,719,609,613,58,504,671,517,660,607,602,445,743,244,178,499,312,206,433,78,416,460,728,217,464,322,230,373,161,427,534,455,372,49,219,361,67,417,320,6,241,424,158,229,452,742,5,196,668,124,260,72,704,234,242,85,466,712,453,80,354,272,467,378,240,291,394,98,527,
138,62.5821008682251,164060.93144563978,160483.52677312816,527,366,703,477,691,572,147,590,66,94,183,603,8,567,471,749,258,720,324,64,628,359,476,31,585,519,557,353,323,224,683,723,724,163,501,207,342,619,516,141,551,449,652,325,111,69,171,12,218,187,573,568,502,612,705,290,233,525,351,112,457,169,165,53,408,92,368,443,451,715,119,44,3,587,626,340,152,159,305,254,486,638,377,515,280,428,129,73,410,263,447,157,35,189,667,716,633,97,727,360,387,472,186,734,336,29,294,456,321,292,345,10,349,547,524,156,273,629,109,221,450,729,338,1,198,640,284,714,401,497,675,143,398,65,237,295,257,288,311,289,177,444,71,686,632,51,0,231,227,735,142,440,687,286,556,441,737,555,625,332,79,553,636,236,154,210,563,699,695,605,469,243,630,648,562,246,68,411,301,599,484,406,48,496,520,581,644,380,426,133,300,59,277,565,439,146,608,488,561,114,304,202,674,741,454,473,722,151,505,329,87,616,262,702,721,32,2,470,184,596,164,302,658,434,545,371,397,662,409,597,448,576,145,330,678,350,586,125,24,101,601,181,275,75,508,204,403,303,25,89,653,579,399,659,623,546,238,582,144,407,269,127,393,382,475,663,55,108,132,400,507,620,370,594,593,149,172,170,493,45,535,102,610,657,732,220,319,203,442,681,575,624,39,23,713,425,646,690,655,268,673,542,733,255,356,661,190,438,247,514,50,592,474,115,386,694,489,61,402,271,384,199,174,134,355,698,697,137,293,700,672,352,337,437,297,479,194,252,649,314,339,46,494,550,122,226,709,522,261,564,225,309,232,11,358,647,99,256,86,512,264,117,405,396,306,389,278,459,634,375,153,298,222,530,617,266,536,390,598,574,478,215,81,16,381,346,669,392,367,421,30,503,500,93,745,276,248,103,641,665,299,27,385,259,677,17,100,643,688,211,420,554,84,251,296,274,374,639,490,395,376,383,20,195,121,529,566,52,544,436,651,584,510,717,209,253,107,19,182,70,344,191,313,315,588,188,348,483,615,22,265,560,531,7,4,185,523,287,168,637,318,56,139,38,689,120,583,692,76,577,491,33,308,413,62,180,570,334,707,42,9,197,166,150,363,708,485,650,316,91,541,18,326,90,110,281,179,40,328,654,569,680,558,606,595,333,533,693,96,521,725,239,74,283,481,135,513,13,155,430,511,201,538,539,706,526,216,192,126,423,419,412,270,465,540,235,422,468,518,212,15,310,250,578,77,618,123,36,492,740,635,611,676,435,357,432,710,415,711,604,747,205,404,666,482,175,307,28,343,116,701,82,679,88,739,193,726,498,136,429,208,589,14,60,160,738,148,696,249,331,730,684,105,214,746,131,43,223,279,176,106,631,57,317,327,642,532,245,282,731,26,391,458,670,140,480,446,130,622,736,685,200,362,37,431,335,718,591,95,104,54,600,463,664,138,571,487,621,418,285,113,461,228,379,537,548,580,506,552,213,614,369,543,528,173,341,167,83,414,347,462,267,748,47,118,128,388,63,744,559,495,21,682,645,656,34,41,549,509,364,627,162,719,609,613,58,504,671,517,660,607,602,445,743,244,178,499,312,206,433,78,416,460,728,217,464,322,230,373,161,427,534,455,372,49,219,361,67,417,320,6,241,424,158,229,452,742,5,196,668,124,260,72,704,234,242,85,466,712,453,80,354,272,467,378,240,365,291,394,98,
139,63.00628852844238,inf,160367.05774274483,527,366,703,477,691,572,147,590,66,94,183,603,8,567,471,749,258,720,324,64,628,359,476,31,585,519,557,353,323,224,683,723,724,163,501,207,342,619,516,141,551,449,652,325,111,69,171,12,218,187,573,568,502,612,705,290,233,525,351,112,457,169,165,53,408,92,368,443,451,715,119,44,3,587,626,340,152,159,305,254,486,638,377,515,280,428,129,73,410,263,447,157,35,189,667,716,633,97,727,360,387,472,186,734,336,29,294,456,321,292,345,10,349,547,524,156,273,629,109,221,450,729,338,640,1,198,284,714,401,497,675,143,398,65,237,295,257,288,311,289,177,444,71,686,632,51,0,231,227,735,142,440,687,286,556,441,737,555,625,332,79,553,636,236,154,210,563,699,695,605,469,243,630,648,562,246,68,411,301,599,484,406,48,496,520,581,644,380,426,133,300,59,277,565,439,146,608,488,561,114,304,202,674,741,454,473,722,151,505,329,87,616,262,702,721,32,2,470,184,596,164,302,658,434,545,371,397,662,409,597,448,576,145,330,678,350,586,125,24,101,601,181,275,75,508,204,403,303,25,89,653,579,399,659,623,546,238,582,144,407,269,127,393,382,475,663,55,108,132,400,507,620,370,594,593,149,172,170,493,45,535,102,610,657,732,220,319,203,442,681,575,624,39,23,713,425,646,690,655,268,673,542,733,255,356,661,190,438,247,514,50,592,474,115,386,694,489,61,402,271,384,199,174,134,355,698,697,137,293,700,672,352,337,437,297,479,194,252,649,314,339,46,494,550,122,226,709,522,261,564,225,309,232,11,358,647,99,256,86,512,264,117,405,396,306,389,278,459,634,375,153,298,222,530,617,266,536,390,598,574,478,215,81,16,381,346,669,392,367,421,30,503,500,93,745,276,248,103,641,665,299,27,385,259,677,17,100,643,688,211,420,554,84,251,296,274,374,639,490,395,376,383,20,195,121,529,566,52,544,436,651,584,510,717,209,253,107,19,182,70,344,191,313,315,588,188,348,483,615,22,265,560,531,7,4,185,523,287,168,637,318,56,139,38,689,120,583,692,76,577,491,33,308,413,62,180,570,334,707,42,9,197,166,150,363,708,485,650,316,91,541,18,326,90,110,281,179,40,328,654,569,680,558,606,595,333,533,693,96,521,725,239,74,283,481,135,513,13,155,430,511,201,538,539,706,526,216,192,126,423,419,412,270,465,540,235,422,468,518,212,15,310,250,578,77,618,123,36,492,740,635,611,676,435,357,432,710,415,711,604,747,205,404,666,482,175,307,28,343,116,701,82,679,88,739,193,726,498,136,429,208,589,14,60,160,738,148,696,249,331,730,684,105,214,746,131,43,223,279,176,106,631,57,317,327,642,532,245,282,731,26,391,458,670,140,480,446,130,622,736,685,200,362,37,431,335,718,591,95,104,54,600,463,664,138,571,487,621,418,285,113,461,228,379,537,548,580,506,552,213,614,369,543,528,173,341,167,83,414,347,462,267,748,47,118,128,388,63,744,559,495,21,682,645,656,34,41,549,509,364,627,162,719,609,613,58,504,671,517,660,607,602,445,743,244,178,499,312,206,433,78,416,460,728,217,464,322,230,373,161,427,534,455,372,49,219,361,67,417,320,6,241,424,158,229,452,742,5,196,668,124,260,72,704,234,242,85,466,712,453,80,354,272,467,378,240,365,291,394,98,
140,63.47076964378357,164375.6631434345,160359.74087477848,527,366,703,477,691,572,147,590,66,94,183,603,8,567,471,749,258,720,324,64,628,359,476,31,585,519,557,353,323,224,683,723,724,163,501,207,342,619,516,141,551,449,652,325,111,69,171,12,218,187,573,568,502,612,705,290,233,525,351,112,457,169,165,53,408,92,368,443,451,715,119,44,3,587,626,340,152,159,305,254,486,638,377,515,280,428,129,73,410,263,447,157,35,189,667,716,633,97,727,360,387,472,186,734,336,29,294,456,321,292,345,10,349,547,524,156,273,629,109,221,450,729,338,640,1,198,284,714,401,497,675,143,398,65,237,295,257,288,311,289,177,444,71,686,632,51,0,231,227,735,142,440,687,286,556,441,737,555,625,332,79,553,636,236,154,210,563,699,695,605,469,243,630,648,562,246,68,411,301,599,484,406,48,496,520,581,644,380,426,133,300,59,277,565,439,146,608,488,561,114,304,202,674,741,454,473,722,151,505,329,87,616,262,702,721,32,2,470,184,596,164,302,658,434,545,371,397,662,409,597,448,576,145,330,678,350,586,125,24,101,601,181,275,75,508,204,403,303,25,89,653,579,399,659,623,546,238,582,144,407,269,127,393,382,475,663,55,108,132,400,507,620,370,594,593,149,172,170,493,45,535,102,610,657,732,220,319,203,442,681,575,624,39,23,713,425,646,690,655,268,673,542,733,255,356,661,190,438,247,514,50,592,474,115,386,694,489,61,402,271,384,199,174,134,355,698,697,137,293,700,672,352,337,437,297,479,194,252,649,314,339,46,494,550,122,226,709,522,261,564,225,309,232,11,358,647,99,256,86,512,264,117,405,396,306,389,278,459,634,375,153,298,222,530,617,266,536,390,598,574,478,215,81,16,381,346,669,392,367,421,30,503,500,93,745,276,248,103,641,665,299,27,385,259,677,17,100,643,688,211,420,554,84,251,296,274,374,639,490,395,376,383,20,195,121,529,566,52,544,436,651,584,510,717,209,253,107,19,182,70,344,191,313,315,588,188,348,483,615,22,265,560,531,7,4,185,523,287,168,637,318,56,139,38,689,120,583,692,76,577,491,33,308,413,62,180,570,334,707,42,9,197,166,150,363,708,485,650,316,91,541,18,326,90,110,281,179,40,328,654,569,680,558,606,595,333,533,693,96,521,725,239,74,283,481,135,513,13,155,430,511,201,538,539,706,526,216,192,126,423,419,412,270,465,540,235,422,468,518,212,15,310,250,578,77,618,123,36,492,740,635,611,676,435,357,432,710,415,711,604,747,205,404,666,482,175,307,28,343,116,701,82,679,88,739,193,726,498,136,429,208,589,14,60,160,738,696,249,331,148,730,684,105,214,746,131,43,223,279,176,106,631,57,317,327,642,532,245,282,731,26,391,458,670,140,480,446,130,622,736,685,200,362,37,431,335,718,591,95,104,54,600,463,664,138,571,487,621,418,285,113,461,228,379,537,548,580,506,552,213,614,369,543,528,173,341,167,83,414,347,462,267,748,47,118,128,388,63,744,559,495,21,682,645,656,34,41,549,509,364,627,162,719,609,613,58,504,671,517,660,607,602,445,743,244,178,499,312,206,433,78,416,460,728,217,464,322,230,373,161,427,534,455,372,49,219,361,67,417,320,6,241,424,158,229,452,742,5,196,668,124,260,72,704,234,242,85,466,712,453,80,354,272,467,378,240,365,291,394,98,
141,64.00357866287231,163455.77095496384,160353.30673363202,527,366,703,477,691,572,147,590,66,94,183,603,8,567,471,749,258,720,324,64,628,359,476,31,585,519,557,353,323,224,683,723,724,163,501,207,342,619,516,141,551,449,652,325,111,69,171,12,218,187,573,568,502,612,705,290,233,525,351,112,457,169,165,53,408,92,368,443,451,715,119,44,3,587,626,340,152,159,305,254,486,638,377,515,280,428,129,73,410,263,447,157,35,189,667,716,633,97,727,360,387,472,186,734,336,29,294,456,321,292,345,10,349,547,524,156,273,629,109,221,450,729,338,640,1,198,284,714,401,497,675,143,398,65,237,295,257,288,311,289,177,444,71,686,632,51,0,231,227,735,142,440,687,286,556,441,737,555,625,332,79,553,636,236,154,210,563,699,695,605,469,243,630,648,562,246,68,411,301,599,484,406,48,496,520,581,644,380,426,133,300,59,277,565,439,146,608,488,561,114,304,202,674,741,454,473,722,151,505,329,87,616,262,702,721,32,2,470,184,596,164,302,658,434,545,371,397,662,409,597,448,576,145,330,678,350,586,125,24,101,601,181,275,75,508,204,403,303,25,89,653,579,399,659,623,546,238,582,144,407,269,127,393,382,475,663,55,108,132,400,507,620,370,594,593,149,172,170,493,45,535,102,610,657,732,220,319,203,442,681,575,624,39,23,713,425,646,690,655,268,673,542,733,255,356,661,190,438,247,514,50,592,474,115,386,694,489,61,402,271,384,199,174,134,355,698,697,137,293,700,672,352,337,437,297,479,194,252,649,314,339,46,494,550,122,226,709,522,261,564,225,309,232,11,358,647,99,256,86,512,264,117,405,396,306,389,278,459,634,375,153,298,222,530,617,266,536,390,598,574,478,215,81,16,381,346,669,392,367,421,30,503,500,93,745,276,248,103,641,665,299,27,385,259,677,17,100,643,688,211,420,554,84,251,296,274,374,639,490,395,376,383,20,195,121,529,566,52,544,436,651,584,510,717,209,253,107,19,182,70,344,191,313,315,588,188,348,483,615,22,265,560,531,7,4,185,523,287,168,637,318,56,139,38,689,120,583,692,76,577,491,33,308,413,62,180,570,334,707,42,9,197,166,150,363,708,485,650,91,541,18,326,90,110,281,179,40,328,654,569,680,558,606,595,333,533,693,96,521,725,239,74,283,481,135,513,13,155,430,511,201,538,539,706,526,216,192,126,423,419,412,270,465,540,235,422,468,518,212,15,310,250,578,77,618,123,36,492,740,635,611,676,435,357,432,710,415,711,604,747,205,404,666,482,175,307,28,343,116,701,82,679,88,739,193,726,498,136,429,208,589,14,60,160,738,696,249,331,148,730,684,105,214,746,131,43,223,279,176,106,631,57,317,327,642,532,245,282,731,26,391,458,670,140,480,446,130,622,736,685,200,362,37,431,335,718,591,95,104,54,600,463,664,138,571,487,621,418,285,113,461,228,379,537,548,580,506,552,213,614,369,543,528,173,341,167,83,414,347,462,267,748,47,118,128,388,63,744,559,495,21,682,645,656,34,41,549,509,364,316,627,162,719,609,613,58,504,671,517,660,607,602,445,743,244,178,499,312,206,433,78,416,460,728,217,464,322,230,373,161,427,534,455,372,49,219,361,67,417,320,6,241,424,158,229,452,742,5,196,668,124,260,72,704,234,242,85,466,712,453,80,354,272,467,378,240,365,291,394,98,
142,64.43331217765808,162897.42319319048,160329.52597033378,527,366,703,477,691,572,147,590,66,94,183,603,8,567,471,749,258,720,324,64,628,359,476,31,585,519,557,353,323,224,683,723,724,163,501,207,342,619,516,141,551,449,652,325,111,69,171,12,218,187,573,568,502,612,705,290,233,525,351,112,457,169,165,53,408,92,368,443,451,715,119,44,3,587,626,340,152,159,305,254,486,638,377,515,280,428,129,73,410,263,447,157,35,189,667,716,633,97,727,360,387,472,186,734,336,29,294,456,321,292,345,10,349,547,524,156,273,629,109,221,450,729,338,640,1,198,284,714,401,497,675,143,398,65,237,295,257,288,311,289,177,444,71,686,632,51,0,231,227,735,142,440,687,286,556,441,737,555,625,332,79,553,636,236,154,210,563,699,695,605,469,243,630,648,562,246,68,411,301,599,484,406,48,496,520,581,644,380,426,133,300,59,277,565,439,146,608,488,561,114,304,202,674,741,454,473,722,151,505,329,87,616,262,702,721,32,2,470,184,596,164,302,658,434,545,371,397,662,409,597,448,576,145,330,678,350,586,125,24,101,601,181,275,75,508,204,403,303,25,89,653,579,399,659,623,546,238,582,144,407,269,127,393,382,475,663,55,108,132,400,507,620,370,594,593,149,172,170,493,45,535,102,610,657,732,220,319,203,442,681,575,624,39,23,713,425,646,690,655,268,673,542,733,255,356,661,190,438,247,514,50,592,474,115,386,694,489,61,402,271,384,199,174,134,355,698,697,137,293,700,672,352,337,437,297,479,194,252,649,314,339,46,494,550,122,226,709,522,261,564,225,309,232,11,358,647,99,256,86,512,264,117,405,396,306,389,278,459,634,375,153,298,222,530,617,266,536,390,598,574,478,215,81,16,381,346,669,392,367,421,30,503,500,93,745,276,248,103,641,665,299,27,385,259,677,17,100,643,688,211,420,554,84,251,296,274,374,639,490,395,376,383,20,195,121,529,566,52,544,436,651,584,510,717,209,253,107,19,182,70,344,191,313,315,588,188,348,483,615,22,265,560,7,4,531,185,523,287,168,637,318,56,139,38,689,120,583,692,76,577,491,33,308,413,62,180,570,334,707,42,9,197,166,150,363,708,485,650,91,541,18,326,90,110,281,41,179,40,328,654,569,680,558,606,595,333,533,693,96,521,725,239,74,283,481,135,513,13,155,430,511,201,538,539,706,526,216,192,126,423,419,412,270,34,656,465,540,235,422,468,518,212,15,310,250,578,77,618,123,36,492,740,635,611,676,435,357,432,710,415,711,604,747,205,404,666,482,175,307,28,343,116,701,82,679,88,739,193,726,498,136,429,208,589,14,60,160,738,696,249,331,148,730,684,105,214,746,131,43,223,279,176,106,631,57,317,327,642,532,245,282,731,26,391,458,670,140,480,446,130,622,736,685,200,362,37,431,335,718,591,95,104,54,600,463,664,138,571,487,621,418,285,113,461,228,379,537,548,580,506,552,213,614,369,543,528,173,341,167,83,414,347,462,267,748,47,118,128,388,63,744,559,495,21,682,645,549,509,364,316,627,162,719,609,613,58,504,671,517,660,607,602,445,743,244,178,499,312,206,433,78,416,460,728,217,464,322,230,373,161,427,534,455,372,49,219,361,67,417,320,6,241,424,158,229,452,742,5,196,668,124,260,72,704,234,242,85,466,712,453,80,354,272,467,378,240,365,291,394,98,
143,64.88125324249268,163811.9796732209,160323.66672636115,527,366,703,477,691,572,147,590,66,94,183,603,8,567,471,749,258,720,324,64,628,359,476,31,585,519,557,353,323,224,683,723,724,163,501,207,342,619,516,141,551,449,652,325,111,69,171,12,218,187,573,568,502,612,705,290,233,525,351,112,457,169,165,53,408,92,368,443,451,715,119,44,3,587,626,340,152,159,305,254,486,638,377,515,280,428,129,73,410,263,447,157,35,189,667,716,633,97,727,360,387,472,186,734,336,29,294,456,321,292,345,10,349,547,524,156,273,629,109,221,450,729,338,640,1,198,284,714,401,497,675,143,398,65,237,295,257,288,311,289,177,444,71,686,632,51,0,231,227,735,142,440,687,286,556,441,737,555,625,332,79,553,636,154,236,210,563,699,695,605,469,243,630,648,562,246,68,411,301,599,484,406,48,496,520,581,644,380,426,133,300,59,277,565,439,146,608,488,561,114,304,202,674,741,454,473,722,151,505,329,87,616,262,702,721,32,2,470,184,596,164,302,658,434,545,371,397,662,409,597,448,576,145,330,678,350,586,125,24,101,601,181,275,75,508,204,403,303,25,89,653,579,399,659,623,546,238,582,144,407,269,127,393,382,475,663,55,108,132,400,507,620,370,594,593,149,172,170,493,45,535,102,610,657,732,220,319,203,442,681,575,624,39,23,713,425,646,690,655,268,673,542,733,255,356,661,190,438,247,514,50,592,474,115,386,694,489,61,402,271,384,199,174,134,355,698,697,137,293,700,672,352,337,437,297,479,194,252,649,314,339,46,494,550,122,226,709,522,261,564,225,309,232,11,358,647,99,256,86,512,264,117,405,396,306,389,278,459,634,375,153,298,222,530,617,266,536,390,598,574,478,215,81,16,381,346,669,392,367,421,30,503,500,93,745,276,248,103,641,665,299,27,385,259,677,17,100,643,688,211,420,554,84,251,296,274,374,639,490,395,376,383,20,195,121,529,566,52,544,436,651,584,510,717,209,253,107,19,182,70,344,191,313,315,588,188,348,483,615,22,265,560,7,4,531,185,523,287,168,637,318,56,139,38,689,120,583,692,76,577,491,33,308,413,62,180,570,334,707,42,9,197,166,150,363,708,485,650,91,541,18,326,90,110,281,41,179,40,328,654,569,680,558,606,595,333,533,693,96,521,725,239,74,283,481,135,513,13,155,430,511,201,538,539,706,526,216,192,126,423,419,412,270,34,656,465,540,235,422,468,518,212,15,310,250,578,77,618,123,36,492,740,635,611,676,435,357,432,710,415,711,604,747,205,404,666,482,175,307,28,343,116,701,82,679,88,739,193,726,498,136,429,208,589,14,60,160,738,696,249,331,148,730,684,105,214,746,131,43,223,279,176,106,631,57,317,327,642,532,245,282,731,26,391,458,670,140,480,446,130,622,736,685,200,362,37,431,335,718,591,95,104,54,600,463,664,138,571,487,621,418,285,113,461,228,379,537,548,580,506,552,213,614,369,543,528,173,341,167,83,414,347,462,267,748,47,118,128,388,63,744,559,495,21,682,645,549,509,364,316,627,162,719,609,613,58,504,671,517,660,607,602,445,743,244,178,499,312,206,433,78,416,460,728,217,464,322,230,373,161,427,534,455,372,49,219,361,67,417,320,6,241,424,158,229,452,742,5,196,668,124,260,72,704,234,242,85,466,712,453,80,354,272,467,378,240,365,291,394,98,
144,65.44642424583435,164780.16570944525,160318.49818234151,527,366,703,477,691,572,147,590,66,94,183,603,8,567,471,749,258,720,324,64,628,359,476,31,585,519,557,353,323,224,683,723,724,163,501,207,342,619,516,141,551,449,652,325,111,69,171,12,218,187,573,568,502,612,705,290,233,525,351,112,457,169,165,53,408,92,368,443,451,715,119,44,3,587,626,340,152,159,305,254,486,638,377,515,280,428,129,73,410,263,447,157,35,189,667,716,633,97,727,360,387,472,186,734,336,29,294,456,321,292,345,10,349,547,524,156,273,629,109,221,450,729,338,640,1,198,284,714,401,497,675,143,398,65,237,295,257,288,311,289,177,444,71,686,632,51,0,231,227,735,142,440,687,286,556,441,737,555,625,332,79,553,636,154,236,210,563,699,695,605,469,243,630,648,562,246,68,411,301,599,484,406,48,496,520,581,644,380,426,133,300,59,277,565,439,146,608,488,561,114,304,202,674,741,454,473,722,151,505,329,87,616,262,702,721,32,2,470,184,596,164,302,658,434,545,371,397,662,409,597,448,576,145,330,678,350,586,125,24,101,601,181,275,75,508,204,403,303,25,89,653,579,399,659,623,546,238,582,144,407,269,127,393,382,475,663,55,108,132,400,507,620,370,594,593,149,172,170,493,45,535,102,610,657,732,220,319,203,442,681,575,624,39,23,713,425,646,690,655,268,673,542,733,255,356,661,190,438,247,514,50,592,474,115,386,694,489,61,402,271,384,199,174,134,355,698,697,137,293,700,672,352,337,437,297,479,194,252,649,314,339,46,494,550,122,226,709,522,261,564,225,309,232,11,358,647,99,256,86,512,264,117,405,396,306,389,278,459,634,153,298,222,375,530,617,266,536,390,598,574,478,215,81,16,381,346,669,392,367,421,30,503,500,93,745,276,248,103,641,665,299,27,385,259,677,17,100,643,688,211,420,554,84,251,296,274,374,639,490,395,376,383,20,195,121,529,566,52,544,436,651,584,510,717,209,253,107,19,182,70,344,191,313,315,588,188,348,483,615,22,265,560,7,4,531,185,523,287,168,637,318,56,139,38,689,120,583,692,76,577,491,33,308,413,62,180,570,334,707,42,9,197,166,150,363,708,485,650,91,541,18,326,90,110,281,41,179,40,328,654,569,680,558,606,595,333,533,693,96,521,725,239,74,283,481,135,513,13,155,430,511,201,538,539,706,526,216,192,126,423,419,412,270,34,656,465,540,235,422,468,518,212,15,310,250,578,77,618,123,36,492,740,635,611,676,435,357,432,710,415,711,604,747,205,404,666,482,175,307,28,343,116,701,82,679,88,739,193,726,498,136,429,208,589,14,60,160,738,696,249,331,148,730,684,105,214,746,131,43,223,279,176,106,631,57,317,327,642,532,245,282,731,26,391,458,670,140,480,446,130,622,736,685,200,362,37,431,335,718,591,95,104,54,600,463,664,138,571,487,621,418,285,113,461,228,379,537,548,580,506,552,213,614,369,543,528,173,341,167,83,414,347,462,267,748,47,118,128,388,63,744,559,495,21,682,645,549,509,364,316,627,162,719,609,613,58,504,671,517,660,607,602,445,743,244,178,499,312,206,433,78,416,460,728,217,464,322,230,373,161,427,534,455,372,49,219,361,67,417,320,6,241,424,158,229,452,742,5,196,668,124,260,72,704,234,242,85,466,712,453,80,354,272,467,378,240,365,291,394,98,
145,65.8420741558075,163598.5794360439,160311.51557570513,527,366,703,477,691,572,147,590,66,94,183,603,8,567,471,749,258,720,324,64,628,359,476,31,585,519,557,353,323,224,683,723,724,163,501,207,342,619,516,141,551,449,652,325,111,69,171,12,218,187,573,568,502,612,705,290,233,525,351,112,457,169,165,53,408,92,368,443,451,715,119,44,3,587,626,340,152,159,305,254,486,638,377,515,280,428,129,73,410,263,447,157,35,189,667,716,633,97,727,360,387,472,186,734,336,29,294,456,321,292,345,10,349,547,524,156,273,629,109,221,450,729,338,640,1,198,284,714,401,497,675,143,398,65,237,295,257,288,311,289,177,444,71,686,632,51,0,231,227,735,142,440,687,286,556,441,737,555,625,332,79,553,636,154,236,210,563,699,695,605,469,243,630,648,562,246,68,411,301,599,484,406,48,496,520,581,644,380,426,133,300,59,277,565,439,146,608,488,561,114,304,202,674,741,454,473,722,151,505,329,87,616,262,702,721,32,2,470,184,596,164,302,658,434,545,371,397,662,409,597,448,576,145,330,678,350,586,125,24,101,601,181,275,75,508,204,403,303,25,89,653,579,399,659,623,546,238,582,144,407,269,127,393,382,475,663,55,108,132,400,507,620,370,594,593,149,172,170,493,45,535,102,610,657,732,220,319,203,442,681,575,624,39,23,713,425,646,690,655,268,673,542,733,255,356,661,190,438,247,514,50,592,474,115,386,694,489,61,402,271,384,199,174,134,355,698,697,137,293,700,672,352,337,437,297,479,194,252,649,314,339,46,494,550,122,226,709,522,261,564,225,309,232,11,358,647,99,256,86,512,264,117,405,396,306,389,278,459,634,298,222,153,375,530,617,266,536,390,598,574,478,215,81,16,381,346,669,392,367,421,30,503,500,93,745,276,248,103,641,665,299,27,385,259,677,17,100,643,688,211,420,554,84,251,296,274,374,639,490,395,376,383,20,195,121,529,566,52,544,436,651,584,510,717,209,253,107,19,182,70,344,191,313,315,588,188,348,483,615,22,265,560,7,4,531,185,523,287,168,637,318,56,139,38,689,120,583,692,76,577,491,33,308,413,62,180,570,334,707,42,9,197,166,150,363,708,485,650,91,541,18,326,90,110,281,41,179,40,328,654,569,680,558,606,595,333,533,693,96,521,725,239,74,283,481,135,513,13,155,430,511,201,538,539,706,526,216,192,126,423,419,412,270,34,656,465,540,235,422,468,518,212,15,310,250,578,77,618,123,36,492,740,635,611,676,435,357,432,710,415,711,604,747,205,404,666,482,175,307,28,343,116,701,82,679,88,739,193,726,498,136,429,208,589,14,60,160,738,696,249,331,148,730,684,105,214,746,131,43,223,279,176,106,631,57,317,327,642,532,245,282,731,26,391,458,670,140,480,446,130,622,736,685,200,362,37,431,335,718,591,95,104,54,600,463,664,138,571,487,621,418,285,113,461,228,379,537,548,580,506,552,213,614,369,543,528,173,341,167,83,414,347,462,267,748,47,118,128,388,63,744,559,495,21,682,645,549,509,364,316,627,162,719,609,613,58,504,671,517,660,607,602,445,743,244,178,499,312,206,433,78,416,460,728,217,464,322,230,373,161,427,534,455,372,49,219,361,67,417,320,6,241,424,158,229,452,742,5,196,668,124,260,72,704,234,242,85,466,712,453,80,354,272,467,378,240,365,291,394,98,
146,66.35641527175903,164322.696552501,160307.1741088426,527,366,703,477,691,572,147,590,66,94,183,603,8,567,471,749,258,720,324,64,628,359,476,31,585,519,557,353,323,224,683,723,724,163,501,207,342,619,516,141,551,449,652,325,111,69,171,12,218,187,573,568,502,612,705,290,233,525,351,112,457,169,165,53,408,92,368,443,451,715,119,44,3,587,626,340,152,159,305,254,486,638,377,515,280,428,129,73,410,263,447,157,35,189,667,716,633,97,727,360,472,387,186,734,336,29,294,456,321,292,345,10,349,547,524,156,273,629,109,221,450,729,338,640,1,198,284,714,401,497,675,143,398,65,237,295,257,288,311,289,177,444,71,686,632,51,0,231,227,735,142,440,687,286,556,441,737,555,625,332,79,553,636,154,236,210,563,699,695,605,469,243,630,648,562,246,68,411,301,599,484,406,48,496,520,581,644,380,426,133,300,59,277,565,439,146,608,488,561,114,304,202,674,741,454,473,722,151,505,329,87,616,262,702,721,32,2,470,184,596,164,302,658,434,545,371,397,662,409,597,448,576,145,330,678,350,586,125,24,101,601,181,275,75,508,204,403,303,25,89,653,579,399,659,623,546,238,582,144,407,269,127,393,382,475,663,55,108,132,400,507,620,370,594,593,149,172,170,493,45,535,102,610,657,732,220,319,203,442,681,575,624,39,23,713,425,646,690,655,268,673,542,733,255,356,661,190,438,247,514,50,592,474,115,386,694,489,61,402,271,384,199,174,134,355,698,697,137,293,700,672,352,337,437,297,479,194,252,649,314,339,46,494,550,122,226,709,522,261,564,225,309,232,11,358,647,99,256,86,512,264,117,405,396,306,389,278,459,634,298,222,153,375,530,617,266,536,390,598,574,478,215,81,16,381,346,669,392,367,421,30,503,500,93,745,276,248,103,641,665,299,27,385,259,677,17,100,643,688,211,420,554,84,251,296,274,374,639,490,395,376,383,20,195,121,529,566,52,544,436,651,584,510,717,209,253,107,19,182,70,344,191,313,315,588,188,348,483,615,22,265,560,7,4,531,185,523,287,168,637,318,56,139,38,689,120,583,692,76,577,491,33,308,413,62,180,570,334,707,42,9,197,166,150,363,708,485,650,91,541,18,326,90,110,281,41,179,40,328,654,569,680,558,606,595,333,533,693,96,521,725,239,74,283,481,135,513,13,155,430,511,201,538,539,706,526,216,192,126,423,419,412,270,34,656,465,540,235,422,468,518,212,15,310,250,578,77,618,123,36,492,740,635,611,676,435,357,432,710,415,711,604,747,205,404,666,482,175,307,28,343,116,701,82,679,88,739,193,726,498,136,429,208,589,14,60,160,738,696,249,331,148,730,684,105,214,746,131,43,223,279,176,106,631,57,317,327,642,532,245,282,731,26,391,458,670,140,480,446,130,622,736,685,200,362,37,431,335,718,591,95,104,54,600,463,664,138,571,487,621,418,285,113,461,228,379,537,548,580,506,552,213,614,369,543,528,173,341,167,83,414,347,462,267,748,47,118,128,388,63,744,559,495,21,682,645,549,509,364,316,627,162,719,609,613,58,504,671,517,660,607,602,445,743,244,178,499,312,206,433,78,416,460,728,217,464,322,230,373,161,427,534,455,372,49,219,361,67,417,320,6,241,424,158,229,452,742,5,196,668,124,260,72,704,234,242,85,466,712,453,80,354,272,467,378,240,365,291,394,98,
147,66.82977747917175,166273.5505585856,160303.99073062703,527,366,703,477,691,572,147,590,66,94,183,603,8,567,471,749,258,720,324,64,628,359,476,31,585,519,557,353,323,224,683,723,724,163,501,207,342,619,516,141,551,449,652,325,111,69,171,12,218,187,573,568,502,612,705,290,233,525,351,112,457,169,165,53,408,92,368,443,451,715,119,44,3,587,626,340,152,159,305,254,486,638,377,515,280,428,129,73,410,263,447,157,35,189,667,716,633,97,727,360,472,387,186,734,336,29,294,456,321,292,345,524,10,349,547,156,273,629,109,221,450,729,338,640,1,198,284,714,401,497,675,143,398,65,237,295,257,288,311,289,177,444,71,686,632,51,0,231,227,735,142,440,687,286,556,441,737,555,625,332,79,553,636,154,236,210,563,699,695,605,469,243,630,648,562,246,68,411,301,599,484,406,48,496,520,581,644,380,426,133,300,59,277,565,439,146,608,488,561,114,304,202,674,741,454,473,722,151,505,329,87,616,262,702,721,32,2,470,184,596,164,302,658,434,545,371,397,662,409,597,448,576,145,330,678,350,586,125,24,101,601,181,275,75,508,204,403,303,25,89,653,579,399,659,623,546,238,582,144,407,269,127,393,382,475,663,55,108,132,400,507,620,370,594,593,149,172,170,493,45,535,102,610,657,732,220,319,203,442,681,575,624,39,23,713,425,646,690,655,268,673,542,733,255,356,661,190,438,247,514,50,592,474,115,386,694,489,61,402,271,384,199,174,134,355,698,697,137,293,700,672,352,337,437,297,479,194,252,649,314,339,46,494,550,122,226,709,522,261,564,225,309,232,11,358,647,99,256,86,512,264,117,405,396,306,389,278,459,634,298,222,153,375,530,617,266,536,390,598,574,478,215,81,16,381,346,669,392,367,421,30,503,500,93,745,276,248,103,641,665,299,27,385,259,677,17,100,643,688,211,420,554,84,251,296,274,374,639,490,395,376,383,20,195,121,529,566,52,544,436,651,584,510,717,209,253,107,19,182,70,344,191,313,315,588,188,348,483,615,22,265,560,7,4,531,185,523,287,168,637,318,56,139,38,689,120,583,692,76,577,491,33,308,413,62,180,570,334,707,42,9,197,166,150,363,708,485,650,91,541,18,326,90,110,281,41,179,40,328,654,569,680,558,606,595,333,533,693,96,521,725,239,74,283,481,135,513,13,155,430,511,201,538,539,706,526,216,192,126,423,419,412,270,34,656,465,540,235,422,468,518,212,15,310,250,578,77,618,123,36,492,740,635,611,676,435,357,432,710,415,711,604,747,205,404,666,482,175,307,28,343,116,701,82,679,88,739,193,726,498,136,429,208,589,14,60,160,738,696,249,331,148,730,684,105,214,746,131,43,223,279,176,106,631,57,317,327,642,532,245,282,731,26,391,458,670,140,480,446,130,622,736,685,200,362,37,431,335,718,591,95,104,54,600,463,664,138,571,487,621,418,285,113,461,228,379,537,548,580,506,552,213,614,369,543,528,173,341,167,83,414,347,462,267,748,47,118,128,388,63,744,559,495,21,682,645,549,509,364,316,627,162,719,609,613,58,504,671,517,660,607,602,445,743,244,178,499,312,206,433,78,416,460,728,217,464,322,230,373,161,427,534,455,372,49,219,361,67,417,320,6,241,424,158,229,452,742,5,196,668,124,260,72,704,234,242,85,466,712,453,80,354,272,467,378,240,365,291,394,98,
148,67.39771676063538,163937.63716541918,160300.92152464512,527,366,703,477,691,572,147,590,66,94,183,603,8,567,471,749,258,720,324,64,628,359,476,31,585,519,557,353,323,224,683,723,724,163,501,207,342,619,516,141,551,449,652,325,111,69,171,12,218,187,573,568,502,612,705,290,233,525,351,112,457,169,165,53,408,92,368,443,451,715,119,44,3,587,626,340,152,159,305,254,486,638,377,515,280,428,129,73,410,263,447,157,35,189,667,716,633,97,727,360,472,387,186,734,336,29,294,456,321,292,345,524,10,349,547,156,273,629,109,221,450,729,338,640,1,198,284,714,401,497,675,143,398,65,237,295,257,288,311,289,177,444,71,686,632,51,0,231,227,735,142,440,687,286,556,441,737,555,625,332,79,553,636,154,236,210,563,699,695,605,469,243,630,648,562,246,68,411,301,599,484,406,48,496,520,581,644,380,426,133,300,59,277,565,439,146,608,488,561,114,304,202,674,741,454,473,722,151,505,329,87,616,262,702,721,32,2,470,184,596,164,302,658,434,545,371,397,662,409,597,448,576,145,330,678,350,586,125,24,101,601,181,275,75,508,204,403,303,25,89,653,579,399,659,623,546,238,582,144,407,269,127,393,382,475,663,55,108,132,400,507,620,370,594,593,149,172,170,493,45,535,102,610,657,732,220,319,203,442,681,575,624,39,23,713,425,646,690,655,268,673,542,733,255,356,661,190,438,247,514,50,592,474,115,386,694,489,61,402,271,384,199,174,134,355,698,697,137,293,700,672,352,337,437,297,479,194,252,649,314,339,46,494,550,226,122,709,522,261,564,225,309,232,11,358,647,99,256,86,512,264,117,405,396,306,389,278,459,634,298,222,153,375,530,617,266,536,390,598,574,478,215,81,16,381,346,669,392,367,421,30,503,500,93,745,276,248,103,641,665,299,27,385,259,677,17,100,643,688,211,420,554,84,251,296,274,374,639,490,395,376,383,20,195,121,529,566,52,544,436,651,584,510,717,209,253,107,19,182,70,344,191,313,315,588,188,348,483,615,22,265,560,7,4,531,185,523,287,168,637,318,56,139,38,689,120,583,692,76,577,491,33,308,413,62,180,570,334,707,42,9,197,166,150,363,708,485,650,91,541,18,326,90,110,281,41,179,40,328,654,569,680,558,606,595,333,533,693,96,521,725,239,74,283,481,135,513,13,155,430,511,201,538,539,706,526,216,192,126,423,419,412,270,34,656,465,540,235,422,468,518,212,15,310,250,578,77,618,123,36,492,740,635,611,676,435,357,432,710,415,711,604,747,205,404,666,482,175,307,28,343,116,701,82,679,88,739,193,726,498,136,429,208,589,14,60,160,738,696,249,331,148,730,684,105,214,746,131,43,223,279,176,106,631,57,317,327,642,532,245,282,731,26,391,458,670,140,480,446,130,622,736,685,200,362,37,431,335,718,591,95,104,54,600,463,664,138,571,487,621,418,285,113,461,228,379,537,548,580,506,552,213,614,369,543,528,173,341,167,83,414,347,462,267,748,47,118,128,388,63,744,559,495,21,682,645,549,509,364,316,627,162,719,609,613,58,504,671,517,660,607,602,445,743,244,178,499,312,206,433,78,416,460,728,217,464,322,230,373,161,427,534,455,372,49,219,361,67,417,320,6,241,424,158,229,452,742,5,196,668,124,260,72,704,234,242,85,466,712,453,80,354,272,467,378,240,365,291,394,98,
149,67.93941903114319,163334.70298914795,160298.6712644752,527,366,703,477,691,572,147,590,66,94,183,603,8,567,471,749,258,720,324,64,628,359,476,31,585,519,557,353,323,224,683,723,724,163,501,207,342,619,516,141,551,449,652,325,111,69,171,12,218,187,573,568,502,612,705,290,233,525,351,112,457,169,165,53,408,92,368,443,451,715,119,44,3,587,626,340,152,159,305,254,486,638,377,515,280,428,129,73,410,263,447,157,35,189,667,716,633,97,727,360,472,387,186,734,336,29,294,456,321,292,345,524,10,349,547,156,273,629,109,221,450,729,338,640,1,198,284,714,401,497,675,143,398,65,237,295,257,288,311,289,177,444,71,686,632,51,0,231,227,735,142,440,687,286,556,441,737,555,625,332,79,553,636,154,236,210,563,699,695,605,469,243,630,648,562,246,68,411,301,599,484,406,48,496,520,581,644,380,426,133,300,59,277,565,439,146,608,488,561,114,304,202,674,741,454,473,722,151,505,329,87,616,262,702,721,32,2,470,184,596,164,302,658,434,545,371,397,662,409,597,448,576,145,330,678,350,586,125,24,101,601,181,275,75,508,204,403,303,25,89,653,579,399,659,623,546,238,582,144,407,269,127,393,382,475,663,55,108,132,400,507,620,370,594,593,149,172,170,493,45,535,102,610,657,732,220,319,203,442,681,575,624,39,23,713,425,646,690,655,268,673,542,733,255,356,661,190,438,247,514,50,592,474,115,386,694,489,61,402,271,384,199,174,134,355,698,697,137,293,700,672,352,337,437,297,479,194,252,649,314,339,46,494,550,226,122,709,522,261,564,225,309,232,11,358,647,99,256,86,512,264,117,405,396,306,389,278,459,634,298,222,153,375,530,617,266,536,390,598,574,478,215,81,16,381,346,669,392,367,421,30,503,500,93,745,276,248,103,641,665,299,27,385,259,677,17,100,643,688,211,420,554,84,251,296,274,374,639,490,395,376,383,20,195,121,529,566,52,544,436,651,584,510,717,209,253,107,19,182,70,344,191,313,315,588,188,348,483,615,22,265,560,7,4,531,185,523,287,168,637,318,56,139,38,689,120,583,692,76,577,491,33,308,413,62,180,570,334,707,42,9,197,166,150,363,708,485,650,91,541,18,326,90,110,281,41,179,40,328,654,569,680,558,606,595,333,533,693,96,521,725,239,74,283,481,135,513,13,155,430,511,201,538,539,706,526,216,192,126,423,419,412,270,34,656,465,540,235,422,468,518,212,250,578,77,15,310,618,123,36,492,740,635,611,676,435,357,432,710,415,711,604,747,205,404,666,482,175,307,28,343,116,701,82,679,88,739,193,726,498,136,429,208,589,14,60,160,738,696,249,331,148,730,684,105,214,746,131,43,223,279,176,106,631,57,317,327,642,532,245,282,731,26,391,458,670,140,480,446,130,622,736,685,200,362,37,431,335,718,591,95,104,54,600,463,664,138,571,487,621,418,285,113,461,228,379,537,548,580,506,552,213,614,369,543,528,173,341,167,83,414,347,462,267,748,47,118,128,388,63,744,559,495,21,682,645,549,509,364,316,627,162,719,609,613,58,504,671,517,660,607,602,445,743,244,178,499,312,206,433,78,416,460,728,217,464,322,230,373,161,427,534,455,372,49,219,361,67,417,320,6,241,424,158,229,452,742,5,196,668,124,260,72,704,234,242,85,466,712,453,80,354,272,467,378,240,365,291,394,98,
150,68.4617714881897,163333.5636791627,160287.8528594698,668,124,260,72,704,234,242,85,466,712,453,80,354,272,467,378,527,366,703,477,691,572,147,590,66,94,183,603,8,567,471,749,258,720,324,64,628,359,476,31,585,519,557,353,323,224,683,723,724,163,501,207,342,619,516,141,551,449,652,325,111,69,171,12,218,187,573,568,208,589,14,60,160,738,696,249,331,148,730,684,105,214,746,131,43,223,279,176,106,631,57,317,327,642,532,245,282,731,26,391,458,670,140,480,446,130,622,736,685,200,362,37,431,335,718,591,95,104,54,600,463,664,138,571,487,621,418,285,113,461,228,379,537,548,580,506,552,213,614,357,432,710,415,711,604,747,205,404,666,482,175,307,28,343,116,701,82,679,88,739,193,726,498,136,429,502,612,705,290,233,525,351,112,457,169,165,53,408,92,368,443,451,715,119,44,3,587,626,340,152,159,305,254,486,638,377,515,280,428,129,73,410,263,447,157,35,189,667,716,633,97,727,360,387,472,186,734,336,29,294,456,321,292,345,10,349,547,524,156,273,629,109,221,450,729,365,291,394,98,240,338,640,1,198,284,714,401,497,675,143,398,65,237,295,257,288,311,289,177,444,71,686,632,51,0,231,227,735,142,440,687,286,556,441,737,555,625,636,236,154,210,79,553,332,469,243,563,695,605,699,630,648,562,246,68,411,301,599,484,406,48,496,520,581,644,380,426,133,300,59,277,565,439,146,608,488,561,114,304,202,674,741,454,473,722,151,505,329,87,616,262,702,721,32,2,470,184,596,164,302,658,434,545,371,397,662,409,597,448,576,145,330,678,350,586,125,24,101,601,181,275,75,508,204,403,303,25,89,653,579,399,659,623,546,238,582,144,407,269,127,393,382,475,663,55,108,132,400,507,620,370,594,593,149,172,170,493,45,535,102,610,657,732,220,319,203,442,681,575,624,39,23,713,425,646,690,655,268,673,542,733,255,356,661,190,438,247,514,50,592,474,115,386,694,489,61,402,271,384,199,174,134,355,698,697,137,293,700,672,352,337,437,297,479,194,252,649,314,339,46,494,550,122,226,709,522,261,564,225,309,232,11,358,647,99,256,86,512,264,117,405,396,306,389,278,459,634,375,153,298,222,530,617,266,536,390,598,574,478,215,81,16,381,346,669,392,367,421,30,503,500,93,745,276,248,103,641,665,299,27,385,259,677,17,100,643,688,211,420,554,84,251,296,274,374,639,490,395,376,383,20,195,121,529,566,52,544,436,651,584,510,717,209,253,107,19,182,70,344,191,313,315,588,188,348,483,615,22,265,560,531,7,4,185,523,287,168,637,318,56,139,38,689,120,583,692,76,577,491,33,308,413,62,180,570,334,707,42,9,197,166,150,363,708,485,650,316,91,541,18,326,90,110,281,179,40,328,654,569,680,558,606,595,333,533,693,96,521,725,239,74,283,481,135,513,13,155,430,511,201,538,539,706,526,216,192,126,423,419,412,270,465,540,235,422,468,518,212,15,310,250,578,77,618,123,36,492,740,635,611,543,369,676,435,341,167,83,414,347,462,528,173,267,748,47,118,128,388,63,744,559,495,21,682,645,656,34,41,549,509,364,627,162,719,609,613,58,504,671,517,660,607,602,445,743,244,178,499,312,206,433,78,416,460,728,217,464,322,230,373,161,427,534,455,372,49,219,361,67,417,320,6,241,424,158,229,452,742,5,196,
151,68.96900057792664,164811.36118558326,160281.41871832337,668,124,260,72,704,234,242,85,466,712,453,80,354,272,467,378,527,366,703,477,691,572,147,590,66,94,183,603,8,567,471,749,258,720,324,64,628,359,476,31,585,519,557,353,323,224,683,723,724,163,501,207,342,619,516,141,551,449,652,325,111,69,171,12,218,187,573,568,208,589,14,60,160,738,696,249,331,148,730,684,105,214,746,131,43,223,279,176,106,631,57,317,327,642,532,245,282,731,26,391,458,670,140,480,446,130,622,736,685,200,362,37,431,335,718,591,95,104,54,600,463,664,138,571,487,621,418,285,113,461,228,379,537,548,580,506,552,213,614,357,432,710,415,711,604,747,205,404,666,482,175,307,28,343,116,701,82,679,88,739,193,726,498,136,429,502,612,705,290,233,525,351,112,457,169,165,53,408,92,368,443,451,715,119,44,3,587,626,340,152,159,305,254,486,638,377,515,280,428,129,73,410,263,447,157,35,189,667,716,633,97,727,360,387,472,186,734,336,29,294,456,321,292,345,10,349,547,524,156,273,629,109,221,450,729,365,291,394,98,240,338,640,1,198,284,714,401,497,675,143,398,65,237,295,257,288,311,289,177,444,71,686,632,51,0,231,227,735,142,440,687,286,556,441,737,555,625,636,236,154,210,79,553,332,469,243,563,695,605,699,630,648,562,246,68,411,301,599,484,406,48,496,520,581,644,380,426,133,300,59,277,565,439,146,608,488,561,114,304,202,674,741,454,473,722,151,505,329,87,616,262,702,721,32,2,470,184,596,164,302,658,434,545,371,397,662,409,597,448,576,145,330,678,350,586,125,24,101,601,181,275,75,508,204,403,303,25,89,653,579,399,659,623,546,238,582,144,407,269,127,393,382,475,663,55,108,132,400,507,620,370,594,593,149,172,170,493,45,535,102,610,657,732,220,319,203,442,681,575,624,39,23,713,425,646,690,655,268,673,542,733,255,356,661,190,438,247,514,50,592,474,115,386,694,489,61,402,271,384,199,174,134,355,698,697,137,293,700,672,352,337,437,297,479,194,252,649,314,339,46,494,550,122,226,709,522,261,564,225,309,232,11,358,647,99,256,86,512,264,117,405,396,306,389,278,459,634,375,153,298,222,530,617,266,536,390,598,574,478,215,81,16,381,346,669,392,367,421,30,503,500,93,745,276,248,103,641,665,299,27,385,259,677,17,100,643,688,211,420,554,84,251,296,274,374,639,490,395,376,383,20,195,121,529,566,52,544,436,651,584,510,717,209,253,107,19,182,70,344,191,313,315,588,188,348,483,615,22,265,560,531,7,4,185,523,287,168,637,318,56,139,38,689,120,583,692,76,577,491,33,308,413,62,180,570,334,707,42,9,197,166,150,363,708,485,650,91,541,18,326,90,110,281,179,40,328,654,569,680,558,606,595,333,533,693,96,521,725,239,74,283,481,135,513,13,155,430,511,201,538,539,706,526,216,192,126,423,419,412,270,465,540,235,422,468,518,212,15,310,250,578,77,618,123,36,492,740,635,611,543,369,676,435,341,167,83,414,347,462,528,173,267,748,47,118,128,388,63,744,559,495,21,682,645,656,34,41,549,509,364,316,627,162,719,609,613,58,504,671,517,660,607,602,445,743,244,178,499,312,206,433,78,416,460,728,217,464,322,230,373,161,427,534,455,372,49,219,361,67,417,320,6,241,424,158,229,452,742,5,196,
152,69.51839566230774,164299.74321748732,160275.36531509203,668,124,260,72,704,234,242,85,466,712,453,80,354,272,467,378,527,366,703,477,691,572,147,590,66,94,183,603,8,567,471,749,258,720,324,64,628,359,476,31,585,519,557,353,323,224,683,723,724,163,501,207,342,619,516,141,551,449,652,325,111,69,171,12,218,187,573,568,208,589,14,60,160,738,696,249,331,148,730,684,105,214,746,131,43,223,279,176,106,631,57,317,327,642,532,245,282,731,26,391,458,670,140,480,446,130,622,736,685,200,362,37,431,335,718,591,95,104,54,600,463,664,138,571,487,621,418,285,113,461,228,379,537,548,580,506,552,213,614,357,432,710,415,711,604,747,205,404,666,482,175,307,28,343,116,701,82,679,88,739,193,726,498,136,429,502,612,705,290,233,525,351,112,457,169,165,53,408,92,368,443,451,715,119,44,3,587,626,340,152,159,305,254,486,638,377,515,280,428,129,73,410,263,447,157,35,189,667,716,633,97,727,360,387,472,186,734,336,29,294,456,321,292,345,10,349,547,524,156,273,629,109,221,450,729,365,291,394,98,240,338,640,1,198,284,714,401,497,675,143,398,65,237,295,257,288,311,289,177,444,71,686,632,51,0,231,227,735,142,440,687,286,556,441,737,555,625,636,236,154,210,79,553,332,469,243,563,695,605,699,630,648,562,246,68,411,301,599,484,406,48,496,520,581,644,380,426,133,300,59,277,565,439,146,608,488,561,114,304,202,674,741,454,473,722,151,505,329,87,616,262,702,721,32,2,470,184,596,164,302,658,434,545,371,397,662,409,597,448,576,145,330,678,350,586,125,24,101,601,181,275,75,508,204,403,303,25,89,653,579,399,659,623,546,238,582,144,407,269,127,393,382,475,663,55,108,132,400,507,620,370,594,593,149,172,170,493,45,535,102,610,657,732,220,319,203,442,681,575,624,39,23,713,425,646,690,655,268,673,542,733,255,356,661,190,438,247,514,50,592,474,115,386,694,489,61,402,271,384,199,174,134,355,698,697,137,293,700,672,352,337,437,297,479,194,252,649,314,339,46,494,550,122,226,709,522,261,564,225,309,232,11,358,647,99,256,86,512,264,117,405,396,306,389,278,459,634,375,153,298,222,530,617,266,536,390,598,574,478,215,81,16,381,346,669,392,367,421,30,503,500,93,745,276,248,103,641,665,299,27,385,259,677,17,100,643,688,211,420,554,84,251,296,274,374,639,490,395,376,383,20,195,121,529,566,52,544,436,651,584,510,717,209,253,107,19,182,70,344,191,313,315,588,188,348,483,615,22,265,560,7,4,531,185,523,287,168,637,318,56,139,38,689,120,583,692,76,577,491,33,308,413,62,180,570,334,707,42,9,197,166,150,363,708,485,650,91,541,18,326,90,110,281,179,40,328,654,569,680,558,606,595,333,533,693,96,521,725,239,74,283,481,135,513,13,155,430,511,201,538,539,706,526,216,192,126,423,419,412,270,465,540,235,422,468,518,212,15,310,250,578,77,618,123,36,492,740,635,611,543,369,676,435,341,167,83,414,347,462,528,173,267,748,47,118,128,388,63,744,559,495,21,682,645,656,34,41,549,509,364,316,627,162,719,609,613,58,504,671,517,660,607,602,445,743,244,178,499,312,206,433,78,416,460,728,217,464,322,230,373,161,427,534,455,372,49,219,361,67,417,320,6,241,424,158,229,452,742,5,196,
153,69.98240995407104,164567.12575214534,160224.97644027614,66,94,183,603,8,567,471,749,258,720,324,64,628,359,476,31,585,519,557,353,323,224,683,723,724,163,501,207,342,619,516,141,551,449,652,325,111,69,171,705,12,218,187,573,568,502,612,290,233,525,351,112,457,169,165,53,408,92,368,443,451,715,119,44,3,587,626,340,152,159,305,254,486,638,377,515,280,428,129,73,410,263,447,157,35,189,667,716,633,97,727,360,472,387,186,734,336,29,294,456,321,292,345,524,10,349,547,156,273,629,109,221,450,729,365,338,640,1,198,284,714,401,497,675,143,398,65,237,295,257,288,311,289,177,444,71,686,632,51,0,231,227,735,142,440,687,286,556,441,737,555,625,332,79,553,636,154,236,210,563,699,695,605,469,243,630,648,562,246,68,411,301,599,484,406,48,496,520,581,644,380,426,133,300,59,277,565,439,146,608,488,561,114,304,202,674,741,454,473,722,151,505,329,87,616,262,702,721,32,2,470,184,596,164,302,658,434,545,371,397,662,409,597,448,576,145,330,678,350,586,125,24,101,601,181,275,75,508,204,403,303,25,89,653,579,399,659,623,546,238,582,144,407,269,127,393,382,475,663,55,108,132,400,507,620,370,594,593,149,172,170,493,45,535,102,610,657,732,220,319,203,442,681,575,624,39,23,713,425,646,690,655,268,673,542,733,255,356,661,190,438,247,514,50,592,474,115,386,694,489,61,402,271,384,199,174,134,355,698,697,137,293,700,672,352,337,437,297,479,194,252,649,314,339,46,494,550,122,226,709,522,261,564,225,309,232,11,358,647,99,256,86,512,264,117,405,396,306,389,278,459,634,298,222,153,375,530,617,266,536,390,598,574,478,215,81,16,381,346,669,392,367,421,30,503,500,93,745,276,248,103,641,665,299,27,385,259,677,17,100,643,688,211,420,554,84,251,296,274,374,639,490,395,376,383,20,195,121,529,566,52,544,436,651,584,510,717,209,253,107,19,182,70,344,191,313,315,588,188,348,483,615,22,265,560,7,4,531,185,523,287,168,637,318,56,139,38,689,120,583,692,76,577,491,33,308,413,62,180,570,334,707,42,9,197,166,150,363,708,485,650,316,91,541,18,326,90,110,281,179,40,328,654,569,680,558,606,595,333,533,693,96,521,725,239,74,283,481,135,513,13,155,430,511,201,538,539,706,526,216,192,126,423,412,419,270,465,540,235,422,468,518,212,15,310,250,578,77,618,123,36,492,740,635,611,676,435,357,432,710,415,711,604,747,205,404,666,482,175,307,28,343,116,701,82,679,88,739,193,726,498,136,429,208,589,14,60,160,738,148,696,249,331,730,684,105,214,746,131,43,223,279,176,106,631,57,317,327,642,532,245,282,731,26,391,458,670,140,480,446,130,622,736,685,200,362,37,431,335,718,591,95,104,54,600,463,664,138,571,487,621,418,285,113,461,228,379,537,548,580,506,552,213,614,369,543,341,167,83,414,347,462,528,173,267,748,47,118,128,388,63,744,559,495,21,682,645,656,34,41,549,509,364,627,162,719,609,613,58,504,671,517,660,607,602,445,743,244,178,499,312,206,433,78,416,460,728,217,464,322,230,373,161,427,534,455,372,49,219,361,67,417,320,6,241,424,158,229,452,742,5,196,668,124,260,72,704,234,242,85,466,712,453,80,354,272,467,378,240,291,394,98,527,366,703,477,691,572,147,590,
154,70.55083179473877,inf,160152.02283241999,66,94,183,603,8,567,471,749,258,720,324,64,628,359,476,31,585,519,557,353,323,224,683,723,724,163,501,207,342,619,516,141,551,449,652,325,111,69,171,705,12,218,187,573,568,502,612,290,233,525,351,112,457,169,165,53,408,92,368,443,451,715,119,44,3,587,626,340,152,159,305,254,486,638,377,515,280,428,129,73,410,263,447,157,35,189,667,716,633,97,727,360,472,387,186,734,336,29,294,456,321,292,345,524,10,349,547,156,273,629,109,221,450,729,338,640,1,198,284,714,401,497,675,143,398,65,237,295,257,288,311,289,177,444,71,686,632,51,0,231,227,735,142,440,687,286,556,441,737,555,625,332,79,553,636,154,236,210,563,699,695,605,469,243,630,648,562,246,68,411,301,599,484,406,48,496,520,581,644,380,426,133,300,59,277,565,439,146,608,488,561,114,304,202,674,741,454,473,722,151,505,329,87,616,262,702,721,32,2,470,184,596,164,302,658,434,545,371,397,662,409,597,448,576,145,330,678,350,586,125,24,101,601,181,275,75,508,204,403,303,25,89,653,579,399,659,623,546,238,582,144,407,269,127,393,382,475,663,55,108,132,400,507,620,370,594,593,149,172,170,493,45,535,102,610,657,732,220,319,203,442,681,575,624,39,23,713,425,646,690,655,268,673,542,733,255,356,661,190,438,247,514,50,592,474,115,386,694,489,61,402,271,384,199,174,134,355,698,697,137,293,700,672,352,337,437,297,479,194,252,649,314,339,46,494,550,122,226,709,522,261,564,225,309,232,11,358,647,99,256,86,512,264,117,405,396,306,389,278,459,634,298,222,153,375,530,617,266,536,390,598,574,478,215,81,16,381,346,669,392,367,421,30,503,500,93,745,276,248,103,641,665,299,27,385,259,677,17,100,643,688,211,420,554,84,251,296,274,374,639,490,395,376,383,20,195,121,529,566,52,544,436,651,584,510,717,209,253,107,19,182,70,344,191,313,315,588,188,348,483,615,22,265,560,7,4,531,185,523,287,168,637,318,56,139,38,689,120,583,692,76,577,491,33,308,413,62,180,570,334,707,42,9,197,166,150,363,708,485,650,316,91,541,18,326,90,110,281,179,40,328,654,569,680,558,606,595,333,533,693,96,521,725,239,74,283,481,135,513,13,155,430,511,201,538,539,706,526,216,192,126,423,412,419,270,465,540,235,422,468,518,212,15,310,250,578,77,618,123,36,492,740,635,611,676,435,357,432,710,415,711,604,747,205,404,666,482,175,307,28,343,116,701,82,679,88,739,193,726,498,136,429,208,589,14,60,160,738,148,696,249,331,730,684,105,214,746,131,43,223,279,176,106,631,57,317,327,642,532,245,282,731,26,391,458,670,140,480,446,130,622,736,685,200,362,37,431,335,718,591,95,104,54,600,463,664,138,571,487,621,418,285,113,461,228,379,537,548,580,506,552,213,614,369,543,341,167,83,414,347,462,528,173,267,748,47,118,128,388,63,744,559,495,21,682,645,656,34,41,549,509,364,627,162,719,609,613,58,504,671,517,660,607,602,445,743,244,178,499,312,206,433,78,416,460,728,217,464,322,230,373,161,427,534,455,372,49,219,361,67,417,320,6,241,424,158,229,452,742,5,196,668,124,260,72,704,234,242,85,466,712,453,80,354,272,467,378,240,365,291,394,98,527,366,703,477,691,572,147,590,
155,70.98239660263062,164478.07937110236,160041.5062045468,668,124,260,72,704,234,242,85,466,712,453,80,354,272,467,378,527,366,703,477,691,572,147,590,66,94,183,603,8,567,471,749,258,720,324,64,628,359,476,31,585,519,557,353,323,224,683,723,724,163,501,207,342,619,516,141,551,449,652,325,111,69,171,12,218,187,573,568,208,589,14,60,160,738,696,249,331,148,730,684,105,214,746,131,43,223,279,176,106,631,57,317,327,642,532,245,282,731,26,391,458,670,140,480,446,130,622,736,685,200,362,37,431,335,718,591,95,104,54,600,463,664,138,571,487,621,418,285,113,461,228,379,537,548,580,506,552,213,614,369,543,676,435,341,267,748,47,118,167,83,414,347,462,528,173,357,432,710,415,711,604,747,205,404,666,482,175,307,28,343,116,701,82,679,88,739,193,726,498,136,429,502,612,705,290,233,525,351,112,457,169,165,53,408,92,368,443,451,715,119,44,3,587,626,340,152,159,305,254,486,638,377,515,280,428,129,73,410,263,447,157,35,189,667,716,633,97,727,360,387,472,186,734,336,29,294,456,321,292,345,10,349,547,524,156,273,629,109,221,450,729,365,291,394,98,240,338,640,1,198,284,714,401,497,675,143,398,65,237,295,257,288,311,289,177,444,71,686,632,51,0,231,227,735,142,440,687,286,556,441,737,555,625,636,236,154,210,79,553,332,469,563,695,605,699,243,630,648,562,246,68,411,301,599,484,406,48,496,520,581,644,380,426,133,300,59,277,565,439,146,608,488,561,114,304,202,674,741,454,473,722,151,505,329,87,616,262,702,721,32,2,470,184,596,164,302,658,434,545,371,397,662,409,597,448,576,145,330,678,350,586,125,24,101,601,181,275,75,508,204,403,303,25,89,653,579,399,659,623,546,238,582,144,407,269,127,393,382,475,663,55,108,132,400,507,620,370,594,593,149,172,170,493,45,535,102,610,657,732,220,319,203,442,681,575,624,39,23,713,425,646,690,655,268,673,542,733,255,356,661,190,438,247,514,50,592,474,115,386,694,489,61,402,271,384,199,174,134,355,698,697,137,293,700,672,352,337,437,297,479,194,252,649,314,339,46,494,550,122,226,709,522,261,564,225,309,232,11,358,647,99,256,86,512,264,117,405,396,306,389,278,459,634,375,153,298,222,530,617,266,536,390,598,574,478,215,81,16,381,346,669,392,367,421,30,503,500,93,745,276,248,103,641,665,299,27,385,259,677,17,100,643,688,211,420,554,84,251,296,274,374,639,490,395,376,383,20,195,121,529,566,52,544,436,651,584,510,717,209,253,107,19,182,70,344,191,313,315,588,188,348,483,615,22,265,560,531,7,4,185,523,287,168,637,318,56,139,38,689,120,583,692,76,577,491,33,308,413,62,180,570,334,707,42,9,197,166,150,363,708,485,650,316,91,541,18,326,90,110,281,179,40,328,654,569,680,558,606,595,333,533,693,96,521,725,239,74,283,481,135,513,13,155,430,511,201,538,539,706,526,216,192,126,423,419,412,270,465,540,235,422,468,518,212,15,310,250,578,77,618,123,36,492,740,635,611,128,388,63,744,559,495,21,682,645,656,34,41,549,509,364,627,162,719,609,613,58,504,671,517,660,607,602,445,743,244,178,499,312,206,433,78,416,460,728,217,464,322,230,373,161,427,534,455,372,49,219,361,67,417,320,6,241,424,158,229,452,742,5,196,
156,71.59931421279907,162727.7562878737,160011.18105115218,668,124,260,72,704,234,242,85,466,712,453,80,354,272,467,378,527,366,703,477,691,572,147,590,66,94,183,603,8,567,471,749,258,720,324,64,628,359,476,31,585,519,557,353,323,224,683,723,724,163,501,207,342,619,516,141,551,449,652,325,111,69,171,12,218,187,573,568,208,589,14,60,160,738,696,249,331,148,730,684,105,214,746,131,43,223,279,176,106,631,57,317,327,642,532,245,282,731,26,391,458,670,140,480,446,130,622,736,685,200,362,37,431,335,718,591,95,104,54,600,463,664,138,571,487,621,418,285,113,461,228,379,537,548,580,506,552,213,614,369,543,676,435,341,267,748,47,118,167,83,414,347,462,528,173,357,432,710,415,711,604,747,205,404,666,482,175,307,28,343,116,701,82,679,88,739,193,726,498,136,429,502,612,705,290,233,525,351,112,457,169,165,53,408,92,368,443,451,715,119,44,3,587,626,340,152,159,305,254,486,638,377,515,280,428,129,73,410,263,447,157,35,189,667,716,633,97,727,360,387,472,186,734,336,29,294,456,321,292,345,10,349,547,524,156,273,629,109,221,450,729,365,291,394,98,240,338,640,1,198,284,714,401,497,675,143,398,65,237,295,257,288,311,289,177,444,71,686,632,51,0,231,227,735,142,440,687,286,556,441,737,555,625,636,236,154,210,79,553,332,469,243,563,695,605,699,630,648,562,246,68,411,301,599,484,406,48,496,520,581,644,380,426,133,300,59,277,565,439,146,608,488,561,114,304,202,674,741,454,473,722,151,505,329,87,616,262,702,721,32,2,470,184,596,164,302,658,434,545,371,397,662,409,597,448,576,145,330,678,350,586,125,24,101,601,181,275,75,508,204,403,303,25,89,653,579,399,659,623,546,238,582,144,407,269,127,393,382,475,663,55,108,132,400,507,620,370,594,593,149,172,170,493,45,535,102,610,657,732,220,319,203,442,681,575,624,39,23,713,425,646,690,655,268,673,542,733,255,356,661,190,438,247,514,50,592,474,115,386,694,489,61,402,271,384,199,174,134,355,698,697,137,293,700,672,352,337,437,297,479,194,252,649,314,339,46,494,550,122,226,709,522,261,564,225,309,232,11,358,647,99,256,86,512,264,117,405,396,306,389,278,459,634,375,153,298,222,530,617,266,536,390,598,574,478,215,81,16,381,346,669,392,367,421,30,503,500,93,745,276,248,103,641,665,299,27,385,259,677,17,100,643,688,211,420,554,84,251,296,274,374,639,490,395,376,383,20,195,121,529,566,52,544,436,651,584,510,717,209,253,107,19,182,70,344,191,313,315,588,188,348,483,615,22,265,560,531,7,4,185,523,287,168,637,318,56,139,38,689,120,583,692,76,577,491,33,308,413,62,180,570,334,707,42,9,197,166,150,363,708,485,650,316,91,541,18,326,90,110,281,179,40,328,654,569,680,558,606,595,333,533,693,96,521,725,239,74,283,481,135,513,13,155,430,511,201,538,539,706,526,216,192,126,423,419,412,270,465,540,235,422,468,518,212,15,310,250,578,77,618,123,36,492,740,635,611,128,388,63,744,559,495,21,682,645,656,34,41,549,509,364,627,162,719,609,613,58,504,671,517,660,607,602,445,743,244,178,499,312,206,433,78,416,460,728,217,464,322,230,373,161,427,534,455,372,49,219,361,67,417,320,6,241,424,158,229,452,742,5,196,
157,72.03526449203491,163372.7956742089,159987.0901065317,551,449,652,325,111,69,171,12,218,187,573,568,208,589,14,60,160,738,696,249,331,148,730,684,105,214,746,131,43,223,279,176,106,631,57,317,327,642,532,245,282,731,26,391,458,670,140,480,446,130,622,736,685,200,362,37,431,335,718,591,95,104,54,600,463,664,138,571,487,621,418,285,113,461,228,379,537,548,580,506,552,213,614,357,432,710,415,711,604,747,205,404,666,482,175,307,28,343,116,701,82,679,88,739,193,726,498,136,429,502,612,705,290,233,525,351,112,457,169,165,53,408,92,368,443,451,715,119,44,3,587,626,340,152,159,305,254,486,638,377,515,280,428,129,73,410,263,447,157,35,189,667,716,633,97,727,360,387,472,186,734,336,29,294,456,321,292,345,10,349,547,524,156,273,629,109,221,450,729,338,640,1,198,284,714,401,497,675,143,398,65,237,295,257,288,311,289,177,444,71,686,632,51,0,231,227,735,142,440,687,286,556,441,737,555,625,636,236,154,210,79,553,332,469,243,563,695,605,699,630,648,562,246,68,411,301,599,484,406,48,496,520,581,644,380,426,133,300,59,277,565,439,146,608,488,561,114,304,202,674,741,454,473,722,151,505,329,87,616,262,702,721,32,2,470,184,596,164,302,658,434,545,371,397,662,409,597,448,576,145,330,678,350,586,125,24,101,601,181,275,75,508,204,403,303,25,89,653,579,399,659,623,546,238,582,144,407,269,127,393,382,475,663,55,108,132,400,507,620,370,594,593,149,172,170,493,45,535,102,610,657,732,220,319,203,442,681,575,624,39,23,713,425,646,690,655,268,673,542,733,255,356,661,190,438,247,514,50,592,474,115,386,694,489,61,402,271,384,199,174,134,355,698,697,137,293,700,672,352,337,437,297,479,194,252,649,314,339,46,494,550,122,226,709,522,261,564,225,309,232,11,358,647,99,256,86,512,264,117,405,396,306,389,278,459,634,375,153,298,222,530,617,266,536,390,598,574,478,215,81,16,381,346,669,392,367,421,30,503,500,93,745,276,248,103,641,665,299,27,385,259,677,17,100,643,688,211,420,554,84,251,296,274,374,639,490,395,376,383,20,195,121,529,566,52,544,436,651,584,510,717,209,253,107,19,182,70,344,191,313,315,588,188,348,483,615,22,265,560,531,7,4,185,523,287,168,637,318,56,139,38,689,120,583,692,76,577,491,33,308,413,62,180,570,334,707,42,9,197,166,150,363,708,485,650,316,91,541,18,326,90,110,281,179,40,328,654,569,680,558,606,595,333,533,693,96,521,725,239,74,283,481,135,513,13,155,430,511,201,538,539,706,526,216,192,126,423,419,412,270,465,540,235,422,468,518,212,15,310,250,578,77,618,123,36,492,740,635,611,543,369,676,435,341,167,83,414,347,462,528,173,267,748,47,118,128,388,63,744,559,495,21,682,645,656,34,41,549,509,364,627,162,719,609,613,58,504,671,517,660,607,602,445,743,244,178,499,312,206,433,78,416,460,728,217,464,322,230,373,161,427,534,455,372,49,219,361,67,417,320,6,241,424,158,229,452,742,5,196,668,124,260,72,704,234,242,85,466,712,453,80,354,272,467,378,240,365,291,394,98,527,366,703,477,691,572,147,590,66,94,183,603,8,567,471,749,258,720,324,64,628,359,476,31,585,519,557,353,323,224,683,723,724,163,501,207,342,619,516,141,
158,72.55900931358337,163251.39313453963,159980.65596538523,551,449,652,325,111,69,171,12,218,187,573,568,208,589,14,60,160,738,696,249,331,148,730,684,105,214,746,131,43,223,279,176,106,631,57,317,327,642,532,245,282,731,26,391,458,670,140,480,446,130,622,736,685,200,362,37,431,335,718,591,95,104,54,600,463,664,138,571,487,621,418,285,113,461,228,379,537,548,580,506,552,213,614,357,432,710,415,711,604,747,205,404,666,482,175,307,28,343,116,701,82,679,88,739,193,726,498,136,429,502,612,705,290,233,525,351,112,457,169,165,53,408,92,368,443,451,715,119,44,3,587,626,340,152,159,305,254,486,638,377,515,280,428,129,73,410,263,447,157,35,189,667,716,633,97,727,360,387,472,186,734,336,29,294,456,321,292,345,10,349,547,524,156,273,629,109,221,450,729,338,640,1,198,284,714,401,497,675,143,398,65,237,295,257,288,311,289,177,444,71,686,632,51,0,231,227,735,142,440,687,286,556,441,737,555,625,636,236,154,210,79,553,332,469,243,563,695,605,699,630,648,562,246,68,411,301,599,484,406,48,496,520,581,644,380,426,133,300,59,277,565,439,146,608,488,561,114,304,202,674,741,454,473,722,151,505,329,87,616,262,702,721,32,2,470,184,596,164,302,658,434,545,371,397,662,409,597,448,576,145,330,678,350,586,125,24,101,601,181,275,75,508,204,403,303,25,89,653,579,399,659,623,546,238,582,144,407,269,127,393,382,475,663,55,108,132,400,507,620,370,594,593,149,172,170,493,45,535,102,610,657,732,220,319,203,442,681,575,624,39,23,713,425,646,690,655,268,673,542,733,255,356,661,190,438,247,514,50,592,474,115,386,694,489,61,402,271,384,199,174,134,355,698,697,137,293,700,672,352,337,437,297,479,194,252,649,314,339,46,494,550,122,226,709,522,261,564,225,309,232,11,358,647,99,256,86,512,264,117,405,396,306,389,278,459,634,375,153,298,222,530,617,266,536,390,598,574,478,215,81,16,381,346,669,392,367,421,30,503,500,93,745,276,248,103,641,665,299,27,385,259,677,17,100,643,688,211,420,554,84,251,296,274,374,639,490,395,376,383,20,195,121,529,566,52,544,436,651,584,510,717,209,253,107,19,182,70,344,191,313,315,588,188,348,483,615,22,265,560,531,7,4,185,523,287,168,637,318,56,139,38,689,120,583,692,76,577,491,33,308,413,62,180,570,334,707,42,9,197,166,150,363,708,485,650,91,541,18,326,90,110,281,179,40,328,654,569,680,558,606,595,333,533,693,96,521,725,239,74,283,481,135,513,13,155,430,511,201,538,539,706,526,216,192,126,423,419,412,270,465,540,235,422,468,518,212,15,310,250,578,77,618,123,36,492,740,635,611,543,369,676,435,341,167,83,414,347,462,528,173,267,748,47,118,128,388,63,744,559,495,21,682,645,656,34,41,549,509,364,316,627,162,719,609,613,58,504,671,517,660,607,602,445,743,244,178,499,312,206,433,78,416,460,728,217,464,322,230,373,161,427,534,455,372,49,219,361,67,417,320,6,241,424,158,229,452,742,5,196,668,124,260,72,704,234,242,85,466,712,453,80,354,272,467,378,240,365,291,394,98,527,366,703,477,691,572,147,590,66,94,183,603,8,567,471,749,258,720,324,64,628,359,476,31,585,519,557,353,323,224,683,723,724,163,501,207,342,619,516,141,
159,73.02035188674927,inf,159823.0132271591,147,590,66,94,183,603,8,567,471,749,258,720,324,64,628,359,476,31,585,519,557,353,323,224,683,723,724,163,501,207,342,619,516,141,551,449,652,325,111,69,171,12,218,187,573,568,502,612,705,290,233,525,351,112,457,169,165,53,408,92,368,443,451,715,119,44,3,587,626,340,152,159,305,254,486,638,377,515,280,428,129,73,410,263,447,157,35,189,667,716,633,97,727,360,387,472,186,734,336,29,294,456,321,292,345,10,349,547,524,156,273,629,109,221,450,729,338,640,1,198,284,714,401,497,675,143,398,65,237,295,257,288,311,289,177,444,71,686,632,51,0,231,227,735,142,440,687,286,556,441,737,555,625,636,236,154,210,79,553,332,469,243,563,695,605,699,630,648,562,246,68,411,301,599,484,406,48,496,520,581,644,380,426,133,300,59,277,565,439,146,608,488,561,114,304,202,674,741,454,473,722,151,505,329,87,616,262,702,721,32,2,470,184,596,164,302,658,434,545,371,397,662,409,597,448,576,145,330,678,350,586,125,24,101,601,181,275,75,508,204,403,303,25,89,653,579,399,659,623,546,238,582,144,407,269,127,393,382,475,663,55,108,132,400,507,620,370,594,593,149,172,170,493,45,535,102,610,657,732,220,319,203,442,681,575,624,39,23,713,425,646,690,655,268,673,542,733,255,356,661,190,438,247,514,50,592,474,115,386,694,489,61,402,271,384,199,174,134,355,698,697,137,293,700,672,352,337,437,297,479,194,252,649,314,339,46,494,550,122,226,709,522,261,564,225,309,232,11,358,647,99,256,86,512,264,117,405,396,306,389,278,459,634,375,153,298,222,530,617,266,536,390,598,574,478,215,81,16,381,346,669,392,367,421,30,503,500,93,745,276,248,103,641,665,299,27,385,259,677,17,100,643,688,211,420,554,84,251,296,274,374,639,490,395,376,383,20,195,121,529,566,52,544,436,651,584,510,717,209,253,107,19,182,70,344,191,313,315,588,188,348,483,615,22,265,560,7,4,531,185,523,287,168,637,318,56,139,38,689,120,583,692,76,577,491,33,308,413,62,180,570,334,707,42,9,197,166,150,363,708,485,650,91,541,18,326,90,110,281,41,179,40,328,654,569,680,558,606,595,333,533,693,96,521,725,239,74,283,481,135,513,13,155,430,511,201,538,539,706,526,216,192,126,423,419,412,270,34,656,465,540,235,422,468,518,212,250,578,77,15,310,618,123,36,492,740,635,611,676,435,357,432,710,415,711,604,747,205,404,666,482,175,307,28,343,116,701,82,679,88,739,193,726,498,136,429,208,589,14,60,160,738,696,249,331,148,730,684,105,214,746,131,43,223,279,176,106,631,57,317,327,642,532,245,282,731,26,391,458,670,140,480,446,130,622,736,685,200,362,37,431,335,718,591,95,104,54,600,463,664,138,571,487,621,418,285,113,461,228,379,537,548,580,506,552,213,614,369,543,341,167,83,414,347,462,528,173,267,748,47,118,128,388,63,744,559,495,21,682,645,549,509,364,316,627,162,719,609,613,58,504,671,517,660,607,602,445,743,244,178,499,312,206,433,78,416,460,728,217,464,322,230,373,161,427,534,455,372,49,219,361,67,417,320,6,241,424,158,229,452,742,5,196,668,124,260,72,704,234,242,85,466,712,453,80,354,272,467,378,240,365,291,394,98,527,366,703,477,691,572,
160,73.465646982193,164367.51854849604,159817.1539831865,147,590,66,94,183,603,8,567,471,749,258,720,324,64,628,359,476,31,585,519,557,353,323,224,683,723,724,163,501,207,342,619,516,141,551,449,652,325,111,69,171,12,218,187,573,568,502,612,705,290,233,525,351,112,457,169,165,53,408,92,368,443,451,715,119,44,3,587,626,340,152,159,305,254,486,638,377,515,280,428,129,73,410,263,447,157,35,189,667,716,633,97,727,360,387,472,186,734,336,29,294,456,321,292,345,10,349,547,524,156,273,629,109,221,450,729,338,640,1,198,284,714,401,497,675,143,398,65,237,295,257,288,311,289,177,444,71,686,632,51,0,231,227,735,142,440,687,286,556,441,737,555,625,636,154,236,210,79,553,332,469,243,563,695,605,699,630,648,562,246,68,411,301,599,484,406,48,496,520,581,644,380,426,133,300,59,277,565,439,146,608,488,561,114,304,202,674,741,454,473,722,151,505,329,87,616,262,702,721,32,2,470,184,596,164,302,658,434,545,371,397,662,409,597,448,576,145,330,678,350,586,125,24,101,601,181,275,75,508,204,403,303,25,89,653,579,399,659,623,546,238,582,144,407,269,127,393,382,475,663,55,108,132,400,507,620,370,594,593,149,172,170,493,45,535,102,610,657,732,220,319,203,442,681,575,624,39,23,713,425,646,690,655,268,673,542,733,255,356,661,190,438,247,514,50,592,474,115,386,694,489,61,402,271,384,199,174,134,355,698,697,137,293,700,672,352,337,437,297,479,194,252,649,314,339,46,494,550,122,226,709,522,261,564,225,309,232,11,358,647,99,256,86,512,264,117,405,396,306,389,278,459,634,375,153,298,222,530,617,266,536,390,598,574,478,215,81,16,381,346,669,392,367,421,30,503,500,93,745,276,248,103,641,665,299,27,385,259,677,17,100,643,688,211,420,554,84,251,296,274,374,639,490,395,376,383,20,195,121,529,566,52,544,436,651,584,510,717,209,253,107,19,182,70,344,191,313,315,588,188,348,483,615,22,265,560,7,4,531,185,523,287,168,637,318,56,139,38,689,120,583,692,76,577,491,33,308,413,62,180,570,334,707,42,9,197,166,150,363,708,485,650,91,541,18,326,90,110,281,41,179,40,328,654,569,680,558,606,595,333,533,693,96,521,725,239,74,283,481,135,513,13,155,430,511,201,538,539,706,526,216,192,126,423,419,412,270,34,656,465,540,235,422,468,518,212,250,578,77,15,310,618,123,36,492,740,635,611,676,435,357,432,710,415,711,604,747,205,404,666,482,175,307,28,343,116,701,82,679,88,739,193,726,498,136,429,208,589,14,60,160,738,696,249,331,148,730,684,105,214,746,131,43,223,279,176,106,631,57,317,327,642,532,245,282,731,26,391,458,670,140,480,446,130,622,736,685,200,362,37,431,335,718,591,95,104,54,600,463,664,138,571,487,621,418,285,113,461,228,379,537,548,580,506,552,213,614,369,543,341,167,83,414,347,462,528,173,267,748,47,118,128,388,63,744,559,495,21,682,645,549,509,364,316,627,162,719,609,613,58,504,671,517,660,607,602,445,743,244,178,499,312,206,433,78,416,460,728,217,464,322,230,373,161,427,534,455,372,49,219,361,67,417,320,6,241,424,158,229,452,742,5,196,668,124,260,72,704,234,242,85,466,712,453,80,354,272,467,378,240,365,291,394,98,527,366,703,477,691,572,
161,73.91952633857727,165487.80807653023,159811.98543916686,147,590,66,94,183,603,8,567,471,749,258,720,324,64,628,359,476,31,585,519,557,353,323,224,683,723,724,163,501,207,342,619,516,141,551,449,652,325,111,69,171,12,218,187,573,568,502,612,705,290,233,525,351,112,457,169,165,53,408,92,368,443,451,715,119,44,3,587,626,340,152,159,305,254,486,638,377,515,280,428,129,73,410,263,447,157,35,189,667,716,633,97,727,360,387,472,186,734,336,29,294,456,321,292,345,10,349,547,524,156,273,629,109,221,450,729,338,640,1,198,284,714,401,497,675,143,398,65,237,295,257,288,311,289,177,444,71,686,632,51,0,231,227,735,142,440,687,286,556,441,737,555,625,636,154,236,210,79,553,332,469,243,563,695,605,699,630,648,562,246,68,411,301,599,484,406,48,496,520,581,644,380,426,133,300,59,277,565,439,146,608,488,561,114,304,202,674,741,454,473,722,151,505,329,87,616,262,702,721,32,2,470,184,596,164,302,658,434,545,371,397,662,409,597,448,576,145,330,678,350,586,125,24,101,601,181,275,75,508,204,403,303,25,89,653,579,399,659,623,546,238,582,144,407,269,127,393,382,475,663,55,108,132,400,507,620,370,594,593,149,172,170,493,45,535,102,610,657,732,220,319,203,442,681,575,624,39,23,713,425,646,690,655,268,673,542,733,255,356,661,190,438,247,514,50,592,474,115,386,694,489,61,402,271,384,199,174,134,355,698,697,137,293,700,672,352,337,437,297,479,194,252,649,314,339,46,494,550,122,226,709,522,261,564,225,309,232,11,358,647,99,256,86,512,264,117,405,396,306,389,278,459,634,153,298,222,375,530,617,266,536,390,598,574,478,215,81,16,381,346,669,392,367,421,30,503,500,93,745,276,248,103,641,665,299,27,385,259,677,17,100,643,688,211,420,554,84,251,296,274,374,639,490,395,376,383,20,195,121,529,566,52,544,436,651,584,510,717,209,253,107,19,182,70,344,191,313,315,588,188,348,483,615,22,265,560,7,4,531,185,523,287,168,637,318,56,139,38,689,120,583,692,76,577,491,33,308,413,62,180,570,334,707,42,9,197,166,150,363,708,485,650,91,541,18,326,90,110,281,41,179,40,328,654,569,680,558,606,595,333,533,693,96,521,725,239,74,283,481,135,513,13,155,430,511,201,538,539,706,526,216,192,126,423,419,412,270,34,656,465,540,235,422,468,518,212,250,578,77,15,310,618,123,36,492,740,635,611,676,435,357,432,710,415,711,604,747,205,404,666,482,175,307,28,343,116,701,82,679,88,739,193,726,498,136,429,208,589,14,60,160,738,696,249,331,148,730,684,105,214,746,131,43,223,279,176,106,631,57,317,327,642,532,245,282,731,26,391,458,670,140,480,446,130,622,736,685,200,362,37,431,335,718,591,95,104,54,600,463,664,138,571,487,621,418,285,113,461,228,379,537,548,580,506,552,213,614,369,543,341,167,83,414,347,462,528,173,267,748,47,118,128,388,63,744,559,495,21,682,645,549,509,364,316,627,162,719,609,613,58,504,671,517,660,607,602,445,743,244,178,499,312,206,433,78,416,460,728,217,464,322,230,373,161,427,534,455,372,49,219,361,67,417,320,6,241,424,158,229,452,742,5,196,668,124,260,72,704,234,242,85,466,712,453,80,354,272,467,378,240,365,291,394,98,527,366,703,477,691,572,
162,74.46934366226196,163821.3565977054,159783.37190607027,160,738,696,249,331,148,730,684,105,214,746,131,43,223,279,176,106,631,57,317,327,642,532,245,282,731,26,391,458,670,140,480,446,130,622,736,685,200,362,37,431,335,718,591,95,104,54,600,463,664,138,571,487,621,418,285,113,461,228,379,537,548,580,506,552,213,614,369,543,676,435,341,267,748,47,118,167,83,414,347,462,528,173,357,432,710,415,711,604,747,205,404,666,482,175,307,28,343,116,701,82,679,88,739,193,726,498,136,429,502,612,705,290,233,525,351,112,457,169,165,53,408,92,368,443,451,715,119,44,3,587,626,340,152,159,305,254,486,638,377,515,280,428,129,73,410,263,447,157,35,189,667,716,633,97,727,360,387,472,186,734,336,29,294,456,321,292,345,10,349,547,524,156,273,629,109,221,450,729,365,338,640,1,198,284,714,401,497,675,143,398,65,237,295,257,288,311,289,177,444,71,686,632,51,0,231,227,735,142,440,687,286,556,441,737,555,625,636,236,154,210,79,553,332,469,243,563,695,605,699,630,648,562,246,68,411,301,599,484,406,48,496,520,581,644,380,426,133,300,59,277,565,439,146,608,488,561,114,304,202,674,741,454,473,722,151,505,329,87,616,262,702,721,32,2,470,184,596,164,302,658,434,545,371,397,662,409,597,448,576,145,330,678,350,586,125,24,101,601,181,275,75,508,204,403,303,25,89,653,579,399,659,623,546,238,582,144,407,269,127,393,382,475,663,55,108,132,400,507,620,370,594,593,149,172,170,493,45,535,102,610,657,732,220,319,203,442,681,575,624,39,23,713,425,646,690,655,268,673,542,733,255,356,661,190,438,247,514,50,592,474,115,386,694,489,61,402,271,384,199,174,134,355,698,697,137,293,700,672,352,337,437,297,479,194,252,649,314,339,46,494,550,122,226,709,522,261,564,225,309,232,11,358,647,99,256,86,512,264,117,405,396,306,389,278,459,634,375,153,298,222,530,617,266,536,390,598,574,478,215,81,16,381,346,669,392,367,421,30,503,500,93,745,276,248,103,641,665,299,27,385,259,677,17,100,643,688,211,420,554,84,251,296,274,374,639,490,395,376,383,20,195,121,529,566,52,544,436,651,584,510,717,209,253,107,19,182,70,344,191,313,315,588,188,348,483,615,22,265,560,531,7,4,185,523,287,168,637,318,56,139,38,689,120,583,692,76,577,491,33,308,413,62,180,570,334,707,42,9,197,166,150,363,708,485,650,316,91,541,18,326,90,110,281,179,40,328,654,569,680,558,606,595,333,533,693,96,521,725,239,74,283,481,135,513,13,155,430,511,201,538,539,706,526,216,192,126,423,419,412,270,465,540,235,422,468,518,212,15,310,250,578,77,618,123,36,492,740,635,611,128,388,63,744,559,495,21,682,645,656,34,41,549,509,364,627,162,719,609,613,58,504,671,517,660,607,602,445,743,244,178,499,312,206,433,78,416,460,728,217,464,322,230,373,161,427,534,455,372,49,219,361,67,417,320,6,241,424,158,229,452,742,5,196,668,124,260,72,704,234,242,85,466,712,453,80,354,272,467,378,240,291,394,98,527,366,703,477,691,572,147,590,66,94,183,603,8,567,471,749,258,720,324,64,628,359,476,31,585,519,557,353,323,224,683,723,724,163,501,207,342,619,516,141,551,449,652,325,111,69,171,12,218,187,573,568,208,589,14,60,
163,74.9672224521637,164455.42648358713,159710.41829821412,160,738,696,249,331,148,730,684,105,214,746,131,43,223,279,176,106,631,57,317,327,642,532,245,282,731,26,391,458,670,140,480,446,130,622,736,685,200,362,37,431,335,718,591,95,104,54,600,463,664,138,571,487,621,418,285,113,461,228,379,537,548,580,506,552,213,614,369,543,676,435,341,267,748,47,118,167,83,414,347,462,528,173,357,432,710,415,711,604,747,205,404,666,482,175,307,28,343,116,701,82,679,88,739,193,726,498,136,429,502,612,705,290,233,525,351,112,457,169,165,53,408,92,368,443,451,715,119,44,3,587,626,340,152,159,305,254,486,638,377,515,280,428,129,73,410,263,447,157,35,189,667,716,633,97,727,360,387,472,186,734,336,29,294,456,321,292,345,10,349,547,524,156,273,629,109,221,450,729,338,640,1,198,284,714,401,497,675,143,398,65,237,295,257,288,311,289,177,444,71,686,632,51,0,231,227,735,142,440,687,286,556,441,737,555,625,636,236,154,210,79,553,332,469,243,563,695,605,699,630,648,562,246,68,411,301,599,484,406,48,496,520,581,644,380,426,133,300,59,277,565,439,146,608,488,561,114,304,202,674,741,454,473,722,151,505,329,87,616,262,702,721,32,2,470,184,596,164,302,658,434,545,371,397,662,409,597,448,576,145,330,678,350,586,125,24,101,601,181,275,75,508,204,403,303,25,89,653,579,399,659,623,546,238,582,144,407,269,127,393,382,475,663,55,108,132,400,507,620,370,594,593,149,172,170,493,45,535,102,610,657,732,220,319,203,442,681,575,624,39,23,713,425,646,690,655,268,673,542,733,255,356,661,190,438,247,514,50,592,474,115,386,694,489,61,402,271,384,199,174,134,355,698,697,137,293,700,672,352,337,437,297,479,194,252,649,314,339,46,494,550,122,226,709,522,261,564,225,309,232,11,358,647,99,256,86,512,264,117,405,396,306,389,278,459,634,375,153,298,222,530,617,266,536,390,598,574,478,215,81,16,381,346,669,392,367,421,30,503,500,93,745,276,248,103,641,665,299,27,385,259,677,17,100,643,688,211,420,554,84,251,296,274,374,639,490,395,376,383,20,195,121,529,566,52,544,436,651,584,510,717,209,253,107,19,182,70,344,191,313,315,588,188,348,483,615,22,265,560,531,7,4,185,523,287,168,637,318,56,139,38,689,120,583,692,76,577,491,33,308,413,62,180,570,334,707,42,9,197,166,150,363,708,485,650,316,91,541,18,326,90,110,281,179,40,328,654,569,680,558,606,595,333,533,693,96,521,725,239,74,283,481,135,513,13,155,430,511,201,538,539,706,526,216,192,126,423,419,412,270,465,540,235,422,468,518,212,15,310,250,578,77,618,123,36,492,740,635,611,128,388,63,744,559,495,21,682,645,656,34,41,549,509,364,627,162,719,609,613,58,504,671,517,660,607,602,445,743,244,178,499,312,206,433,78,416,460,728,217,464,322,230,373,161,427,534,455,372,49,219,361,67,417,320,6,241,424,158,229,452,742,5,196,668,124,260,72,704,234,242,85,466,712,453,80,354,272,467,378,240,365,291,394,98,527,366,703,477,691,572,147,590,66,94,183,603,8,567,471,749,258,720,324,64,628,359,476,31,585,519,557,353,323,224,683,723,724,163,501,207,342,619,516,141,551,449,652,325,111,69,171,12,218,187,573,568,208,589,14,60,
164,75.56602835655212,163264.3214094993,159703.98415706767,160,738,696,249,331,148,730,684,105,214,746,131,43,223,279,176,106,631,57,317,327,642,532,245,282,731,26,391,458,670,140,480,446,130,622,736,685,200,362,37,431,335,718,591,95,104,54,600,463,664,138,571,487,621,418,285,113,461,228,379,537,548,580,506,552,213,614,369,543,676,435,341,267,748,47,118,167,83,414,347,462,528,173,357,432,710,415,711,604,747,205,404,666,482,175,307,28,343,116,701,82,679,88,739,193,726,498,136,429,502,612,705,290,233,525,351,112,457,169,165,53,408,92,368,443,451,715,119,44,3,587,626,340,152,159,305,254,486,638,377,515,280,428,129,73,410,263,447,157,35,189,667,716,633,97,727,360,387,472,186,734,336,29,294,456,321,292,345,10,349,547,524,156,273,629,109,221,450,729,338,640,1,198,284,714,401,497,675,143,398,65,237,295,257,288,311,289,177,444,71,686,632,51,0,231,227,735,142,440,687,286,556,441,737,555,625,636,236,154,210,79,553,332,469,243,563,695,605,699,630,648,562,246,68,411,301,599,484,406,48,496,520,581,644,380,426,133,300,59,277,565,439,146,608,488,561,114,304,202,674,741,454,473,722,151,505,329,87,616,262,702,721,32,2,470,184,596,164,302,658,434,545,371,397,662,409,597,448,576,145,330,678,350,586,125,24,101,601,181,275,75,508,204,403,303,25,89,653,579,399,659,623,546,238,582,144,407,269,127,393,382,475,663,55,108,132,400,507,620,370,594,593,149,172,170,493,45,535,102,610,657,732,220,319,203,442,681,575,624,39,23,713,425,646,690,655,268,673,542,733,255,356,661,190,438,247,514,50,592,474,115,386,694,489,61,402,271,384,199,174,134,355,698,697,137,293,700,672,352,337,437,297,479,194,252,649,314,339,46,494,550,122,226,709,522,261,564,225,309,232,11,358,647,99,256,86,512,264,117,405,396,306,389,278,459,634,375,153,298,222,530,617,266,536,390,598,574,478,215,81,16,381,346,669,392,367,421,30,503,500,93,745,276,248,103,641,665,299,27,385,259,677,17,100,643,688,211,420,554,84,251,296,274,374,639,490,395,376,383,20,195,121,529,566,52,544,436,651,584,510,717,209,253,107,19,182,70,344,191,313,315,588,188,348,483,615,22,265,560,531,7,4,185,523,287,168,637,318,56,139,38,689,120,583,692,76,577,491,33,308,413,62,180,570,334,707,42,9,197,166,150,363,708,485,650,91,541,18,326,90,110,281,179,40,328,654,569,680,558,606,595,333,533,693,96,521,725,239,74,283,481,135,513,13,155,430,511,201,538,539,706,526,216,192,126,423,419,412,270,465,540,235,422,468,518,212,15,310,250,578,77,618,123,36,492,740,635,611,128,388,63,744,559,495,21,682,645,656,34,41,549,509,364,316,627,162,719,609,613,58,504,671,517,660,607,602,445,743,244,178,499,312,206,433,78,416,460,728,217,464,322,230,373,161,427,534,455,372,49,219,361,67,417,320,6,241,424,158,229,452,742,5,196,668,124,260,72,704,234,242,85,466,712,453,80,354,272,467,378,240,365,291,394,98,527,366,703,477,691,572,147,590,66,94,183,603,8,567,471,749,258,720,324,64,628,359,476,31,585,519,557,353,323,224,683,723,724,163,501,207,342,619,516,141,551,449,652,325,111,69,171,12,218,187,573,568,208,589,14,60,
165,76.0760383605957,163170.73453893233,159697.93075383632,160,738,696,249,331,148,730,684,105,214,746,131,43,223,279,176,106,631,57,317,327,642,532,245,282,731,26,391,458,670,140,480,446,130,622,736,685,200,362,37,431,335,718,591,95,104,54,600,463,664,138,571,487,621,418,285,113,461,228,379,537,548,580,506,552,213,614,369,543,676,435,341,267,748,47,118,167,83,414,347,462,528,173,357,432,710,415,711,604,747,205,404,666,482,175,307,28,343,116,701,82,679,88,739,193,726,498,136,429,502,612,705,290,233,525,351,112,457,169,165,53,408,92,368,443,451,715,119,44,3,587,626,340,152,159,305,254,486,638,377,515,280,428,129,73,410,263,447,157,35,189,667,716,633,97,727,360,387,472,186,734,336,29,294,456,321,292,345,10,349,547,524,156,273,629,109,221,450,729,338,640,1,198,284,714,401,497,675,143,398,65,237,295,257,288,311,289,177,444,71,686,632,51,0,231,227,735,142,440,687,286,556,441,737,555,625,636,236,154,210,79,553,332,469,243,563,695,605,699,630,648,562,246,68,411,301,599,484,406,48,496,520,581,644,380,426,133,300,59,277,565,439,146,608,488,561,114,304,202,674,741,454,473,722,151,505,329,87,616,262,702,721,32,2,470,184,596,164,302,658,434,545,371,397,662,409,597,448,576,145,330,678,350,586,125,24,101,601,181,275,75,508,204,403,303,25,89,653,579,399,659,623,546,238,582,144,407,269,127,393,382,475,663,55,108,132,400,507,620,370,594,593,149,172,170,493,45,535,102,610,657,732,220,319,203,442,681,575,624,39,23,713,425,646,690,655,268,673,542,733,255,356,661,190,438,247,514,50,592,474,115,386,694,489,61,402,271,384,199,174,134,355,698,697,137,293,700,672,352,337,437,297,479,194,252,649,314,339,46,494,550,122,226,709,522,261,564,225,309,232,11,358,647,99,256,86,512,264,117,405,396,306,389,278,459,634,375,153,298,222,530,617,266,536,390,598,574,478,215,81,16,381,346,669,392,367,421,30,503,500,93,745,276,248,103,641,665,299,27,385,259,677,17,100,643,688,211,420,554,84,251,296,274,374,639,490,395,376,383,20,195,121,529,566,52,544,436,651,584,510,717,209,253,107,19,182,70,344,191,313,315,588,188,348,483,615,22,265,560,7,4,531,185,523,287,168,637,318,56,139,38,689,120,583,692,76,577,491,33,308,413,62,180,570,334,707,42,9,197,166,150,363,708,485,650,91,541,18,326,90,110,281,179,40,328,654,569,680,558,606,595,333,533,693,96,521,725,239,74,283,481,135,513,13,155,430,511,201,538,539,706,526,216,192,126,423,419,412,270,465,540,235,422,468,518,212,15,310,250,578,77,618,123,36,492,740,635,611,128,388,63,744,559,495,21,682,645,656,34,41,549,509,364,316,627,162,719,609,613,58,504,671,517,660,607,602,445,743,244,178,499,312,206,433,78,416,460,728,217,464,322,230,373,161,427,534,455,372,49,219,361,67,417,320,6,241,424,158,229,452,742,5,196,668,124,260,72,704,234,242,85,466,712,453,80,354,272,467,378,240,365,291,394,98,527,366,703,477,691,572,147,590,66,94,183,603,8,567,471,749,258,720,324,64,628,359,476,31,585,519,557,353,323,224,683,723,724,163,501,207,342,619,516,141,551,449,652,325,111,69,171,12,218,187,573,568,208,589,14,60,
166,76.70358037948608,165223.1198969724,159692.0715098637,160,738,696,249,331,148,730,684,105,214,746,131,43,223,279,176,106,631,57,317,327,642,532,245,282,731,26,391,458,670,140,480,446,130,622,736,685,200,362,37,431,335,718,591,95,104,54,600,463,664,138,571,487,621,418,285,113,461,228,379,537,548,580,506,552,213,614,369,543,676,435,341,267,748,47,118,167,83,414,347,462,528,173,357,432,710,415,711,604,747,205,404,666,482,175,307,28,343,116,701,82,679,88,739,193,726,498,136,429,502,612,705,290,233,525,351,112,457,169,165,53,408,92,368,443,451,715,119,44,3,587,626,340,152,159,305,254,486,638,377,515,280,428,129,73,410,263,447,157,35,189,667,716,633,97,727,360,387,472,186,734,336,29,294,456,321,292,345,10,349,547,524,156,273,629,109,221,450,729,338,640,1,198,284,714,401,497,675,143,398,65,237,295,257,288,311,289,177,444,71,686,632,51,0,231,227,735,142,440,687,286,556,441,737,555,625,636,154,236,210,79,553,332,469,243,563,695,605,699,630,648,562,246,68,411,301,599,484,406,48,496,520,581,644,380,426,133,300,59,277,565,439,146,608,488,561,114,304,202,674,741,454,473,722,151,505,329,87,616,262,702,721,32,2,470,184,596,164,302,658,434,545,371,397,662,409,597,448,576,145,330,678,350,586,125,24,101,601,181,275,75,508,204,403,303,25,89,653,579,399,659,623,546,238,582,144,407,269,127,393,382,475,663,55,108,132,400,507,620,370,594,593,149,172,170,493,45,535,102,610,657,732,220,319,203,442,681,575,624,39,23,713,425,646,690,655,268,673,542,733,255,356,661,190,438,247,514,50,592,474,115,386,694,489,61,402,271,384,199,174,134,355,698,697,137,293,700,672,352,337,437,297,479,194,252,649,314,339,46,494,550,122,226,709,522,261,564,225,309,232,11,358,647,99,256,86,512,264,117,405,396,306,389,278,459,634,375,153,298,222,530,617,266,536,390,598,574,478,215,81,16,381,346,669,392,367,421,30,503,500,93,745,276,248,103,641,665,299,27,385,259,677,17,100,643,688,211,420,554,84,251,296,274,374,639,490,395,376,383,20,195,121,529,566,52,544,436,651,584,510,717,209,253,107,19,182,70,344,191,313,315,588,188,348,483,615,22,265,560,7,4,531,185,523,287,168,637,318,56,139,38,689,120,583,692,76,577,491,33,308,413,62,180,570,334,707,42,9,197,166,150,363,708,485,650,91,541,18,326,90,110,281,179,40,328,654,569,680,558,606,595,333,533,693,96,521,725,239,74,283,481,135,513,13,155,430,511,201,538,539,706,526,216,192,126,423,419,412,270,465,540,235,422,468,518,212,15,310,250,578,77,618,123,36,492,740,635,611,128,388,63,744,559,495,21,682,645,656,34,41,549,509,364,316,627,162,719,609,613,58,504,671,517,660,607,602,445,743,244,178,499,312,206,433,78,416,460,728,217,464,322,230,373,161,427,534,455,372,49,219,361,67,417,320,6,241,424,158,229,452,742,5,196,668,124,260,72,704,234,242,85,466,712,453,80,354,272,467,378,240,365,291,394,98,527,366,703,477,691,572,147,590,66,94,183,603,8,567,471,749,258,720,324,64,628,359,476,31,585,519,557,353,323,224,683,723,724,163,501,207,342,619,516,141,551,449,652,325,111,69,171,12,218,187,573,568,208,589,14,60,
167,77.41179037094116,164311.68875947443,159686.90296584406,160,738,696,249,331,148,730,684,105,214,746,131,43,223,279,176,106,631,57,317,327,642,532,245,282,731,26,391,458,670,140,480,446,130,622,736,685,200,362,37,431,335,718,591,95,104,54,600,463,664,138,571,487,621,418,285,113,461,228,379,537,548,580,506,552,213,614,369,543,676,435,341,267,748,47,118,167,83,414,347,462,528,173,357,432,710,415,711,604,747,205,404,666,482,175,307,28,343,116,701,82,679,88,739,193,726,498,136,429,502,612,705,290,233,525,351,112,457,169,165,53,408,92,368,443,451,715,119,44,3,587,626,340,152,159,305,254,486,638,377,515,280,428,129,73,410,263,447,157,35,189,667,716,633,97,727,360,387,472,186,734,336,29,294,456,321,292,345,10,349,547,524,156,273,629,109,221,450,729,338,640,1,198,284,714,401,497,675,143,398,65,237,295,257,288,311,289,177,444,71,686,632,51,0,231,227,735,142,440,687,286,556,441,737,555,625,636,154,236,210,79,553,332,469,243,563,695,605,699,630,648,562,246,68,411,301,599,484,406,48,496,520,581,644,380,426,133,300,59,277,565,439,146,608,488,561,114,304,202,674,741,454,473,722,151,505,329,87,616,262,702,721,32,2,470,184,596,164,302,658,434,545,371,397,662,409,597,448,576,145,330,678,350,586,125,24,101,601,181,275,75,508,204,403,303,25,89,653,579,399,659,623,546,238,582,144,407,269,127,393,382,475,663,55,108,132,400,507,620,370,594,593,149,172,170,493,45,535,102,610,657,732,220,319,203,442,681,575,624,39,23,713,425,646,690,655,268,673,542,733,255,356,661,190,438,247,514,50,592,474,115,386,694,489,61,402,271,384,199,174,134,355,698,697,137,293,700,672,352,337,437,297,479,194,252,649,314,339,46,494,550,122,226,709,522,261,564,225,309,232,11,358,647,99,256,86,512,264,117,405,396,306,389,278,459,634,153,298,222,375,530,617,266,536,390,598,574,478,215,81,16,381,346,669,392,367,421,30,503,500,93,745,276,248,103,641,665,299,27,385,259,677,17,100,643,688,211,420,554,84,251,296,274,374,639,490,395,376,383,20,195,121,529,566,52,544,436,651,584,510,717,209,253,107,19,182,70,344,191,313,315,588,188,348,483,615,22,265,560,7,4,531,185,523,287,168,637,318,56,139,38,689,120,583,692,76,577,491,33,308,413,62,180,570,334,707,42,9,197,166,150,363,708,485,650,91,541,18,326,90,110,281,179,40,328,654,569,680,558,606,595,333,533,693,96,521,725,239,74,283,481,135,513,13,155,430,511,201,538,539,706,526,216,192,126,423,419,412,270,465,540,235,422,468,518,212,15,310,250,578,77,618,123,36,492,740,635,611,128,388,63,744,559,495,21,682,645,656,34,41,549,509,364,316,627,162,719,609,613,58,504,671,517,660,607,602,445,743,244,178,499,312,206,433,78,416,460,728,217,464,322,230,373,161,427,534,455,372,49,219,361,67,417,320,6,241,424,158,229,452,742,5,196,668,124,260,72,704,234,242,85,466,712,453,80,354,272,467,378,240,365,291,394,98,527,366,703,477,691,572,147,590,66,94,183,603,8,567,471,749,258,720,324,64,628,359,476,31,585,519,557,353,323,224,683,723,724,163,501,207,342,619,516,141,551,449,652,325,111,69,171,12,218,187,573,568,208,589,14,60,
168,77.92599511146545,163289.9487485741,159679.92035920764,160,738,696,249,331,148,730,684,105,214,746,131,43,223,279,176,106,631,57,317,327,642,532,245,282,731,26,391,458,670,140,480,446,130,622,736,685,200,362,37,431,335,718,591,95,104,54,600,463,664,138,571,487,621,418,285,113,461,228,379,537,548,580,506,552,213,614,369,543,676,435,341,267,748,47,118,167,83,414,347,462,528,173,357,432,710,415,711,604,747,205,404,666,482,175,307,28,343,116,701,82,679,88,739,193,726,498,136,429,502,612,705,290,233,525,351,112,457,169,165,53,408,92,368,443,451,715,119,44,3,587,626,340,152,159,305,254,486,638,377,515,280,428,129,73,410,263,447,157,35,189,667,716,633,97,727,360,387,472,186,734,336,29,294,456,321,292,345,10,349,547,524,156,273,629,109,221,450,729,338,640,1,198,284,714,401,497,675,143,398,65,237,295,257,288,311,289,177,444,71,686,632,51,0,231,227,735,142,440,687,286,556,441,737,555,625,636,154,236,210,79,553,332,469,243,563,695,605,699,630,648,562,246,68,411,301,599,484,406,48,496,520,581,644,380,426,133,300,59,277,565,439,146,608,488,561,114,304,202,674,741,454,473,722,151,505,329,87,616,262,702,721,32,2,470,184,596,164,302,658,434,545,371,397,662,409,597,448,576,145,330,678,350,586,125,24,101,601,181,275,75,508,204,403,303,25,89,653,579,399,659,623,546,238,582,144,407,269,127,393,382,475,663,55,108,132,400,507,620,370,594,593,149,172,170,493,45,535,102,610,657,732,220,319,203,442,681,575,624,39,23,713,425,646,690,655,268,673,542,733,255,356,661,190,438,247,514,50,592,474,115,386,694,489,61,402,271,384,199,174,134,355,698,697,137,293,700,672,352,337,437,297,479,194,252,649,314,339,46,494,550,122,226,709,522,261,564,225,309,232,11,358,647,99,256,86,512,264,117,405,396,306,389,278,459,634,298,222,153,375,530,617,266,536,390,598,574,478,215,81,16,381,346,669,392,367,421,30,503,500,93,745,276,248,103,641,665,299,27,385,259,677,17,100,643,688,211,420,554,84,251,296,274,374,639,490,395,376,383,20,195,121,529,566,52,544,436,651,584,510,717,209,253,107,19,182,70,344,191,313,315,588,188,348,483,615,22,265,560,7,4,531,185,523,287,168,637,318,56,139,38,689,120,583,692,76,577,491,33,308,413,62,180,570,334,707,42,9,197,166,150,363,708,485,650,91,541,18,326,90,110,281,179,40,328,654,569,680,558,606,595,333,533,693,96,521,725,239,74,283,481,135,513,13,155,430,511,201,538,539,706,526,216,192,126,423,419,412,270,465,540,235,422,468,518,212,15,310,250,578,77,618,123,36,492,740,635,611,128,388,63,744,559,495,21,682,645,656,34,41,549,509,364,316,627,162,719,609,613,58,504,671,517,660,607,602,445,743,244,178,499,312,206,433,78,416,460,728,217,464,322,230,373,161,427,534,455,372,49,219,361,67,417,320,6,241,424,158,229,452,742,5,196,668,124,260,72,704,234,242,85,466,712,453,80,354,272,467,378,240,365,291,394,98,527,366,703,477,691,572,147,590,66,94,183,603,8,567,471,749,258,720,324,64,628,359,476,31,585,519,557,353,323,224,683,723,724,163,501,207,342,619,516,141,551,449,652,325,111,69,171,12,218,187,573,568,208,589,14,60,
169,78.5163037776947,162343.24974887184,159662.73277696152,506,552,213,614,369,543,676,435,341,267,748,47,118,167,83,414,347,462,528,173,357,432,710,415,711,604,747,205,404,666,482,175,307,28,343,116,701,82,679,88,739,193,726,498,136,429,502,612,705,290,233,525,351,112,457,169,165,53,408,92,368,443,451,715,119,44,3,587,626,340,152,159,305,254,486,638,377,515,280,428,129,73,410,263,447,157,35,189,667,716,633,97,727,360,387,472,186,734,336,29,294,456,321,292,345,10,349,547,524,156,273,629,109,221,450,729,338,640,1,198,284,714,401,497,675,143,398,65,237,295,257,288,311,289,177,444,71,686,632,51,0,231,227,735,142,440,687,286,556,441,737,555,625,636,236,154,210,79,553,332,469,243,563,695,605,699,630,648,562,246,68,411,301,599,484,406,48,496,520,581,644,380,426,133,300,59,277,565,439,146,608,488,561,114,304,202,674,741,454,473,722,151,505,329,87,616,262,702,721,32,2,470,184,596,164,302,658,434,545,371,397,662,409,597,448,576,145,330,678,350,586,125,24,101,601,181,275,75,508,204,403,303,25,89,653,579,399,659,623,546,238,582,144,407,269,127,393,382,475,663,55,108,132,400,507,620,370,594,593,149,172,170,493,45,535,102,610,657,732,220,319,203,442,681,575,624,39,23,713,425,646,690,655,268,673,542,733,255,356,661,190,438,247,514,50,592,474,115,386,694,489,61,402,271,384,199,174,134,355,698,697,137,293,700,672,352,337,437,297,479,194,252,649,314,339,46,494,550,226,122,709,522,261,564,225,309,232,11,358,647,99,256,86,512,264,117,405,396,306,389,278,459,634,298,222,153,375,530,617,266,536,390,598,574,478,215,81,16,381,346,669,392,367,421,30,503,500,93,745,276,248,103,641,665,299,27,385,259,677,17,100,643,688,211,420,554,84,251,296,274,374,639,490,395,376,383,20,195,121,529,566,52,544,436,651,584,510,717,209,253,107,19,182,70,344,191,313,315,588,188,348,483,615,22,265,560,7,4,531,185,523,287,168,637,318,56,139,38,689,120,583,692,76,577,491,33,308,413,62,180,570,334,707,42,9,197,166,150,363,708,485,650,91,541,18,326,90,110,281,41,179,40,328,654,569,680,558,606,595,333,533,693,96,521,725,239,74,283,481,135,513,13,155,430,511,201,538,539,706,526,216,192,126,423,419,412,270,34,656,465,540,235,422,468,518,212,250,578,77,15,310,618,123,36,492,740,635,611,128,388,63,744,559,495,21,682,645,549,509,364,316,627,162,719,609,613,58,504,671,517,660,607,602,445,743,244,178,499,312,206,433,78,416,460,728,217,464,322,230,373,161,427,534,455,372,49,219,361,67,417,320,6,241,424,158,229,452,742,5,196,668,124,260,72,704,234,242,85,466,712,453,80,354,272,467,378,240,365,291,394,98,527,366,703,477,691,572,147,590,66,94,183,603,8,567,471,749,258,720,324,64,628,359,476,31,585,519,557,353,323,224,683,723,724,163,501,207,342,619,516,141,551,449,652,325,111,69,171,12,218,187,573,568,208,589,14,60,160,738,696,249,331,148,730,684,105,214,746,131,43,223,279,176,106,631,57,317,327,642,532,245,282,731,26,391,458,670,140,480,446,130,622,736,685,200,362,37,431,335,718,591,95,104,54,600,463,664,138,571,487,621,418,285,113,461,228,379,537,548,580,
170,78.95355248451233,163369.07287033656,159656.8735329889,506,552,213,614,369,543,676,435,341,267,748,47,118,167,83,414,347,462,528,173,357,432,710,415,711,604,747,205,404,666,482,175,307,28,343,116,701,82,679,88,739,193,726,498,136,429,502,612,705,290,233,525,351,112,457,169,165,53,408,92,368,443,451,715,119,44,3,587,626,340,152,159,305,254,486,638,377,515,280,428,129,73,410,263,447,157,35,189,667,716,633,97,727,360,387,472,186,734,336,29,294,456,321,292,345,10,349,547,524,156,273,629,109,221,450,729,338,640,1,198,284,714,401,497,675,143,398,65,237,295,257,288,311,289,177,444,71,686,632,51,0,231,227,735,142,440,687,286,556,441,737,555,625,636,154,236,210,79,553,332,469,243,563,695,605,699,630,648,562,246,68,411,301,599,484,406,48,496,520,581,644,380,426,133,300,59,277,565,439,146,608,488,561,114,304,202,674,741,454,473,722,151,505,329,87,616,262,702,721,32,2,470,184,596,164,302,658,434,545,371,397,662,409,597,448,576,145,330,678,350,586,125,24,101,601,181,275,75,508,204,403,303,25,89,653,579,399,659,623,546,238,582,144,407,269,127,393,382,475,663,55,108,132,400,507,620,370,594,593,149,172,170,493,45,535,102,610,657,732,220,319,203,442,681,575,624,39,23,713,425,646,690,655,268,673,542,733,255,356,661,190,438,247,514,50,592,474,115,386,694,489,61,402,271,384,199,174,134,355,698,697,137,293,700,672,352,337,437,297,479,194,252,649,314,339,46,494,550,226,122,709,522,261,564,225,309,232,11,358,647,99,256,86,512,264,117,405,396,306,389,278,459,634,298,222,153,375,530,617,266,536,390,598,574,478,215,81,16,381,346,669,392,367,421,30,503,500,93,745,276,248,103,641,665,299,27,385,259,677,17,100,643,688,211,420,554,84,251,296,274,374,639,490,395,376,383,20,195,121,529,566,52,544,436,651,584,510,717,209,253,107,19,182,70,344,191,313,315,588,188,348,483,615,22,265,560,7,4,531,185,523,287,168,637,318,56,139,38,689,120,583,692,76,577,491,33,308,413,62,180,570,334,707,42,9,197,166,150,363,708,485,650,91,541,18,326,90,110,281,41,179,40,328,654,569,680,558,606,595,333,533,693,96,521,725,239,74,283,481,135,513,13,155,430,511,201,538,539,706,526,216,192,126,423,419,412,270,34,656,465,540,235,422,468,518,212,250,578,77,15,310,618,123,36,492,740,635,611,128,388,63,744,559,495,21,682,645,549,509,364,316,627,162,719,609,613,58,504,671,517,660,607,602,445,743,244,178,499,312,206,433,78,416,460,728,217,464,322,230,373,161,427,534,455,372,49,219,361,67,417,320,6,241,424,158,229,452,742,5,196,668,124,260,72,704,234,242,85,466,712,453,80,354,272,467,378,240,365,291,394,98,527,366,703,477,691,572,147,590,66,94,183,603,8,567,471,749,258,720,324,64,628,359,476,31,585,519,557,353,323,224,683,723,724,163,501,207,342,619,516,141,551,449,652,325,111,69,171,12,218,187,573,568,208,589,14,60,160,738,696,249,331,148,730,684,105,214,746,131,43,223,279,176,106,631,57,317,327,642,532,245,282,731,26,391,458,670,140,480,446,130,622,736,685,200,362,37,431,335,718,591,95,104,54,600,463,664,138,571,487,621,418,285,113,461,228,379,537,548,580,
171,79.43145322799683,163770.3854156538,159652.53206612635,506,552,213,614,369,543,676,435,341,267,748,47,118,167,83,414,347,462,528,173,357,432,710,415,711,604,747,205,404,666,482,175,307,28,343,116,701,82,679,88,739,193,726,498,136,429,502,612,705,290,233,525,351,112,457,169,165,53,408,92,368,443,451,715,119,44,3,587,626,340,152,159,305,254,486,638,377,515,280,428,129,73,410,263,447,157,35,189,667,716,633,97,727,360,472,387,186,734,336,29,294,456,321,292,345,10,349,547,524,156,273,629,109,221,450,729,338,640,1,198,284,714,401,497,675,143,398,65,237,295,257,288,311,289,177,444,71,686,632,51,0,231,227,735,142,440,687,286,556,441,737,555,625,636,154,236,210,79,553,332,469,243,563,695,605,699,630,648,562,246,68,411,301,599,484,406,48,496,520,581,644,380,426,133,300,59,277,565,439,146,608,488,561,114,304,202,674,741,454,473,722,151,505,329,87,616,262,702,721,32,2,470,184,596,164,302,658,434,545,371,397,662,409,597,448,576,145,330,678,350,586,125,24,101,601,181,275,75,508,204,403,303,25,89,653,579,399,659,623,546,238,582,144,407,269,127,393,382,475,663,55,108,132,400,507,620,370,594,593,149,172,170,493,45,535,102,610,657,732,220,319,203,442,681,575,624,39,23,713,425,646,690,655,268,673,542,733,255,356,661,190,438,247,514,50,592,474,115,386,694,489,61,402,271,384,199,174,134,355,698,697,137,293,700,672,352,337,437,297,479,194,252,649,314,339,46,494,550,226,122,709,522,261,564,225,309,232,11,358,647,99,256,86,512,264,117,405,396,306,389,278,459,634,298,222,153,375,530,617,266,536,390,598,574,478,215,81,16,381,346,669,392,367,421,30,503,500,93,745,276,248,103,641,665,299,27,385,259,677,17,100,643,688,211,420,554,84,251,296,274,374,639,490,395,376,383,20,195,121,529,566,52,544,436,651,584,510,717,209,253,107,19,182,70,344,191,313,315,588,188,348,483,615,22,265,560,7,4,531,185,523,287,168,637,318,56,139,38,689,120,583,692,76,577,491,33,308,413,62,180,570,334,707,42,9,197,166,150,363,708,485,650,91,541,18,326,90,110,281,41,179,40,328,654,569,680,558,606,595,333,533,693,96,521,725,239,74,283,481,135,513,13,155,430,511,201,538,539,706,526,216,192,126,423,419,412,270,34,656,465,540,235,422,468,518,212,250,578,77,15,310,618,123,36,492,740,635,611,128,388,63,744,559,495,21,682,645,549,509,364,316,627,162,719,609,613,58,504,671,517,660,607,602,445,743,244,178,499,312,206,433,78,416,460,728,217,464,322,230,373,161,427,534,455,372,49,219,361,67,417,320,6,241,424,158,229,452,742,5,196,668,124,260,72,704,234,242,85,466,712,453,80,354,272,467,378,240,365,291,394,98,527,366,703,477,691,572,147,590,66,94,183,603,8,567,471,749,258,720,324,64,628,359,476,31,585,519,557,353,323,224,683,723,724,163,501,207,342,619,516,141,551,449,652,325,111,69,171,12,218,187,573,568,208,589,14,60,160,738,696,249,331,148,730,684,105,214,746,131,43,223,279,176,106,631,57,317,327,642,532,245,282,731,26,391,458,670,140,480,446,130,622,736,685,200,362,37,431,335,718,591,95,104,54,600,463,664,138,571,487,621,418,285,113,461,228,379,537,548,580,
172,79.87695646286011,163391.45691324456,159649.34868791082,506,552,213,614,369,543,676,435,341,267,748,47,118,167,83,414,347,462,528,173,357,432,710,415,711,604,747,205,404,666,482,175,307,28,343,116,701,82,679,88,739,193,726,498,136,429,502,612,705,290,233,525,351,112,457,169,165,53,408,92,368,443,451,715,119,44,3,587,626,340,152,159,305,254,486,638,377,515,280,428,129,73,410,263,447,157,35,189,667,716,633,97,727,360,472,387,186,734,336,29,294,456,321,292,345,524,10,349,547,156,273,629,109,221,450,729,338,640,1,198,284,714,401,497,675,143,398,65,237,295,257,288,311,289,177,444,71,686,632,51,0,231,227,735,142,440,687,286,556,441,737,555,625,636,154,236,210,79,553,332,469,243,563,695,605,699,630,648,562,246,68,411,301,599,484,406,48,496,520,581,644,380,426,133,300,59,277,565,439,146,608,488,561,114,304,202,674,741,454,473,722,151,505,329,87,616,262,702,721,32,2,470,184,596,164,302,658,434,545,371,397,662,409,597,448,576,145,330,678,350,586,125,24,101,601,181,275,75,508,204,403,303,25,89,653,579,399,659,623,546,238,582,144,407,269,127,393,382,475,663,55,108,132,400,507,620,370,594,593,149,172,170,493,45,535,102,610,657,732,220,319,203,442,681,575,624,39,23,713,425,646,690,655,268,673,542,733,255,356,661,190,438,247,514,50,592,474,115,386,694,489,61,402,271,384,199,174,134,355,698,697,137,293,700,672,352,337,437,297,479,194,252,649,314,339,46,494,550,226,122,709,522,261,564,225,309,232,11,358,647,99,256,86,512,264,117,405,396,306,389,278,459,634,298,222,153,375,530,617,266,536,390,598,574,478,215,81,16,381,346,669,392,367,421,30,503,500,93,745,276,248,103,641,665,299,27,385,259,677,17,100,643,688,211,420,554,84,251,296,274,374,639,490,395,376,383,20,195,121,529,566,52,544,436,651,584,510,717,209,253,107,19,182,70,344,191,313,315,588,188,348,483,615,22,265,560,7,4,531,185,523,287,168,637,318,56,139,38,689,120,583,692,76,577,491,33,308,413,62,180,570,334,707,42,9,197,166,150,363,708,485,650,91,541,18,326,90,110,281,41,179,40,328,654,569,680,558,606,595,333,533,693,96,521,725,239,74,283,481,135,513,13,155,430,511,201,538,539,706,526,216,192,126,423,419,412,270,34,656,465,540,235,422,468,518,212,250,578,77,15,310,618,123,36,492,740,635,611,128,388,63,744,559,495,21,682,645,549,509,364,316,627,162,719,609,613,58,504,671,517,660,607,602,445,743,244,178,499,312,206,433,78,416,460,728,217,464,322,230,373,161,427,534,455,372,49,219,361,67,417,320,6,241,424,158,229,452,742,5,196,668,124,260,72,704,234,242,85,466,712,453,80,354,272,467,378,240,365,291,394,98,527,366,703,477,691,572,147,590,66,94,183,603,8,567,471,749,258,720,324,64,628,359,476,31,585,519,557,353,323,224,683,723,724,163,501,207,342,619,516,141,551,449,652,325,111,69,171,12,218,187,573,568,208,589,14,60,160,738,696,249,331,148,730,684,105,214,746,131,43,223,279,176,106,631,57,317,327,642,532,245,282,731,26,391,458,670,140,480,446,130,622,736,685,200,362,37,431,335,718,591,95,104,54,600,463,664,138,571,487,621,418,285,113,461,228,379,537,548,580,
173,80.33880281448364,162037.92848515802,159647.37675949786,506,552,213,614,369,543,676,435,341,267,748,47,118,167,83,414,347,462,528,173,357,432,710,415,711,604,747,205,404,666,482,175,307,28,343,116,701,82,679,88,739,193,726,498,136,429,502,612,290,233,525,351,112,457,169,165,53,408,92,368,443,451,715,119,44,3,587,626,340,152,159,305,254,486,638,377,515,280,428,129,73,410,263,447,157,35,189,667,716,633,97,727,360,472,387,186,734,336,29,294,456,321,292,345,524,10,349,547,156,273,629,109,221,450,729,338,640,1,198,284,714,401,497,675,143,398,65,237,295,257,288,311,289,177,444,71,686,632,51,0,231,227,735,142,440,687,286,556,441,737,555,625,636,154,236,210,79,553,332,469,243,563,695,605,699,630,648,562,246,68,411,301,599,484,406,48,496,520,581,644,380,426,133,300,59,277,565,439,146,608,488,561,114,304,202,674,741,454,473,722,151,505,329,87,616,262,702,721,32,2,470,184,596,164,302,658,434,545,371,397,662,409,597,448,576,145,330,678,350,586,125,24,101,601,181,275,75,508,204,403,303,25,89,653,579,399,659,623,546,238,582,144,407,269,127,393,382,475,663,55,108,132,400,507,620,370,594,593,149,172,170,493,45,535,102,610,657,732,220,319,203,442,681,575,624,39,23,713,425,646,690,655,268,673,542,733,255,356,661,190,438,247,514,50,592,474,115,386,694,489,61,402,271,384,199,174,134,355,698,697,137,293,700,672,352,337,437,297,479,194,252,649,314,339,46,494,550,226,122,709,522,261,564,225,309,232,11,358,647,99,256,86,512,264,117,405,396,306,389,278,459,634,298,222,153,375,530,617,266,536,390,598,574,478,215,81,16,381,346,669,392,367,421,30,503,500,93,745,276,248,103,641,665,299,27,385,259,677,17,100,643,688,211,420,554,84,251,296,274,374,639,490,395,376,383,20,195,121,529,566,52,544,436,651,584,510,717,209,253,107,19,182,70,344,191,313,315,588,188,348,483,615,22,265,560,7,4,531,185,523,287,168,637,318,56,139,38,689,120,583,692,76,577,491,33,308,413,62,180,570,334,707,42,9,197,166,150,363,708,485,650,91,541,18,326,90,110,281,41,179,40,328,654,569,680,558,606,595,333,533,693,96,521,725,239,74,283,481,135,513,13,155,430,511,201,538,539,706,526,216,192,126,423,419,412,270,34,656,465,540,235,422,468,518,212,250,578,77,15,310,618,123,36,492,740,635,611,128,388,63,744,559,495,21,682,645,549,509,364,316,627,162,719,609,613,58,504,671,517,660,607,602,445,743,244,178,499,312,206,433,78,416,460,728,217,464,322,230,373,161,427,534,455,372,49,219,361,67,417,320,6,241,424,158,229,452,742,5,196,668,124,260,72,704,234,242,85,466,712,453,80,354,272,467,378,240,365,291,394,98,527,366,703,477,691,572,147,590,66,94,183,603,8,567,471,749,258,720,324,64,628,359,476,31,585,519,557,353,323,224,683,723,724,163,501,207,342,619,516,141,551,449,652,325,111,69,171,705,12,218,187,573,568,208,589,14,60,160,738,696,249,331,148,730,684,105,214,746,131,43,223,279,176,106,631,57,317,327,642,532,245,282,731,26,391,458,670,140,480,446,130,622,736,685,200,362,37,431,335,718,591,95,104,54,600,463,664,138,571,487,621,418,285,113,461,228,379,537,548,580,
174,80.75719022750854,163482.07607501507,159645.82660467102,506,552,213,614,369,543,676,435,341,267,748,47,118,167,83,414,347,462,528,173,357,432,710,415,711,604,747,205,404,666,482,175,307,28,343,116,701,82,679,88,739,193,726,498,136,429,502,612,290,233,525,351,112,457,169,165,53,408,92,368,443,451,715,119,44,3,587,626,340,152,159,305,254,486,638,377,515,280,428,129,73,410,263,447,157,35,189,667,716,633,97,727,360,472,387,186,734,336,29,294,456,321,292,345,524,10,349,547,156,273,629,109,221,450,729,338,640,1,198,284,714,401,497,675,143,398,65,237,295,257,288,311,289,177,444,71,686,632,51,0,231,227,735,142,440,687,286,556,441,737,555,625,636,154,236,210,79,553,332,469,243,563,695,605,699,630,648,562,246,68,411,301,599,484,406,48,496,520,581,644,380,426,133,300,59,277,565,439,146,608,488,561,114,304,202,674,741,454,473,722,151,505,329,87,616,262,702,721,32,2,470,184,596,164,302,658,434,545,371,397,662,409,597,448,576,145,330,678,350,586,125,24,101,601,181,275,75,508,204,403,303,25,89,653,579,399,659,623,546,238,582,144,407,269,127,393,382,475,663,55,108,132,400,507,620,370,594,593,149,172,170,493,45,535,102,610,657,732,220,319,203,442,681,575,624,39,23,713,425,646,690,655,268,673,542,733,255,356,661,190,438,247,514,50,592,474,115,386,694,489,61,402,271,384,199,174,134,355,698,697,137,293,700,672,352,337,437,297,479,194,252,649,314,339,46,494,550,226,122,709,522,261,564,225,309,232,11,358,647,99,256,86,512,264,117,405,396,306,389,278,459,634,298,222,153,375,530,617,266,536,390,598,574,478,215,81,16,381,346,669,392,367,421,30,503,500,93,745,276,248,103,641,665,299,27,385,259,677,17,100,643,688,211,420,554,84,251,296,274,374,639,490,395,376,383,20,195,121,529,566,52,544,436,651,584,510,717,209,253,107,19,182,70,344,191,313,315,588,188,348,483,615,22,265,560,7,4,531,185,523,287,168,637,318,56,139,38,689,120,583,692,76,577,491,33,308,413,62,180,570,334,707,42,9,197,166,150,363,708,485,650,91,541,18,326,90,110,281,41,179,40,328,654,569,680,558,606,595,333,533,693,96,521,725,239,74,283,481,135,513,13,155,430,511,201,538,539,706,526,216,192,126,423,412,419,270,34,656,465,540,235,422,468,518,212,250,578,77,15,310,618,123,36,492,740,635,611,128,388,63,744,559,495,21,682,645,549,509,364,316,627,162,719,609,613,58,504,671,517,660,607,602,445,743,244,178,499,312,206,433,78,416,460,728,217,464,322,230,373,161,427,534,455,372,49,219,361,67,417,320,6,241,424,158,229,452,742,5,196,668,124,260,72,704,234,242,85,466,712,453,80,354,272,467,378,240,365,291,394,98,527,366,703,477,691,572,147,590,66,94,183,603,8,567,471,749,258,720,324,64,628,359,476,31,585,519,557,353,323,224,683,723,724,163,501,207,342,619,516,141,551,449,652,325,111,69,171,705,12,218,187,573,568,208,589,14,60,160,738,696,249,331,148,730,684,105,214,746,131,43,223,279,176,106,631,57,317,327,642,532,245,282,731,26,391,458,670,140,480,446,130,622,736,685,200,362,37,431,335,718,591,95,104,54,600,463,664,138,571,487,621,418,285,113,461,228,379,537,548,580,
175,81.18534183502197,163474.7890827332,159644.81310927775,506,552,213,614,369,543,676,435,341,267,748,47,118,167,83,414,347,462,528,173,357,432,710,415,711,604,747,205,404,666,482,175,307,28,343,116,701,82,679,88,739,193,726,498,136,429,502,612,290,233,525,351,112,457,169,165,53,408,92,368,443,451,715,119,44,3,587,626,340,152,159,305,254,486,638,377,515,280,428,129,73,410,263,447,157,35,189,667,716,633,97,727,360,472,387,186,734,336,29,294,456,321,292,345,524,10,349,547,156,273,629,109,221,450,729,338,640,1,198,284,714,401,497,675,143,398,65,237,295,257,288,311,289,177,444,71,686,632,51,0,231,227,735,142,440,687,286,556,441,737,555,625,636,154,236,210,79,553,332,469,243,563,605,699,695,630,648,562,246,68,411,301,599,484,406,48,496,520,581,644,380,426,133,300,59,277,565,439,146,608,488,561,114,304,202,674,741,454,473,722,151,505,329,87,616,262,702,721,32,2,470,184,596,164,302,658,434,545,371,397,662,409,597,448,576,145,330,678,350,586,125,24,101,601,181,275,75,508,204,403,303,25,89,653,579,399,659,623,546,238,582,144,407,269,127,393,382,475,663,55,108,132,400,507,620,370,594,593,149,172,170,493,45,535,102,610,657,732,220,319,203,442,681,575,624,39,23,713,425,646,690,655,268,673,542,733,255,356,661,190,438,247,514,50,592,474,115,386,694,489,61,402,271,384,199,174,134,355,698,697,137,293,700,672,352,337,437,297,479,194,252,649,314,339,46,494,550,226,122,709,522,261,564,225,309,232,11,358,647,99,256,86,512,264,117,405,396,306,389,278,459,634,298,222,153,375,530,617,266,536,390,598,574,478,215,81,16,381,346,669,392,367,421,30,503,500,93,745,276,248,103,641,665,299,27,385,259,677,17,100,643,688,211,420,554,84,251,296,274,374,639,490,395,376,383,20,195,121,529,566,52,544,436,651,584,510,717,209,253,107,19,182,70,344,191,313,315,588,188,348,483,615,22,265,560,7,4,531,185,523,287,168,637,318,56,139,38,689,120,583,692,76,577,491,33,308,413,62,180,570,334,707,42,9,197,166,150,363,708,485,650,91,541,18,326,90,110,281,41,179,40,328,654,569,680,558,606,595,333,533,693,96,521,725,239,74,283,481,135,513,13,155,430,511,201,538,539,706,526,216,192,126,423,412,419,270,34,656,465,540,235,422,468,518,212,250,578,77,15,310,618,123,36,492,740,635,611,128,388,63,744,559,495,21,682,645,549,509,364,316,627,162,719,609,613,58,504,671,517,660,607,602,445,743,244,178,499,312,206,433,78,416,460,728,217,464,322,230,373,161,427,534,455,372,49,219,361,67,417,320,6,241,424,158,229,452,742,5,196,668,124,260,72,704,234,242,85,466,712,453,80,354,272,467,378,240,365,291,394,98,527,366,703,477,691,572,147,590,66,94,183,603,8,567,471,749,258,720,324,64,628,359,476,31,585,519,557,353,323,224,683,723,724,163,501,207,342,619,516,141,551,449,652,325,111,69,171,705,12,218,187,573,568,208,589,14,60,160,738,696,249,331,148,730,684,105,214,746,131,43,223,279,176,106,631,57,317,327,642,532,245,282,731,26,391,458,670,140,480,446,130,622,736,685,200,362,37,431,335,718,591,95,104,54,600,463,664,138,571,487,621,418,285,113,461,228,379,537,548,580,
176,81.6659426689148,163068.72002474955,159591.65105050607,506,552,213,614,369,543,676,435,341,267,748,47,118,167,83,414,347,462,528,173,357,432,710,415,711,604,747,205,404,666,482,175,307,28,343,116,701,82,679,88,739,193,726,498,136,429,502,612,290,233,525,351,112,457,169,165,53,408,92,368,443,451,715,119,44,3,587,626,340,152,159,305,254,486,638,377,515,280,428,129,73,410,263,447,157,35,189,667,716,633,97,727,360,472,387,186,734,336,29,294,456,321,292,345,524,10,349,547,156,273,629,109,221,450,729,338,640,1,198,284,714,401,497,675,143,398,65,237,295,257,288,311,289,177,444,71,686,632,51,0,231,227,735,142,440,687,286,556,441,737,555,625,636,154,236,210,79,553,332,469,243,563,699,605,695,630,648,562,246,68,411,301,599,484,406,48,496,520,581,644,380,426,133,300,59,277,565,439,146,608,488,561,114,304,202,674,741,454,473,722,151,505,329,87,616,262,702,721,32,2,470,184,596,164,302,658,434,545,371,397,662,409,597,448,576,145,330,678,350,586,125,24,101,601,181,275,75,508,204,403,303,25,89,653,579,399,659,623,546,238,582,144,407,269,127,393,382,475,663,55,108,132,400,507,620,370,594,593,149,172,170,493,45,535,102,610,657,732,220,319,203,442,681,575,624,39,23,713,425,646,690,655,268,673,542,733,255,356,661,190,438,247,514,50,592,474,115,386,694,489,61,402,271,384,199,174,134,355,698,697,137,293,700,672,352,337,437,297,479,194,252,649,314,339,46,494,550,226,122,709,522,261,564,225,309,232,11,358,647,99,256,86,512,264,117,405,396,306,389,278,459,634,298,222,153,375,530,617,266,536,390,598,574,478,215,81,16,381,346,669,392,367,421,30,503,500,93,745,276,248,103,641,665,299,27,385,259,677,17,100,643,688,211,420,554,84,251,296,274,374,639,490,395,376,383,20,195,121,529,566,52,544,436,651,584,510,717,209,253,107,19,182,70,344,191,313,315,588,188,348,483,615,22,265,560,7,4,531,185,523,287,168,637,318,56,139,38,689,120,583,692,76,577,491,33,308,413,62,180,570,334,707,42,9,197,166,150,363,708,485,650,91,541,18,326,90,110,281,41,179,40,328,654,569,680,558,606,595,333,533,693,96,521,725,239,74,283,481,135,513,13,155,430,511,201,538,539,706,526,216,192,126,423,412,419,270,34,656,465,540,235,422,468,518,212,250,578,77,15,310,618,123,36,492,740,635,611,128,388,63,744,559,495,21,682,645,549,509,364,316,627,162,719,609,613,58,504,671,517,660,607,602,445,743,244,178,499,312,206,433,78,416,460,728,217,464,322,230,373,161,427,534,455,372,49,219,361,67,417,320,6,241,424,158,229,452,742,5,196,668,124,260,72,704,234,242,85,466,712,453,80,354,272,467,378,240,365,291,394,98,527,366,703,477,691,572,147,590,66,94,183,603,8,567,471,749,258,720,324,64,628,359,476,31,585,519,557,353,323,224,683,723,724,163,501,207,342,619,516,141,551,449,652,325,111,69,171,705,12,218,187,573,568,208,589,14,60,160,738,696,249,331,148,730,684,105,214,746,131,43,223,279,176,106,631,57,317,327,642,532,245,282,731,26,391,458,670,140,480,446,130,622,736,685,200,362,37,431,335,718,591,95,104,54,600,463,664,138,571,487,621,418,285,113,461,228,379,537,548,580,
177,82.11626839637756,163976.4579604243,159591.65105050607,506,552,213,614,369,543,676,435,341,267,748,47,118,167,83,414,347,462,528,173,357,432,710,415,711,604,747,205,404,666,482,175,307,28,343,116,701,82,679,88,739,193,726,498,136,429,502,612,290,233,525,351,112,457,169,165,53,408,92,368,443,451,715,119,44,3,587,626,340,152,159,305,254,486,638,377,515,280,428,129,73,410,263,447,157,35,189,667,716,633,97,727,360,472,387,186,734,336,29,294,456,321,292,345,524,10,349,547,156,273,629,109,221,450,729,338,640,1,198,284,714,401,497,675,143,398,65,237,295,257,288,311,289,177,444,71,686,632,51,0,231,227,735,142,440,687,286,556,441,737,555,625,636,154,236,210,79,553,332,469,243,563,699,605,695,630,648,562,246,68,411,301,599,484,406,48,496,520,581,644,380,426,133,300,59,277,565,439,146,608,488,561,114,304,202,674,741,454,473,722,151,505,329,87,616,262,702,721,32,2,470,184,596,164,302,658,434,545,371,397,662,409,597,448,576,145,330,678,350,586,125,24,101,601,181,275,75,508,204,403,303,25,89,653,579,399,659,623,546,238,582,144,407,269,127,393,382,475,663,55,108,132,400,507,620,370,594,593,149,172,170,493,45,535,102,610,657,732,220,319,203,442,681,575,624,39,23,713,425,646,690,655,268,673,542,733,255,356,661,190,438,247,514,50,592,474,115,386,694,489,61,402,271,384,199,174,134,355,698,697,137,293,700,672,352,337,437,297,479,194,252,649,314,339,46,494,550,226,122,709,522,261,564,225,309,232,11,358,647,99,256,86,512,264,117,405,396,306,389,278,459,634,298,222,153,375,530,617,266,536,390,598,574,478,215,81,16,381,346,669,392,367,421,30,503,500,93,745,276,248,103,641,665,299,27,385,259,677,17,100,643,688,211,420,554,84,251,296,274,374,639,490,395,376,383,20,195,121,529,566,52,544,436,651,584,510,717,209,253,107,19,182,70,344,191,313,315,588,188,348,483,615,22,265,560,7,4,531,185,523,287,168,637,318,56,139,38,689,120,583,692,76,577,491,33,308,413,62,180,570,334,707,42,9,197,166,150,363,708,485,650,91,541,18,326,90,110,281,41,179,40,328,654,569,680,558,606,595,333,533,693,96,521,725,239,74,283,481,135,513,13,155,430,511,201,538,539,706,526,216,192,126,423,412,419,270,34,656,465,540,235,422,468,518,212,250,578,77,15,310,618,123,36,492,740,635,611,128,388,63,744,559,495,21,682,645,549,509,364,316,627,162,719,609,613,58,504,671,517,660,607,602,445,743,244,178,499,312,206,433,78,416,460,728,217,464,322,230,373,161,427,534,455,372,49,219,361,67,417,320,6,241,424,158,229,452,742,5,196,668,124,260,72,704,234,242,85,466,712,453,80,354,272,467,378,240,365,291,394,98,527,366,703,477,691,572,147,590,66,94,183,603,8,567,471,749,258,720,324,64,628,359,476,31,585,519,557,353,323,224,683,723,724,163,501,207,342,619,516,141,551,449,652,325,111,69,171,705,12,218,187,573,568,208,589,14,60,160,738,696,249,331,148,730,684,105,214,746,131,43,223,279,176,106,631,57,317,327,642,532,245,282,731,26,391,458,670,140,480,446,130,622,736,685,200,362,37,431,335,718,591,95,104,54,600,463,664,138,571,487,621,418,285,113,461,228,379,537,548,580,
178,82.51491665840149,164420.86924458732,159591.65105050607,506,552,213,614,369,543,676,435,341,267,748,47,118,167,83,414,347,462,528,173,357,432,710,415,711,604,747,205,404,666,482,175,307,28,343,116,701,82,679,88,739,193,726,498,136,429,502,612,290,233,525,351,112,457,169,165,53,408,92,368,443,451,715,119,44,3,587,626,340,152,159,305,254,486,638,377,515,280,428,129,73,410,263,447,157,35,189,667,716,633,97,727,360,472,387,186,734,336,29,294,456,321,292,345,524,10,349,547,156,273,629,109,221,450,729,338,640,1,198,284,714,401,497,675,143,398,65,237,295,257,288,311,289,177,444,71,686,632,51,0,231,227,735,142,440,687,286,556,441,737,555,625,636,154,236,210,79,553,332,469,243,563,699,605,695,630,648,562,246,68,411,301,599,484,406,48,496,520,581,644,380,426,133,300,59,277,565,439,146,608,488,561,114,304,202,674,741,454,473,722,151,505,329,87,616,262,702,721,32,2,470,184,596,164,302,658,434,545,371,397,662,409,597,448,576,145,330,678,350,586,125,24,101,601,181,275,75,508,204,403,303,25,89,653,579,399,659,623,546,238,582,144,407,269,127,393,382,475,663,55,108,132,400,507,620,370,594,593,149,172,170,493,45,535,102,610,657,732,220,319,203,442,681,575,624,39,23,713,425,646,690,655,268,673,542,733,255,356,661,190,438,247,514,50,592,474,115,386,694,489,61,402,271,384,199,174,134,355,698,697,137,293,700,672,352,337,437,297,479,194,252,649,314,339,46,494,550,226,122,709,522,261,564,225,309,232,11,358,647,99,256,86,512,264,117,405,396,306,389,278,459,634,298,222,153,375,530,617,266,536,390,598,574,478,215,81,16,381,346,669,392,367,421,30,503,500,93,745,276,248,103,641,665,299,27,385,259,677,17,100,643,688,211,420,554,84,251,296,274,374,639,490,395,376,383,20,195,121,529,566,52,544,436,651,584,510,717,209,253,107,19,182,70,344,191,313,315,588,188,348,483,615,22,265,560,7,4,531,185,523,287,168,637,318,56,139,38,689,120,583,692,76,577,491,33,308,413,62,180,570,334,707,42,9,197,166,150,363,708,485,650,91,541,18,326,90,110,281,41,179,40,328,654,569,680,558,606,595,333,533,693,96,521,725,239,74,283,481,135,513,13,155,430,511,201,538,539,706,526,216,192,126,423,412,419,270,34,656,465,540,235,422,468,518,212,250,578,77,15,310,618,123,36,492,740,635,611,128,388,63,744,559,495,21,682,645,549,509,364,316,627,162,719,609,613,58,504,671,517,660,607,602,445,743,244,178,499,312,206,433,78,416,460,728,217,464,322,230,373,161,427,534,455,372,49,219,361,67,417,320,6,241,424,158,229,452,742,5,196,668,124,260,72,704,234,242,85,466,712,453,80,354,272,467,378,240,365,291,394,98,527,366,703,477,691,572,147,590,66,94,183,603,8,567,471,749,258,720,324,64,628,359,476,31,585,519,557,353,323,224,683,723,724,163,501,207,342,619,516,141,551,449,652,325,111,69,171,705,12,218,187,573,568,208,589,14,60,160,738,696,249,331,148,730,684,105,214,746,131,43,223,279,176,106,631,57,317,327,642,532,245,282,731,26,391,458,670,140,480,446,130,622,736,685,200,362,37,431,335,718,591,95,104,54,600,463,664,138,571,487,621,418,285,113,461,228,379,537,548,580,
179,82.92248868942261,164052.21510155208,159547.33335801985,633,97,727,360,387,472,186,734,336,29,294,456,321,292,345,10,349,547,524,156,273,629,109,221,450,729,338,640,1,198,284,714,401,497,675,143,398,65,237,295,257,288,311,289,177,444,71,686,632,51,0,231,227,735,142,440,687,286,556,441,737,555,625,636,236,154,210,79,553,332,469,243,563,695,605,699,630,648,562,246,68,411,301,599,484,406,48,496,520,581,644,380,426,133,300,59,277,565,439,146,608,488,561,114,304,202,674,741,454,473,722,151,505,329,87,616,262,702,721,32,2,470,184,596,164,302,658,434,545,371,397,662,409,597,448,576,145,330,678,350,586,125,24,101,601,181,275,75,508,204,403,303,25,89,653,579,399,659,623,546,238,582,144,407,269,127,393,382,475,663,55,108,132,400,507,620,370,594,593,149,172,170,493,45,535,102,610,657,732,220,319,203,442,681,575,624,39,23,713,425,646,690,655,268,673,542,733,255,356,661,190,438,247,514,50,592,474,115,386,694,489,61,402,271,384,199,174,134,355,698,697,137,293,700,672,352,337,437,297,479,194,252,649,314,339,46,494,550,226,122,709,522,261,564,225,309,232,11,358,647,99,256,86,512,264,117,405,396,306,389,278,459,634,298,222,153,375,530,617,266,536,390,598,574,478,215,81,16,381,346,669,392,367,421,30,503,500,93,745,276,248,103,641,665,299,27,385,259,677,17,100,643,688,211,420,554,84,251,296,274,374,639,490,395,376,383,20,195,121,529,566,52,544,436,651,584,510,717,209,253,107,19,182,70,344,191,313,315,588,188,348,483,615,22,265,560,531,7,4,185,523,287,168,637,318,56,139,38,689,120,583,692,76,577,491,33,308,413,62,180,570,334,707,42,9,197,166,150,363,708,485,650,316,91,541,18,326,90,110,281,179,40,328,654,569,680,558,606,595,333,533,693,96,521,725,239,74,283,481,135,513,13,155,430,511,201,538,539,706,526,216,192,126,423,419,412,270,465,540,235,422,468,518,212,15,310,250,578,77,618,123,36,492,740,635,611,676,435,128,388,63,744,559,495,21,682,645,656,34,41,549,509,364,627,162,719,609,613,58,504,671,517,660,607,602,445,743,244,178,499,312,206,433,78,416,460,728,217,464,322,230,373,161,427,534,455,372,49,219,361,67,417,320,6,241,424,158,229,452,742,5,196,668,124,260,72,704,234,242,85,466,712,453,80,354,272,467,378,240,365,291,394,98,527,366,703,477,691,572,147,590,66,94,183,603,8,567,471,749,258,720,324,64,628,359,476,31,585,519,557,353,323,224,683,723,724,163,501,207,342,619,516,141,551,449,652,325,111,69,171,12,218,187,573,568,208,589,14,60,160,738,148,696,249,331,730,684,105,214,746,131,43,223,279,176,106,631,57,317,327,642,532,245,282,731,26,391,458,670,140,480,446,130,622,736,685,200,362,37,431,335,718,591,95,104,54,600,463,664,138,571,487,621,418,285,113,461,228,379,537,548,580,506,552,213,543,369,614,357,173,341,267,748,47,118,167,83,414,347,462,528,432,710,415,711,604,747,205,404,666,482,175,307,28,343,116,701,82,679,88,739,193,726,498,136,429,502,612,705,290,233,525,351,112,457,169,165,53,408,92,368,443,451,715,119,44,3,587,626,340,152,159,305,254,486,638,377,515,280,428,129,73,410,263,447,157,35,189,667,716,
180,83.41745471954346,162597.751951195,159540.0164900535,633,97,727,360,387,472,186,734,336,29,294,456,321,292,345,10,349,547,524,156,273,629,109,221,450,729,338,640,1,198,284,714,401,497,675,143,398,65,237,295,257,288,311,289,177,444,71,686,632,51,0,231,227,735,142,440,687,286,556,441,737,555,625,636,236,154,210,79,553,332,469,243,563,695,605,699,630,648,562,246,68,411,301,599,484,406,48,496,520,581,644,380,426,133,300,59,277,565,439,146,608,488,561,114,304,202,674,741,454,473,722,151,505,329,87,616,262,702,721,32,2,470,184,596,164,302,658,434,545,371,397,662,409,597,448,576,145,330,678,350,586,125,24,101,601,181,275,75,508,204,403,303,25,89,653,579,399,659,623,546,238,582,144,407,269,127,393,382,475,663,55,108,132,400,507,620,370,594,593,149,172,170,493,45,535,102,610,657,732,220,319,203,442,681,575,624,39,23,713,425,646,690,655,268,673,542,733,255,356,661,190,438,247,514,50,592,474,115,386,694,489,61,402,271,384,199,174,134,355,698,697,137,293,700,672,352,337,437,297,479,194,252,649,314,339,46,494,550,226,122,709,522,261,564,225,309,232,11,358,647,99,256,86,512,264,117,405,396,306,389,278,459,634,298,222,153,375,530,617,266,536,390,598,574,478,215,81,16,381,346,669,392,367,421,30,503,500,93,745,276,248,103,641,665,299,27,385,259,677,17,100,643,688,211,420,554,84,251,296,274,374,639,490,395,376,383,20,195,121,529,566,52,544,436,651,584,510,717,209,253,107,19,182,70,344,191,313,315,588,188,348,483,615,22,265,560,531,7,4,185,523,287,168,637,318,56,139,38,689,120,583,692,76,577,491,33,308,413,62,180,570,334,707,42,9,197,166,150,363,708,485,650,316,91,541,18,326,90,110,281,179,40,328,654,569,680,558,606,595,333,533,693,96,521,725,239,74,283,481,135,513,13,155,430,511,201,538,539,706,526,216,192,126,423,419,412,270,465,540,235,422,468,518,212,15,310,250,578,77,618,123,36,492,740,635,611,676,435,128,388,63,744,559,495,21,682,645,656,34,41,549,509,364,627,162,719,609,613,58,504,671,517,660,607,602,445,743,244,178,499,312,206,433,78,416,460,728,217,464,322,230,373,161,427,534,455,372,49,219,361,67,417,320,6,241,424,158,229,452,742,5,196,668,124,260,72,704,234,242,85,466,712,453,80,354,272,467,378,240,365,291,394,98,527,366,703,477,691,572,147,590,66,94,183,603,8,567,471,749,258,720,324,64,628,359,476,31,585,519,557,353,323,224,683,723,724,163,501,207,342,619,516,141,551,449,652,325,111,69,171,12,218,187,573,568,208,589,14,60,160,738,696,249,331,148,730,684,105,214,746,131,43,223,279,176,106,631,57,317,327,642,532,245,282,731,26,391,458,670,140,480,446,130,622,736,685,200,362,37,431,335,718,591,95,104,54,600,463,664,138,571,487,621,418,285,113,461,228,379,537,548,580,506,552,213,543,369,614,357,173,341,267,748,47,118,167,83,414,347,462,528,432,710,415,711,604,747,205,404,666,482,175,307,28,343,116,701,82,679,88,739,193,726,498,136,429,502,612,705,290,233,525,351,112,457,169,165,53,408,92,368,443,451,715,119,44,3,587,626,340,152,159,305,254,486,638,377,515,280,428,129,73,410,263,447,157,35,189,667,716,
181,83.84515237808228,162316.17524416372,159469.53915866103,727,360,472,387,186,734,336,29,294,456,321,292,345,524,10,349,547,156,273,629,109,221,450,729,338,640,1,198,284,714,401,497,675,143,398,65,237,295,257,288,311,289,177,444,71,686,632,51,0,231,227,735,142,440,687,286,556,441,737,555,625,636,154,236,210,79,553,332,469,243,563,699,605,695,630,648,562,246,68,411,301,599,484,406,48,496,520,581,644,380,426,133,300,59,277,565,439,146,608,488,561,114,304,202,674,741,454,473,722,151,505,329,87,616,262,702,721,32,2,470,184,596,164,302,658,434,545,371,397,662,409,597,448,576,145,330,678,350,586,125,24,101,601,181,275,75,508,204,403,303,25,89,653,579,399,659,623,546,238,582,144,407,269,127,393,382,475,663,55,108,132,400,507,620,370,594,593,149,172,170,493,45,535,102,610,657,732,220,319,203,442,681,575,624,39,23,713,425,646,690,655,268,673,542,733,255,356,661,190,438,247,514,50,592,474,115,386,694,489,61,402,271,384,199,174,134,355,698,697,137,293,700,672,352,337,437,297,479,194,252,649,314,339,46,494,550,226,122,709,522,261,564,225,309,232,11,358,647,99,256,86,512,264,117,405,396,306,389,278,459,634,298,222,153,375,530,617,266,536,390,598,574,478,215,81,16,381,346,669,392,367,421,30,503,500,93,745,276,248,103,641,665,299,27,385,259,677,17,100,643,688,211,420,554,84,251,296,274,374,639,490,395,376,383,20,195,121,529,566,52,544,436,651,584,510,717,209,253,107,19,182,70,344,191,313,315,588,188,348,483,615,22,265,560,531,7,4,185,523,287,168,637,318,56,139,38,689,120,583,692,76,577,491,33,308,413,62,180,570,334,707,42,9,197,166,150,363,708,485,650,91,541,18,326,90,110,281,179,40,328,654,569,680,558,606,595,333,533,693,96,521,725,239,74,283,481,135,513,13,155,430,511,201,538,539,706,526,216,192,126,423,412,419,270,465,540,235,422,468,518,212,250,578,77,15,310,618,123,36,492,740,635,611,676,435,128,388,63,744,559,495,21,682,645,656,34,41,549,509,364,316,627,162,719,609,613,58,504,671,517,660,607,602,445,743,244,178,499,312,206,433,78,416,460,728,217,464,322,230,373,161,427,534,455,372,49,219,361,67,417,320,6,241,424,158,229,452,742,5,196,668,124,260,72,704,234,242,85,466,712,453,80,354,272,467,378,240,365,291,394,98,527,366,703,477,691,572,147,590,66,94,183,603,8,567,471,749,258,720,324,64,628,359,476,31,585,519,557,353,323,224,683,723,724,163,501,207,342,619,516,141,551,449,652,325,111,69,171,12,218,187,573,568,208,589,14,60,160,738,148,696,249,331,730,684,105,214,746,131,43,223,279,176,106,631,57,317,327,642,532,245,282,731,26,391,458,670,140,480,446,130,622,736,685,200,362,37,431,335,718,591,95,104,54,600,463,664,138,571,487,621,418,285,113,461,228,379,537,548,580,506,552,213,543,369,614,357,173,341,267,748,47,118,167,83,414,347,462,528,432,710,415,711,604,747,205,404,666,482,175,307,28,343,116,701,82,679,88,739,193,726,498,136,429,502,612,705,290,233,525,351,112,457,169,165,53,408,92,368,443,451,715,119,44,3,587,626,340,152,159,305,254,486,638,377,515,280,428,129,73,410,263,447,157,35,189,667,716,633,97,
182,84.23107624053955,inf,159462.22229069468,727,360,472,387,186,734,336,29,294,456,321,292,345,524,10,349,547,156,273,629,109,221,450,729,338,640,1,198,284,714,401,497,675,143,398,65,237,295,257,288,311,289,177,444,71,686,632,51,0,231,227,735,142,440,687,286,556,441,737,555,625,636,154,236,210,79,553,332,469,243,563,699,605,695,630,648,562,246,68,411,301,599,484,406,48,496,520,581,644,380,426,133,300,59,277,565,439,146,608,488,561,114,304,202,674,741,454,473,722,151,505,329,87,616,262,702,721,32,2,470,184,596,164,302,658,434,545,371,397,662,409,597,448,576,145,330,678,350,586,125,24,101,601,181,275,75,508,204,403,303,25,89,653,579,399,659,623,546,238,582,144,407,269,127,393,382,475,663,55,108,132,400,507,620,370,594,593,149,172,170,493,45,535,102,610,657,732,220,319,203,442,681,575,624,39,23,713,425,646,690,655,268,673,542,733,255,356,661,190,438,247,514,50,592,474,115,386,694,489,61,402,271,384,199,174,134,355,698,697,137,293,700,672,352,337,437,297,479,194,252,649,314,339,46,494,550,226,122,709,522,261,564,225,309,232,11,358,647,99,256,86,512,264,117,405,396,306,389,278,459,634,298,222,153,375,530,617,266,536,390,598,574,478,215,81,16,381,346,669,392,367,421,30,503,500,93,745,276,248,103,641,665,299,27,385,259,677,17,100,643,688,211,420,554,84,251,296,274,374,639,490,395,376,383,20,195,121,529,566,52,544,436,651,584,510,717,209,253,107,19,182,70,344,191,313,315,588,188,348,483,615,22,265,560,531,7,4,185,523,287,168,637,318,56,139,38,689,120,583,692,76,577,491,33,308,413,62,180,570,334,707,42,9,197,166,150,363,708,485,650,91,541,18,326,90,110,281,179,40,328,654,569,680,558,606,595,333,533,693,96,521,725,239,74,283,481,135,513,13,155,430,511,201,538,539,706,526,216,192,126,423,412,419,270,465,540,235,422,468,518,212,250,578,77,15,310,618,123,36,492,740,635,611,676,435,128,388,63,744,559,495,21,682,645,656,34,41,549,509,364,316,627,162,719,609,613,58,504,671,517,660,607,602,445,743,244,178,499,312,206,433,78,416,460,728,217,464,322,230,373,161,427,534,455,372,49,219,361,67,417,320,6,241,424,158,229,452,742,5,196,668,124,260,72,704,234,242,85,466,712,453,80,354,272,467,378,240,365,291,394,98,527,366,703,477,691,572,147,590,66,94,183,603,8,567,471,749,258,720,324,64,628,359,476,31,585,519,557,353,323,224,683,723,724,163,501,207,342,619,516,141,551,449,652,325,111,69,171,12,218,187,573,568,208,589,14,60,160,738,696,249,331,148,730,684,105,214,746,131,43,223,279,176,106,631,57,317,327,642,532,245,282,731,26,391,458,670,140,480,446,130,622,736,685,200,362,37,431,335,718,591,95,104,54,600,463,664,138,571,487,621,418,285,113,461,228,379,537,548,580,506,552,213,543,369,614,357,173,341,267,748,47,118,167,83,414,347,462,528,432,710,415,711,604,747,205,404,666,482,175,307,28,343,116,701,82,679,88,739,193,726,498,136,429,502,612,705,290,233,525,351,112,457,169,165,53,408,92,368,443,451,715,119,44,3,587,626,340,152,159,305,254,486,638,377,515,280,428,129,73,410,263,447,157,35,189,667,716,633,97,
183,84.63974070549011,162586.46250805742,159456.16888746334,727,360,472,387,186,734,336,29,294,456,321,292,345,524,10,349,547,156,273,629,109,221,450,729,338,640,1,198,284,714,401,497,675,143,398,65,237,295,257,288,311,289,177,444,71,686,632,51,0,231,227,735,142,440,687,286,556,441,737,555,625,636,154,236,210,79,553,332,469,243,563,699,605,695,630,648,562,246,68,411,301,599,484,406,48,496,520,581,644,380,426,133,300,59,277,565,439,146,608,488,561,114,304,202,674,741,454,473,722,151,505,329,87,616,262,702,721,32,2,470,184,596,164,302,658,434,545,371,397,662,409,597,448,576,145,330,678,350,586,125,24,101,601,181,275,75,508,204,403,303,25,89,653,579,399,659,623,546,238,582,144,407,269,127,393,382,475,663,55,108,132,400,507,620,370,594,593,149,172,170,493,45,535,102,610,657,732,220,319,203,442,681,575,624,39,23,713,425,646,690,655,268,673,542,733,255,356,661,190,438,247,514,50,592,474,115,386,694,489,61,402,271,384,199,174,134,355,698,697,137,293,700,672,352,337,437,297,479,194,252,649,314,339,46,494,550,226,122,709,522,261,564,225,309,232,11,358,647,99,256,86,512,264,117,405,396,306,389,278,459,634,298,222,153,375,530,617,266,536,390,598,574,478,215,81,16,381,346,669,392,367,421,30,503,500,93,745,276,248,103,641,665,299,27,385,259,677,17,100,643,688,211,420,554,84,251,296,274,374,639,490,395,376,383,20,195,121,529,566,52,544,436,651,584,510,717,209,253,107,19,182,70,344,191,313,315,588,188,348,483,615,22,265,560,7,4,531,185,523,287,168,637,318,56,139,38,689,120,583,692,76,577,491,33,308,413,62,180,570,334,707,42,9,197,166,150,363,708,485,650,91,541,18,326,90,110,281,179,40,328,654,569,680,558,606,595,333,533,693,96,521,725,239,74,283,481,135,513,13,155,430,511,201,538,539,706,526,216,192,126,423,412,419,270,465,540,235,422,468,518,212,250,578,77,15,310,618,123,36,492,740,635,611,676,435,128,388,63,744,559,495,21,682,645,656,34,41,549,509,364,316,627,162,719,609,613,58,504,671,517,660,607,602,445,743,244,178,499,312,206,433,78,416,460,728,217,464,322,230,373,161,427,534,455,372,49,219,361,67,417,320,6,241,424,158,229,452,742,5,196,668,124,260,72,704,234,242,85,466,712,453,80,354,272,467,378,240,365,291,394,98,527,366,703,477,691,572,147,590,66,94,183,603,8,567,471,749,258,720,324,64,628,359,476,31,585,519,557,353,323,224,683,723,724,163,501,207,342,619,516,141,551,449,652,325,111,69,171,12,218,187,573,568,208,589,14,60,160,738,696,249,331,148,730,684,105,214,746,131,43,223,279,176,106,631,57,317,327,642,532,245,282,731,26,391,458,670,140,480,446,130,622,736,685,200,362,37,431,335,718,591,95,104,54,600,463,664,138,571,487,621,418,285,113,461,228,379,537,548,580,506,552,213,543,369,614,357,173,341,267,748,47,118,167,83,414,347,462,528,432,710,415,711,604,747,205,404,666,482,175,307,28,343,116,701,82,679,88,739,193,726,498,136,429,502,612,705,290,233,525,351,112,457,169,165,53,408,92,368,443,451,715,119,44,3,587,626,340,152,159,305,254,486,638,377,515,280,428,129,73,410,263,447,157,35,189,667,716,633,97,
184,85.02059125900269,163753.76326636938,159454.19695905034,727,360,472,387,186,734,336,29,294,456,321,292,345,524,10,349,547,156,273,629,109,221,450,729,338,640,1,198,284,714,401,497,675,143,398,65,237,295,257,288,311,289,177,444,71,686,632,51,0,231,227,735,142,440,687,286,556,441,737,555,625,636,154,236,210,79,553,332,469,243,563,699,605,695,630,648,562,246,68,411,301,599,484,406,48,496,520,581,644,380,426,133,300,59,277,565,439,146,608,488,561,114,304,202,674,741,454,473,722,151,505,329,87,616,262,702,721,32,2,470,184,596,164,302,658,434,545,371,397,662,409,597,448,576,145,330,678,350,586,125,24,101,601,181,275,75,508,204,403,303,25,89,653,579,399,659,623,546,238,582,144,407,269,127,393,382,475,663,55,108,132,400,507,620,370,594,593,149,172,170,493,45,535,102,610,657,732,220,319,203,442,681,575,624,39,23,713,425,646,690,655,268,673,542,733,255,356,661,190,438,247,514,50,592,474,115,386,694,489,61,402,271,384,199,174,134,355,698,697,137,293,700,672,352,337,437,297,479,194,252,649,314,339,46,494,550,226,122,709,522,261,564,225,309,232,11,358,647,99,256,86,512,264,117,405,396,306,389,278,459,634,298,222,153,375,530,617,266,536,390,598,574,478,215,81,16,381,346,669,392,367,421,30,503,500,93,745,276,248,103,641,665,299,27,385,259,677,17,100,643,688,211,420,554,84,251,296,274,374,639,490,395,376,383,20,195,121,529,566,52,544,436,651,584,510,717,209,253,107,19,182,70,344,191,313,315,588,188,348,483,615,22,265,560,7,4,531,185,523,287,168,637,318,56,139,38,689,120,583,692,76,577,491,33,308,413,62,180,570,334,707,42,9,197,166,150,363,708,485,650,91,541,18,326,90,110,281,179,40,328,654,569,680,558,606,595,333,533,693,96,521,725,239,74,283,481,135,513,13,155,430,511,201,538,539,706,526,216,192,126,423,412,419,270,465,540,235,422,468,518,212,250,578,77,15,310,618,123,36,492,740,635,611,676,435,128,388,63,744,559,495,21,682,645,656,34,41,549,509,364,316,627,162,719,609,613,58,504,671,517,660,607,602,445,743,244,178,499,312,206,433,78,416,460,728,217,464,322,230,373,161,427,534,455,372,49,219,361,67,417,320,6,241,424,158,229,452,742,5,196,668,124,260,72,704,234,242,85,466,712,453,80,354,272,467,378,240,365,291,394,98,527,366,703,477,691,572,147,590,66,94,183,603,8,567,471,749,258,720,324,64,628,359,476,31,585,519,557,353,323,224,683,723,724,163,501,207,342,619,516,141,551,449,652,325,111,69,171,705,12,218,187,573,568,208,589,14,60,160,738,696,249,331,148,730,684,105,214,746,131,43,223,279,176,106,631,57,317,327,642,532,245,282,731,26,391,458,670,140,480,446,130,622,736,685,200,362,37,431,335,718,591,95,104,54,600,463,664,138,571,487,621,418,285,113,461,228,379,537,548,580,506,552,213,543,369,614,357,173,341,267,748,47,118,167,83,414,347,462,528,432,710,415,711,604,747,205,404,666,482,175,307,28,343,116,701,82,679,88,739,193,726,498,136,429,502,612,290,233,525,351,112,457,169,165,53,408,92,368,443,451,715,119,44,3,587,626,340,152,159,305,254,486,638,377,515,280,428,129,73,410,263,447,157,35,189,667,716,633,97,
185,85.4351794719696,162639.8532698486,159454.19695905034,727,360,472,387,186,734,336,29,294,456,321,292,345,524,10,349,547,156,273,629,109,221,450,729,338,640,1,198,284,714,401,497,675,143,398,65,237,295,257,288,311,289,177,444,71,686,632,51,0,231,227,735,142,440,687,286,556,441,737,555,625,636,154,236,210,79,553,332,469,243,563,699,605,695,630,648,562,246,68,411,301,599,484,406,48,496,520,581,644,380,426,133,300,59,277,565,439,146,608,488,561,114,304,202,674,741,454,473,722,151,505,329,87,616,262,702,721,32,2,470,184,596,164,302,658,434,545,371,397,662,409,597,448,576,145,330,678,350,586,125,24,101,601,181,275,75,508,204,403,303,25,89,653,579,399,659,623,546,238,582,144,407,269,127,393,382,475,663,55,108,132,400,507,620,370,594,593,149,172,170,493,45,535,102,610,657,732,220,319,203,442,681,575,624,39,23,713,425,646,690,655,268,673,542,733,255,356,661,190,438,247,514,50,592,474,115,386,694,489,61,402,271,384,199,174,134,355,698,697,137,293,700,672,352,337,437,297,479,194,252,649,314,339,46,494,550,226,122,709,522,261,564,225,309,232,11,358,647,99,256,86,512,264,117,405,396,306,389,278,459,634,298,222,153,375,530,617,266,536,390,598,574,478,215,81,16,381,346,669,392,367,421,30,503,500,93,745,276,248,103,641,665,299,27,385,259,677,17,100,643,688,211,420,554,84,251,296,274,374,639,490,395,376,383,20,195,121,529,566,52,544,436,651,584,510,717,209,253,107,19,182,70,344,191,313,315,588,188,348,483,615,22,265,560,7,4,531,185,523,287,168,637,318,56,139,38,689,120,583,692,76,577,491,33,308,413,62,180,570,334,707,42,9,197,166,150,363,708,485,650,91,541,18,326,90,110,281,179,40,328,654,569,680,558,606,595,333,533,693,96,521,725,239,74,283,481,135,513,13,155,430,511,201,538,539,706,526,216,192,126,423,412,419,270,465,540,235,422,468,518,212,250,578,77,15,310,618,123,36,492,740,635,611,676,435,128,388,63,744,559,495,21,682,645,656,34,41,549,509,364,316,627,162,719,609,613,58,504,671,517,660,607,602,445,743,244,178,499,312,206,433,78,416,460,728,217,464,322,230,373,161,427,534,455,372,49,219,361,67,417,320,6,241,424,158,229,452,742,5,196,668,124,260,72,704,234,242,85,466,712,453,80,354,272,467,378,240,365,291,394,98,527,366,703,477,691,572,147,590,66,94,183,603,8,567,471,749,258,720,324,64,628,359,476,31,585,519,557,353,323,224,683,723,724,163,501,207,342,619,516,141,551,449,652,325,111,69,171,705,12,218,187,573,568,208,589,14,60,160,738,696,249,331,148,730,684,105,214,746,131,43,223,279,176,106,631,57,317,327,642,532,245,282,731,26,391,458,670,140,480,446,130,622,736,685,200,362,37,431,335,718,591,95,104,54,600,463,664,138,571,487,621,418,285,113,461,228,379,537,548,580,506,552,213,543,369,614,357,173,341,267,748,47,118,167,83,414,347,462,528,432,710,415,711,604,747,205,404,666,482,175,307,28,343,116,701,82,679,88,739,193,726,498,136,429,502,612,290,233,525,351,112,457,169,165,53,408,92,368,443,451,715,119,44,3,587,626,340,152,159,305,254,486,638,377,515,280,428,129,73,410,263,447,157,35,189,667,716,633,97,
186,85.84965062141418,163095.25097150172,159454.19695905034,727,360,472,387,186,734,336,29,294,456,321,292,345,524,10,349,547,156,273,629,109,221,450,729,338,640,1,198,284,714,401,497,675,143,398,65,237,295,257,288,311,289,177,444,71,686,632,51,0,231,227,735,142,440,687,286,556,441,737,555,625,636,154,236,210,79,553,332,469,243,563,699,605,695,630,648,562,246,68,411,301,599,484,406,48,496,520,581,644,380,426,133,300,59,277,565,439,146,608,488,561,114,304,202,674,741,454,473,722,151,505,329,87,616,262,702,721,32,2,470,184,596,164,302,658,434,545,371,397,662,409,597,448,576,145,330,678,350,586,125,24,101,601,181,275,75,508,204,403,303,25,89,653,579,399,659,623,546,238,582,144,407,269,127,393,382,475,663,55,108,132,400,507,620,370,594,593,149,172,170,493,45,535,102,610,657,732,220,319,203,442,681,575,624,39,23,713,425,646,690,655,268,673,542,733,255,356,661,190,438,247,514,50,592,474,115,386,694,489,61,402,271,384,199,174,134,355,698,697,137,293,700,672,352,337,437,297,479,194,252,649,314,339,46,494,550,226,122,709,522,261,564,225,309,232,11,358,647,99,256,86,512,264,117,405,396,306,389,278,459,634,298,222,153,375,530,617,266,536,390,598,574,478,215,81,16,381,346,669,392,367,421,30,503,500,93,745,276,248,103,641,665,299,27,385,259,677,17,100,643,688,211,420,554,84,251,296,274,374,639,490,395,376,383,20,195,121,529,566,52,544,436,651,584,510,717,209,253,107,19,182,70,344,191,313,315,588,188,348,483,615,22,265,560,7,4,531,185,523,287,168,637,318,56,139,38,689,120,583,692,76,577,491,33,308,413,62,180,570,334,707,42,9,197,166,150,363,708,485,650,91,541,18,326,90,110,281,179,40,328,654,569,680,558,606,595,333,533,693,96,521,725,239,74,283,481,135,513,13,155,430,511,201,538,539,706,526,216,192,126,423,412,419,270,465,540,235,422,468,518,212,250,578,77,15,310,618,123,36,492,740,635,611,676,435,128,388,63,744,559,495,21,682,645,656,34,41,549,509,364,316,627,162,719,609,613,58,504,671,517,660,607,602,445,743,244,178,499,312,206,433,78,416,460,728,217,464,322,230,373,161,427,534,455,372,49,219,361,67,417,320,6,241,424,158,229,452,742,5,196,668,124,260,72,704,234,242,85,466,712,453,80,354,272,467,378,240,365,291,394,98,527,366,703,477,691,572,147,590,66,94,183,603,8,567,471,749,258,720,324,64,628,359,476,31,585,519,557,353,323,224,683,723,724,163,501,207,342,619,516,141,551,449,652,325,111,69,171,705,12,218,187,573,568,208,589,14,60,160,738,696,249,331,148,730,684,105,214,746,131,43,223,279,176,106,631,57,317,327,642,532,245,282,731,26,391,458,670,140,480,446,130,622,736,685,200,362,37,431,335,718,591,95,104,54,600,463,664,138,571,487,621,418,285,113,461,228,379,537,548,580,506,552,213,543,369,614,357,173,341,267,748,47,118,167,83,414,347,462,528,432,710,415,711,604,747,205,404,666,482,175,307,28,343,116,701,82,679,88,739,193,726,498,136,429,502,612,290,233,525,351,112,457,169,165,53,408,92,368,443,451,715,119,44,3,587,626,340,152,159,305,254,486,638,377,515,280,428,129,73,410,263,447,157,35,189,667,716,633,97,
187,86.23499703407288,inf,159454.19695905034,727,360,472,387,186,734,336,29,294,456,321,292,345,524,10,349,547,156,273,629,109,221,450,729,338,640,1,198,284,714,401,497,675,143,398,65,237,295,257,288,311,289,177,444,71,686,632,51,0,231,227,735,142,440,687,286,556,441,737,555,625,636,154,236,210,79,553,332,469,243,563,699,605,695,630,648,562,246,68,411,301,599,484,406,48,496,520,581,644,380,426,133,300,59,277,565,439,146,608,488,561,114,304,202,674,741,454,473,722,151,505,329,87,616,262,702,721,32,2,470,184,596,164,302,658,434,545,371,397,662,409,597,448,576,145,330,678,350,586,125,24,101,601,181,275,75,508,204,403,303,25,89,653,579,399,659,623,546,238,582,144,407,269,127,393,382,475,663,55,108,132,400,507,620,370,594,593,149,172,170,493,45,535,102,610,657,732,220,319,203,442,681,575,624,39,23,713,425,646,690,655,268,673,542,733,255,356,661,190,438,247,514,50,592,474,115,386,694,489,61,402,271,384,199,174,134,355,698,697,137,293,700,672,352,337,437,297,479,194,252,649,314,339,46,494,550,226,122,709,522,261,564,225,309,232,11,358,647,99,256,86,512,264,117,405,396,306,389,278,459,634,298,222,153,375,530,617,266,536,390,598,574,478,215,81,16,381,346,669,392,367,421,30,503,500,93,745,276,248,103,641,665,299,27,385,259,677,17,100,643,688,211,420,554,84,251,296,274,374,639,490,395,376,383,20,195,121,529,566,52,544,436,651,584,510,717,209,253,107,19,182,70,344,191,313,315,588,188,348,483,615,22,265,560,7,4,531,185,523,287,168,637,318,56,139,38,689,120,583,692,76,577,491,33,308,413,62,180,570,334,707,42,9,197,166,150,363,708,485,650,91,541,18,326,90,110,281,179,40,328,654,569,680,558,606,595,333,533,693,96,521,725,239,74,283,481,135,513,13,155,430,511,201,538,539,706,526,216,192,126,423,412,419,270,465,540,235,422,468,518,212,250,578,77,15,310,618,123,36,492,740,635,611,676,435,128,388,63,744,559,495,21,682,645,656,34,41,549,509,364,316,627,162,719,609,613,58,504,671,517,660,607,602,445,743,244,178,499,312,206,433,78,416,460,728,217,464,322,230,373,161,427,534,455,372,49,219,361,67,417,320,6,241,424,158,229,452,742,5,196,668,124,260,72,704,234,242,85,466,712,453,80,354,272,467,378,240,365,291,394,98,527,366,703,477,691,572,147,590,66,94,183,603,8,567,471,749,258,720,324,64,628,359,476,31,585,519,557,353,323,224,683,723,724,163,501,207,342,619,516,141,551,449,652,325,111,69,171,705,12,218,187,573,568,208,589,14,60,160,738,696,249,331,148,730,684,105,214,746,131,43,223,279,176,106,631,57,317,327,642,532,245,282,731,26,391,458,670,140,480,446,130,622,736,685,200,362,37,431,335,718,591,95,104,54,600,463,664,138,571,487,621,418,285,113,461,228,379,537,548,580,506,552,213,543,369,614,357,173,341,267,748,47,118,167,83,414,347,462,528,432,710,415,711,604,747,205,404,666,482,175,307,28,343,116,701,82,679,88,739,193,726,498,136,429,502,612,290,233,525,351,112,457,169,165,53,408,92,368,443,451,715,119,44,3,587,626,340,152,159,305,254,486,638,377,515,280,428,129,73,410,263,447,157,35,189,667,716,633,97,
188,86.63313221931458,161805.96611612308,159304.27892864877,633,97,727,360,472,387,186,734,336,29,294,456,321,292,345,524,10,349,547,156,273,629,109,221,450,729,338,640,1,198,284,714,401,497,675,143,398,65,237,295,257,288,311,289,177,444,71,686,632,51,0,231,227,735,142,440,687,286,556,441,737,555,625,636,154,236,210,79,553,332,469,243,563,699,605,695,630,648,562,246,68,411,301,599,484,406,48,496,520,581,644,380,426,133,300,59,277,565,439,146,608,488,561,114,304,202,674,741,454,473,722,151,505,329,87,616,262,702,721,32,2,470,184,596,164,302,658,434,545,371,397,662,409,597,448,576,145,330,678,350,586,125,24,101,601,181,275,75,508,204,403,303,25,89,653,579,399,659,623,546,238,582,144,407,269,127,393,382,475,663,55,108,132,400,507,620,370,594,593,149,172,170,493,45,535,102,610,657,732,220,319,203,442,681,575,624,39,23,713,425,646,690,655,268,673,542,733,255,356,661,190,438,247,514,50,592,474,115,386,694,489,61,402,271,384,199,174,134,355,698,697,137,293,700,672,352,337,437,297,479,194,252,649,314,339,46,494,550,226,122,709,522,261,564,225,309,232,11,358,647,99,256,86,512,264,117,405,396,306,389,278,459,634,298,222,153,375,530,617,266,536,390,598,574,478,215,81,16,381,346,669,392,367,421,30,503,500,93,745,276,248,103,641,665,299,27,385,259,677,17,100,643,688,211,420,554,84,251,296,274,374,639,490,395,376,383,20,195,121,529,566,52,544,436,651,584,510,717,209,253,107,19,182,70,344,191,313,315,588,188,348,483,615,22,265,560,7,4,531,185,523,287,168,637,318,56,139,38,689,120,583,692,76,577,491,33,308,413,363,708,485,650,91,541,18,326,90,110,281,179,40,328,654,569,680,558,606,595,333,533,693,96,521,725,239,74,283,481,135,513,13,155,430,511,201,538,539,706,526,216,192,126,423,419,412,270,465,540,235,422,468,518,212,250,578,77,15,310,618,123,36,492,740,635,611,676,435,128,388,63,744,559,495,21,682,645,656,34,41,549,509,364,316,627,162,719,609,613,58,9,197,166,150,62,180,570,334,707,42,504,671,517,660,607,602,445,743,244,178,499,312,206,433,78,416,460,728,217,464,322,230,373,161,427,534,455,372,49,219,361,67,417,320,6,241,424,158,229,452,742,5,196,668,124,260,72,704,234,242,85,466,712,453,80,354,272,467,378,240,365,291,394,98,527,366,703,477,691,572,147,590,66,94,183,603,8,567,471,749,258,720,324,64,628,359,476,31,585,519,557,353,323,224,683,723,724,163,501,207,342,619,516,141,551,449,652,325,111,69,171,705,12,218,187,573,568,208,589,14,60,160,738,696,249,331,148,730,684,105,214,746,131,43,279,223,351,112,457,169,176,106,631,57,317,327,642,532,245,282,731,26,391,458,670,140,480,446,130,622,736,685,200,362,37,431,335,718,591,95,104,54,600,463,664,138,571,487,621,418,285,113,461,228,379,537,548,580,506,552,213,543,369,614,357,173,341,267,748,47,118,167,83,414,347,462,528,432,710,415,711,604,747,205,404,666,482,175,307,28,343,116,701,82,679,88,739,193,726,498,136,429,502,612,290,233,525,165,53,408,92,368,443,451,715,119,44,3,587,626,340,152,159,305,254,486,638,377,515,280,428,129,73,410,263,447,157,35,189,667,716,
189,87.02811861038208,163209.42085982356,159196.64307854266,633,97,727,360,472,387,186,734,336,29,294,456,321,292,345,524,10,349,547,156,273,629,109,221,450,729,338,640,1,198,284,714,401,497,675,143,398,65,237,295,257,288,311,289,177,444,71,686,632,51,0,231,227,735,142,440,687,286,556,441,737,555,625,636,154,236,210,79,553,332,469,243,563,699,605,695,630,648,562,246,68,411,301,599,484,406,48,496,520,581,644,380,426,133,300,59,277,565,439,146,608,488,561,114,304,202,674,741,454,473,722,151,505,329,87,616,262,702,721,32,2,470,184,596,164,302,658,434,545,371,397,662,409,597,448,576,145,330,678,350,586,125,24,101,601,181,275,75,508,204,403,303,25,89,653,579,399,659,623,546,238,582,144,407,269,127,393,382,475,663,55,108,132,400,507,620,370,594,593,149,172,170,493,45,535,102,610,657,732,220,319,203,442,681,575,624,39,23,713,425,646,690,655,268,673,542,733,255,356,661,190,438,247,514,50,592,474,115,386,694,489,61,402,271,384,199,174,134,355,698,697,137,293,700,672,352,337,437,297,479,194,252,649,314,339,46,494,550,226,122,709,522,261,564,225,309,232,11,358,647,99,256,86,512,264,117,405,396,306,389,278,459,634,298,222,153,375,530,617,266,536,390,598,574,478,215,81,16,381,346,669,392,367,421,30,503,500,93,745,276,248,103,641,665,299,27,385,259,677,17,100,643,688,211,420,554,84,251,296,274,374,639,490,395,376,383,20,195,121,529,566,52,544,436,651,584,510,717,209,253,107,19,182,70,344,191,313,315,588,188,348,483,615,22,265,560,7,4,531,185,523,287,168,637,318,56,139,38,689,120,583,692,76,577,491,33,308,413,363,708,485,650,91,541,18,326,90,110,281,179,40,328,654,569,680,558,606,595,333,533,693,96,521,725,239,74,283,481,135,513,13,155,430,511,201,538,539,706,526,216,192,126,423,419,412,270,465,540,235,422,468,518,212,250,578,77,15,310,618,123,36,492,740,635,611,676,435,128,388,63,744,559,495,21,682,645,656,34,41,549,509,364,316,627,162,719,609,613,58,9,197,166,150,62,180,570,334,42,707,504,671,517,660,607,602,445,743,244,178,499,312,206,433,78,416,460,728,217,464,322,230,373,161,427,534,455,372,49,219,361,67,417,320,6,241,424,158,229,452,742,5,196,668,124,260,72,704,234,242,85,466,712,453,80,354,272,467,378,240,365,291,394,98,527,366,703,477,691,572,147,590,66,94,183,603,8,567,471,749,258,720,324,64,628,359,476,31,585,519,557,353,323,224,683,723,724,163,501,207,342,619,516,141,551,449,652,325,111,69,171,705,12,218,187,573,568,208,589,14,60,160,738,696,249,331,148,730,684,105,214,746,131,43,279,223,351,112,457,169,176,106,631,57,317,327,642,532,245,282,731,26,391,458,670,140,480,446,130,622,736,685,200,362,37,431,335,718,591,95,104,54,600,463,664,138,571,487,621,418,285,113,461,228,379,537,548,580,506,552,213,543,369,614,357,173,341,267,748,47,118,167,83,414,347,462,528,432,710,415,711,604,747,205,404,666,482,175,307,28,343,116,701,82,679,88,739,193,726,498,136,429,502,612,290,233,525,165,53,408,92,368,443,451,715,119,44,3,587,626,340,152,159,305,254,486,638,377,515,280,428,129,73,410,263,447,157,35,189,667,716,
190,87.56429481506348,164368.20353992746,159156.7915870186,633,97,727,360,472,387,186,734,336,29,294,456,321,292,345,524,10,349,547,156,273,629,109,221,450,729,338,640,1,198,284,714,401,497,675,143,398,65,237,295,257,288,311,289,177,444,71,686,632,51,0,231,227,735,142,440,687,286,556,441,737,555,625,636,154,236,210,79,553,332,469,243,563,699,605,695,630,648,562,246,68,411,301,599,484,406,48,496,520,581,644,380,426,133,300,59,277,565,439,146,608,488,561,114,304,202,674,741,454,473,722,151,505,329,87,616,262,702,721,32,2,470,184,596,164,302,658,434,545,371,397,662,409,597,448,576,145,330,678,350,586,125,24,101,601,181,275,75,508,204,403,303,25,89,653,579,399,659,623,546,238,582,144,407,269,127,393,382,475,663,55,108,132,400,507,620,370,594,593,149,172,170,493,45,535,102,610,657,732,220,319,203,442,681,575,624,39,23,713,425,646,690,655,268,673,542,733,255,356,661,190,438,247,514,50,592,474,115,386,694,489,61,402,271,384,199,174,134,355,698,697,137,293,700,672,352,337,437,297,479,194,252,649,314,339,46,494,550,226,122,709,522,261,564,225,309,232,11,358,647,99,256,86,512,264,117,405,396,306,389,278,459,634,298,222,153,375,530,617,266,536,390,598,574,478,215,81,16,381,346,669,392,367,421,30,503,500,93,745,276,248,103,641,665,299,27,385,259,677,17,100,643,688,211,420,554,84,251,296,274,374,639,490,395,376,383,20,195,121,529,566,52,544,436,651,584,510,717,209,253,107,19,182,70,344,191,313,315,588,188,348,483,615,22,265,560,7,4,531,185,523,287,168,637,318,56,139,38,689,120,583,692,76,577,491,33,308,413,363,708,485,650,91,541,18,326,90,110,281,179,40,328,654,569,680,558,606,595,333,533,693,96,521,725,239,74,283,481,135,513,13,155,430,511,201,538,539,706,526,216,192,126,423,419,412,270,465,540,235,422,468,518,212,250,578,77,15,310,618,123,36,492,740,635,611,676,435,128,388,63,744,559,495,21,682,645,656,34,41,549,509,364,316,627,162,719,609,613,58,9,197,150,166,62,180,570,334,42,707,504,671,517,660,607,602,445,743,244,178,499,312,206,433,78,416,460,728,217,464,322,230,373,161,427,534,455,372,49,219,361,67,417,320,6,241,424,158,229,452,742,5,196,668,124,260,72,704,234,242,85,466,712,453,80,354,272,467,378,240,365,291,394,98,527,366,703,477,691,572,147,590,66,94,183,603,8,567,471,749,258,720,324,64,628,359,476,31,585,519,557,353,323,224,683,723,724,163,501,207,342,619,516,141,551,449,652,325,111,69,171,705,12,218,187,573,568,208,589,14,60,160,738,696,249,331,148,730,684,105,214,746,131,43,279,223,351,112,457,169,176,106,631,57,317,327,642,532,245,282,731,26,391,458,670,140,480,446,130,622,736,685,200,362,37,431,335,718,591,95,104,54,600,463,664,138,571,487,621,418,285,113,461,228,379,537,548,580,506,552,213,543,369,614,357,173,341,267,748,47,118,167,83,414,347,462,528,432,710,415,711,604,747,205,404,666,482,175,307,28,343,116,701,82,679,88,739,193,726,498,136,429,502,612,290,233,525,165,53,408,92,368,443,451,715,119,44,3,587,626,340,152,159,305,254,486,638,377,515,280,428,129,73,410,263,447,157,35,189,667,716,
191,87.97285294532776,161719.03575869062,159155.24143219177,633,97,727,360,472,387,186,734,336,29,294,456,321,292,345,524,10,349,547,156,273,629,109,221,450,729,338,640,1,198,284,714,401,497,675,143,398,65,237,295,257,288,311,289,177,444,71,686,632,51,0,231,227,735,142,440,687,286,556,441,737,555,625,636,154,236,210,79,553,332,469,243,563,699,605,695,630,648,562,246,68,411,301,599,484,406,48,496,520,581,644,380,426,133,300,59,277,565,439,146,608,488,561,114,304,202,674,741,454,473,722,151,505,329,87,616,262,702,721,32,2,470,184,596,164,302,658,434,545,371,397,662,409,597,448,576,145,330,678,350,586,125,24,101,601,181,275,75,508,204,403,303,25,89,653,579,399,659,623,546,238,582,144,407,269,127,393,382,475,663,55,108,132,400,507,620,370,594,593,149,172,170,493,45,535,102,610,657,732,220,319,203,442,681,575,624,39,23,713,425,646,690,655,268,673,542,733,255,356,661,190,438,247,514,50,592,474,115,386,694,489,61,402,271,384,199,174,134,355,698,697,137,293,700,672,352,337,437,297,479,194,252,649,314,339,46,494,550,226,122,709,522,261,564,225,309,232,11,358,647,99,256,86,512,264,117,405,396,306,389,278,459,634,298,222,153,375,530,617,266,536,390,598,574,478,215,81,16,381,346,669,392,367,421,30,503,500,93,745,276,248,103,641,665,299,27,385,259,677,17,100,643,688,211,420,554,84,251,296,274,374,639,490,395,376,383,20,195,121,529,566,52,544,436,651,584,510,717,209,253,107,19,182,70,344,191,313,315,588,188,348,483,615,22,265,560,7,4,531,185,523,287,168,637,318,56,139,38,689,120,583,692,76,577,491,33,308,413,363,708,485,650,91,541,18,326,90,110,281,179,40,328,654,569,680,558,606,595,333,533,693,96,521,725,239,74,283,481,135,513,13,155,430,511,201,538,539,706,526,216,192,126,423,412,419,270,465,540,235,422,468,518,212,250,578,77,15,310,618,123,36,492,740,635,611,676,435,128,388,63,744,559,495,21,682,645,656,34,41,549,509,364,316,627,162,719,609,613,58,9,197,150,166,62,180,570,334,42,707,504,671,517,660,607,602,445,743,244,178,499,312,206,433,78,416,460,728,217,464,322,230,373,161,427,534,455,372,49,219,361,67,417,320,6,241,424,158,229,452,742,5,196,668,124,260,72,704,234,242,85,466,712,453,80,354,272,467,378,240,365,291,394,98,527,366,703,477,691,572,147,590,66,94,183,603,8,567,471,749,258,720,324,64,628,359,476,31,585,519,557,353,323,224,683,723,724,163,501,207,342,619,516,141,551,449,652,325,111,69,171,705,12,218,187,573,568,208,589,14,60,160,738,696,249,331,148,730,684,105,214,746,131,43,279,223,351,112,457,169,176,106,631,57,317,327,642,532,245,282,731,26,391,458,670,140,480,446,130,622,736,685,200,362,37,431,335,718,591,95,104,54,600,463,664,138,571,487,621,418,285,113,461,228,379,537,548,580,506,552,213,543,369,614,357,173,341,267,748,47,118,167,83,414,347,462,528,432,710,415,711,604,747,205,404,666,482,175,307,28,343,116,701,82,679,88,739,193,726,498,136,429,502,612,290,233,525,165,53,408,92,368,443,451,715,119,44,3,587,626,340,152,159,305,254,486,638,377,515,280,428,129,73,410,263,447,157,35,189,667,716,
192,88.36808013916016,inf,159155.24143219177,633,97,727,360,472,387,186,734,336,29,294,456,321,292,345,524,10,349,547,156,273,629,109,221,450,729,338,640,1,198,284,714,401,497,675,143,398,65,237,295,257,288,311,289,177,444,71,686,632,51,0,231,227,735,142,440,687,286,556,441,737,555,625,636,154,236,210,79,553,332,469,243,563,699,605,695,630,648,562,246,68,411,301,599,484,406,48,496,520,581,644,380,426,133,300,59,277,565,439,146,608,488,561,114,304,202,674,741,454,473,722,151,505,329,87,616,262,702,721,32,2,470,184,596,164,302,658,434,545,371,397,662,409,597,448,576,145,330,678,350,586,125,24,101,601,181,275,75,508,204,403,303,25,89,653,579,399,659,623,546,238,582,144,407,269,127,393,382,475,663,55,108,132,400,507,620,370,594,593,149,172,170,493,45,535,102,610,657,732,220,319,203,442,681,575,624,39,23,713,425,646,690,655,268,673,542,733,255,356,661,190,438,247,514,50,592,474,115,386,694,489,61,402,271,384,199,174,134,355,698,697,137,293,700,672,352,337,437,297,479,194,252,649,314,339,46,494,550,226,122,709,522,261,564,225,309,232,11,358,647,99,256,86,512,264,117,405,396,306,389,278,459,634,298,222,153,375,530,617,266,536,390,598,574,478,215,81,16,381,346,669,392,367,421,30,503,500,93,745,276,248,103,641,665,299,27,385,259,677,17,100,643,688,211,420,554,84,251,296,274,374,639,490,395,376,383,20,195,121,529,566,52,544,436,651,584,510,717,209,253,107,19,182,70,344,191,313,315,588,188,348,483,615,22,265,560,7,4,531,185,523,287,168,637,318,56,139,38,689,120,583,692,76,577,491,33,308,413,363,708,485,650,91,541,18,326,90,110,281,179,40,328,654,569,680,558,606,595,333,533,693,96,521,725,239,74,283,481,135,513,13,155,430,511,201,538,539,706,526,216,192,126,423,412,419,270,465,540,235,422,468,518,212,250,578,77,15,310,618,123,36,492,740,635,611,676,435,128,388,63,744,559,495,21,682,645,656,34,41,549,509,364,316,627,162,719,609,613,58,9,197,150,166,62,180,570,334,42,707,504,671,517,660,607,602,445,743,244,178,499,312,206,433,78,416,460,728,217,464,322,230,373,161,427,534,455,372,49,219,361,67,417,320,6,241,424,158,229,452,742,5,196,668,124,260,72,704,234,242,85,466,712,453,80,354,272,467,378,240,365,291,394,98,527,366,703,477,691,572,147,590,66,94,183,603,8,567,471,749,258,720,324,64,628,359,476,31,585,519,557,353,323,224,683,723,724,163,501,207,342,619,516,141,551,449,652,325,111,69,171,705,12,218,187,573,568,208,589,14,60,160,738,696,249,331,148,730,684,105,214,746,131,43,279,223,351,112,457,169,176,106,631,57,317,327,642,532,245,282,731,26,391,458,670,140,480,446,130,622,736,685,200,362,37,431,335,718,591,95,104,54,600,463,664,138,571,487,621,418,285,113,461,228,379,537,548,580,506,552,213,543,369,614,357,173,341,267,748,47,118,167,83,414,347,462,528,432,710,415,711,604,747,205,404,666,482,175,307,28,343,116,701,82,679,88,739,193,726,498,136,429,502,612,290,233,525,165,53,408,92,368,443,451,715,119,44,3,587,626,340,152,159,305,254,486,638,377,515,280,428,129,73,410,263,447,157,35,189,667,716,
193,88.80969190597534,163102.6966393151,159155.24143219177,633,97,727,360,472,387,186,734,336,29,294,456,321,292,345,524,10,349,547,156,273,629,109,221,450,729,338,640,1,198,284,714,401,497,675,143,398,65,237,295,257,288,311,289,177,444,71,686,632,51,0,231,227,735,142,440,687,286,556,441,737,555,625,636,154,236,210,79,553,332,469,243,563,699,605,695,630,648,562,246,68,411,301,599,484,406,48,496,520,581,644,380,426,133,300,59,277,565,439,146,608,488,561,114,304,202,674,741,454,473,722,151,505,329,87,616,262,702,721,32,2,470,184,596,164,302,658,434,545,371,397,662,409,597,448,576,145,330,678,350,586,125,24,101,601,181,275,75,508,204,403,303,25,89,653,579,399,659,623,546,238,582,144,407,269,127,393,382,475,663,55,108,132,400,507,620,370,594,593,149,172,170,493,45,535,102,610,657,732,220,319,203,442,681,575,624,39,23,713,425,646,690,655,268,673,542,733,255,356,661,190,438,247,514,50,592,474,115,386,694,489,61,402,271,384,199,174,134,355,698,697,137,293,700,672,352,337,437,297,479,194,252,649,314,339,46,494,550,226,122,709,522,261,564,225,309,232,11,358,647,99,256,86,512,264,117,405,396,306,389,278,459,634,298,222,153,375,530,617,266,536,390,598,574,478,215,81,16,381,346,669,392,367,421,30,503,500,93,745,276,248,103,641,665,299,27,385,259,677,17,100,643,688,211,420,554,84,251,296,274,374,639,490,395,376,383,20,195,121,529,566,52,544,436,651,584,510,717,209,253,107,19,182,70,344,191,313,315,588,188,348,483,615,22,265,560,7,4,531,185,523,287,168,637,318,56,139,38,689,120,583,692,76,577,491,33,308,413,363,708,485,650,91,541,18,326,90,110,281,179,40,328,654,569,680,558,606,595,333,533,693,96,521,725,239,74,283,481,135,513,13,155,430,511,201,538,539,706,526,216,192,126,423,412,419,270,465,540,235,422,468,518,212,250,578,77,15,310,618,123,36,492,740,635,611,676,435,128,388,63,744,559,495,21,682,645,656,34,41,549,509,364,316,627,162,719,609,613,58,9,197,150,166,62,180,570,334,42,707,504,671,517,660,607,602,445,743,244,178,499,312,206,433,78,416,460,728,217,464,322,230,373,161,427,534,455,372,49,219,361,67,417,320,6,241,424,158,229,452,742,5,196,668,124,260,72,704,234,242,85,466,712,453,80,354,272,467,378,240,365,291,394,98,527,366,703,477,691,572,147,590,66,94,183,603,8,567,471,749,258,720,324,64,628,359,476,31,585,519,557,353,323,224,683,723,724,163,501,207,342,619,516,141,551,449,652,325,111,69,171,705,12,218,187,573,568,208,589,14,60,160,738,696,249,331,148,730,684,105,214,746,131,43,279,223,351,112,457,169,176,106,631,57,317,327,642,532,245,282,731,26,391,458,670,140,480,446,130,622,736,685,200,362,37,431,335,718,591,95,104,54,600,463,664,138,571,487,621,418,285,113,461,228,379,537,548,580,506,552,213,543,369,614,357,173,341,267,748,47,118,167,83,414,347,462,528,432,710,415,711,604,747,205,404,666,482,175,307,28,343,116,701,82,679,88,739,193,726,498,136,429,502,612,290,233,525,165,53,408,92,368,443,451,715,119,44,3,587,626,340,152,159,305,254,486,638,377,515,280,428,129,73,410,263,447,157,35,189,667,716,
194,89.22186088562012,162678.41741104567,159155.24143219177,633,97,727,360,472,387,186,734,336,29,294,456,321,292,345,524,10,349,547,156,273,629,109,221,450,729,338,640,1,198,284,714,401,497,675,143,398,65,237,295,257,288,311,289,177,444,71,686,632,51,0,231,227,735,142,440,687,286,556,441,737,555,625,636,154,236,210,79,553,332,469,243,563,699,605,695,630,648,562,246,68,411,301,599,484,406,48,496,520,581,644,380,426,133,300,59,277,565,439,146,608,488,561,114,304,202,674,741,454,473,722,151,505,329,87,616,262,702,721,32,2,470,184,596,164,302,658,434,545,371,397,662,409,597,448,576,145,330,678,350,586,125,24,101,601,181,275,75,508,204,403,303,25,89,653,579,399,659,623,546,238,582,144,407,269,127,393,382,475,663,55,108,132,400,507,620,370,594,593,149,172,170,493,45,535,102,610,657,732,220,319,203,442,681,575,624,39,23,713,425,646,690,655,268,673,542,733,255,356,661,190,438,247,514,50,592,474,115,386,694,489,61,402,271,384,199,174,134,355,698,697,137,293,700,672,352,337,437,297,479,194,252,649,314,339,46,494,550,226,122,709,522,261,564,225,309,232,11,358,647,99,256,86,512,264,117,405,396,306,389,278,459,634,298,222,153,375,530,617,266,536,390,598,574,478,215,81,16,381,346,669,392,367,421,30,503,500,93,745,276,248,103,641,665,299,27,385,259,677,17,100,643,688,211,420,554,84,251,296,274,374,639,490,395,376,383,20,195,121,529,566,52,544,436,651,584,510,717,209,253,107,19,182,70,344,191,313,315,588,188,348,483,615,22,265,560,7,4,531,185,523,287,168,637,318,56,139,38,689,120,583,692,76,577,491,33,308,413,363,708,485,650,91,541,18,326,90,110,281,179,40,328,654,569,680,558,606,595,333,533,693,96,521,725,239,74,283,481,135,513,13,155,430,511,201,538,539,706,526,216,192,126,423,412,419,270,465,540,235,422,468,518,212,250,578,77,15,310,618,123,36,492,740,635,611,676,435,128,388,63,744,559,495,21,682,645,656,34,41,549,509,364,316,627,162,719,609,613,58,9,197,150,166,62,180,570,334,42,707,504,671,517,660,607,602,445,743,244,178,499,312,206,433,78,416,460,728,217,464,322,230,373,161,427,534,455,372,49,219,361,67,417,320,6,241,424,158,229,452,742,5,196,668,124,260,72,704,234,242,85,466,712,453,80,354,272,467,378,240,365,291,394,98,527,366,703,477,691,572,147,590,66,94,183,603,8,567,471,749,258,720,324,64,628,359,476,31,585,519,557,353,323,224,683,723,724,163,501,207,342,619,516,141,551,449,652,325,111,69,171,705,12,218,187,573,568,208,589,14,60,160,738,696,249,331,148,730,684,105,214,746,131,43,279,223,351,112,457,169,176,106,631,57,317,327,642,532,245,282,731,26,391,458,670,140,480,446,130,622,736,685,200,362,37,431,335,718,591,95,104,54,600,463,664,138,571,487,621,418,285,113,461,228,379,537,548,580,506,552,213,543,369,614,357,173,341,267,748,47,118,167,83,414,347,462,528,432,710,415,711,604,747,205,404,666,482,175,307,28,343,116,701,82,679,88,739,193,726,498,136,429,502,612,290,233,525,165,53,408,92,368,443,451,715,119,44,3,587,626,340,152,159,305,254,486,638,377,515,280,428,129,73,410,263,447,157,35,189,667,716,
195,89.73009204864502,161772.58239198074,159155.24143219177,633,97,727,360,472,387,186,734,336,29,294,456,321,292,345,524,10,349,547,156,273,629,109,221,450,729,338,640,1,198,284,714,401,497,675,143,398,65,237,295,257,288,311,289,177,444,71,686,632,51,0,231,227,735,142,440,687,286,556,441,737,555,625,636,154,236,210,79,553,332,469,243,563,699,605,695,630,648,562,246,68,411,301,599,484,406,48,496,520,581,644,380,426,133,300,59,277,565,439,146,608,488,561,114,304,202,674,741,454,473,722,151,505,329,87,616,262,702,721,32,2,470,184,596,164,302,658,434,545,371,397,662,409,597,448,576,145,330,678,350,586,125,24,101,601,181,275,75,508,204,403,303,25,89,653,579,399,659,623,546,238,582,144,407,269,127,393,382,475,663,55,108,132,400,507,620,370,594,593,149,172,170,493,45,535,102,610,657,732,220,319,203,442,681,575,624,39,23,713,425,646,690,655,268,673,542,733,255,356,661,190,438,247,514,50,592,474,115,386,694,489,61,402,271,384,199,174,134,355,698,697,137,293,700,672,352,337,437,297,479,194,252,649,314,339,46,494,550,226,122,709,522,261,564,225,309,232,11,358,647,99,256,86,512,264,117,405,396,306,389,278,459,634,298,222,153,375,530,617,266,536,390,598,574,478,215,81,16,381,346,669,392,367,421,30,503,500,93,745,276,248,103,641,665,299,27,385,259,677,17,100,643,688,211,420,554,84,251,296,274,374,639,490,395,376,383,20,195,121,529,566,52,544,436,651,584,510,717,209,253,107,19,182,70,344,191,313,315,588,188,348,483,615,22,265,560,7,4,531,185,523,287,168,637,318,56,139,38,689,120,583,692,76,577,491,33,308,413,363,708,485,650,91,541,18,326,90,110,281,179,40,328,654,569,680,558,606,595,333,533,693,96,521,725,239,74,283,481,135,513,13,155,430,511,201,538,539,706,526,216,192,126,423,412,419,270,465,540,235,422,468,518,212,250,578,77,15,310,618,123,36,492,740,635,611,676,435,128,388,63,744,559,495,21,682,645,656,34,41,549,509,364,316,627,162,719,609,613,58,9,197,150,166,62,180,570,334,42,707,504,671,517,660,607,602,445,743,244,178,499,312,206,433,78,416,460,728,217,464,322,230,373,161,427,534,455,372,49,219,361,67,417,320,6,241,424,158,229,452,742,5,196,668,124,260,72,704,234,242,85,466,712,453,80,354,272,467,378,240,365,291,394,98,527,366,703,477,691,572,147,590,66,94,183,603,8,567,471,749,258,720,324,64,628,359,476,31,585,519,557,353,323,224,683,723,724,163,501,207,342,619,516,141,551,449,652,325,111,69,171,705,12,218,187,573,568,208,589,14,60,160,738,696,249,331,148,730,684,105,214,746,131,43,279,223,351,112,457,169,176,106,631,57,317,327,642,532,245,282,731,26,391,458,670,140,480,446,130,622,736,685,200,362,37,431,335,718,591,95,104,54,600,463,664,138,571,487,621,418,285,113,461,228,379,537,548,580,506,552,213,543,369,614,357,173,341,267,748,47,118,167,83,414,347,462,528,432,710,415,711,604,747,205,404,666,482,175,307,28,343,116,701,82,679,88,739,193,726,498,136,429,502,612,290,233,525,165,53,408,92,368,443,451,715,119,44,3,587,626,340,152,159,305,254,486,638,377,515,280,428,129,73,410,263,447,157,35,189,667,716,
196,90.10737657546997,163720.08620357155,159155.24143219177,633,97,727,360,472,387,186,734,336,29,294,456,321,292,345,524,10,349,547,156,273,629,109,221,450,729,338,640,1,198,284,714,401,497,675,143,398,65,237,295,257,288,311,289,177,444,71,686,632,51,0,231,227,735,142,440,687,286,556,441,737,555,625,636,154,236,210,79,553,332,469,243,563,699,605,695,630,648,562,246,68,411,301,599,484,406,48,496,520,581,644,380,426,133,300,59,277,565,439,146,608,488,561,114,304,202,674,741,454,473,722,151,505,329,87,616,262,702,721,32,2,470,184,596,164,302,658,434,545,371,397,662,409,597,448,576,145,330,678,350,586,125,24,101,601,181,275,75,508,204,403,303,25,89,653,579,399,659,623,546,238,582,144,407,269,127,393,382,475,663,55,108,132,400,507,620,370,594,593,149,172,170,493,45,535,102,610,657,732,220,319,203,442,681,575,624,39,23,713,425,646,690,655,268,673,542,733,255,356,661,190,438,247,514,50,592,474,115,386,694,489,61,402,271,384,199,174,134,355,698,697,137,293,700,672,352,337,437,297,479,194,252,649,314,339,46,494,550,226,122,709,522,261,564,225,309,232,11,358,647,99,256,86,512,264,117,405,396,306,389,278,459,634,298,222,153,375,530,617,266,536,390,598,574,478,215,81,16,381,346,669,392,367,421,30,503,500,93,745,276,248,103,641,665,299,27,385,259,677,17,100,643,688,211,420,554,84,251,296,274,374,639,490,395,376,383,20,195,121,529,566,52,544,436,651,584,510,717,209,253,107,19,182,70,344,191,313,315,588,188,348,483,615,22,265,560,7,4,531,185,523,287,168,637,318,56,139,38,689,120,583,692,76,577,491,33,308,413,363,708,485,650,91,541,18,326,90,110,281,179,40,328,654,569,680,558,606,595,333,533,693,96,521,725,239,74,283,481,135,513,13,155,430,511,201,538,539,706,526,216,192,126,423,412,419,270,465,540,235,422,468,518,212,250,578,77,15,310,618,123,36,492,740,635,611,676,435,128,388,63,744,559,495,21,682,645,656,34,41,549,509,364,316,627,162,719,609,613,58,9,197,150,166,62,180,570,334,42,707,504,671,517,660,607,602,445,743,244,178,499,312,206,433,78,416,460,728,217,464,322,230,373,161,427,534,455,372,49,219,361,67,417,320,6,241,424,158,229,452,742,5,196,668,124,260,72,704,234,242,85,466,712,453,80,354,272,467,378,240,365,291,394,98,527,366,703,477,691,572,147,590,66,94,183,603,8,567,471,749,258,720,324,64,628,359,476,31,585,519,557,353,323,224,683,723,724,163,501,207,342,619,516,141,551,449,652,325,111,69,171,705,12,218,187,573,568,208,589,14,60,160,738,696,249,331,148,730,684,105,214,746,131,43,279,223,351,112,457,169,176,106,631,57,317,327,642,532,245,282,731,26,391,458,670,140,480,446,130,622,736,685,200,362,37,431,335,718,591,95,104,54,600,463,664,138,571,487,621,418,285,113,461,228,379,537,548,580,506,552,213,543,369,614,357,173,341,267,748,47,118,167,83,414,347,462,528,432,710,415,711,604,747,205,404,666,482,175,307,28,343,116,701,82,679,88,739,193,726,498,136,429,502,612,290,233,525,165,53,408,92,368,443,451,715,119,44,3,587,626,340,152,159,305,254,486,638,377,515,280,428,129,73,410,263,447,157,35,189,667,716,
197,90.50549244880676,164528.56892777115,159155.24143219177,633,97,727,360,472,387,186,734,336,29,294,456,321,292,345,524,10,349,547,156,273,629,109,221,450,729,338,640,1,198,284,714,401,497,675,143,398,65,237,295,257,288,311,289,177,444,71,686,632,51,0,231,227,735,142,440,687,286,556,441,737,555,625,636,154,236,210,79,553,332,469,243,563,699,605,695,630,648,562,246,68,411,301,599,484,406,48,496,520,581,644,380,426,133,300,59,277,565,439,146,608,488,561,114,304,202,674,741,454,473,722,151,505,329,87,616,262,702,721,32,2,470,184,596,164,302,658,434,545,371,397,662,409,597,448,576,145,330,678,350,586,125,24,101,601,181,275,75,508,204,403,303,25,89,653,579,399,659,623,546,238,582,144,407,269,127,393,382,475,663,55,108,132,400,507,620,370,594,593,149,172,170,493,45,535,102,610,657,732,220,319,203,442,681,575,624,39,23,713,425,646,690,655,268,673,542,733,255,356,661,190,438,247,514,50,592,474,115,386,694,489,61,402,271,384,199,174,134,355,698,697,137,293,700,672,352,337,437,297,479,194,252,649,314,339,46,494,550,226,122,709,522,261,564,225,309,232,11,358,647,99,256,86,512,264,117,405,396,306,389,278,459,634,298,222,153,375,530,617,266,536,390,598,574,478,215,81,16,381,346,669,392,367,421,30,503,500,93,745,276,248,103,641,665,299,27,385,259,677,17,100,643,688,211,420,554,84,251,296,274,374,639,490,395,376,383,20,195,121,529,566,52,544,436,651,584,510,717,209,253,107,19,182,70,344,191,313,315,588,188,348,483,615,22,265,560,7,4,531,185,523,287,168,637,318,56,139,38,689,120,583,692,76,577,491,33,308,413,363,708,485,650,91,541,18,326,90,110,281,179,40,328,654,569,680,558,606,595,333,533,693,96,521,725,239,74,283,481,135,513,13,155,430,511,201,538,539,706,526,216,192,126,423,412,419,270,465,540,235,422,468,518,212,250,578,77,15,310,618,123,36,492,740,635,611,676,435,128,388,63,744,559,495,21,682,645,656,34,41,549,509,364,316,627,162,719,609,613,58,9,197,150,166,62,180,570,334,42,707,504,671,517,660,607,602,445,743,244,178,499,312,206,433,78,416,460,728,217,464,322,230,373,161,427,534,455,372,49,219,361,67,417,320,6,241,424,158,229,452,742,5,196,668,124,260,72,704,234,242,85,466,712,453,80,354,272,467,378,240,365,291,394,98,527,366,703,477,691,572,147,590,66,94,183,603,8,567,471,749,258,720,324,64,628,359,476,31,585,519,557,353,323,224,683,723,724,163,501,207,342,619,516,141,551,449,652,325,111,69,171,705,12,218,187,573,568,208,589,14,60,160,738,696,249,331,148,730,684,105,214,746,131,43,279,223,351,112,457,169,176,106,631,57,317,327,642,532,245,282,731,26,391,458,670,140,480,446,130,622,736,685,200,362,37,431,335,718,591,95,104,54,600,463,664,138,571,487,621,418,285,113,461,228,379,537,548,580,506,552,213,543,369,614,357,173,341,267,748,47,118,167,83,414,347,462,528,432,710,415,711,604,747,205,404,666,482,175,307,28,343,116,701,82,679,88,739,193,726,498,136,429,502,612,290,233,525,165,53,408,92,368,443,451,715,119,44,3,587,626,340,152,159,305,254,486,638,377,515,280,428,129,73,410,263,447,157,35,189,667,716,
198,90.99516320228577,164492.50067519394,159155.24143219177,633,97,727,360,472,387,186,734,336,29,294,456,321,292,345,524,10,349,547,156,273,629,109,221,450,729,338,640,1,198,284,714,401,497,675,143,398,65,237,295,257,288,311,289,177,444,71,686,632,51,0,231,227,735,142,440,687,286,556,441,737,555,625,636,154,236,210,79,553,332,469,243,563,699,605,695,630,648,562,246,68,411,301,599,484,406,48,496,520,581,644,380,426,133,300,59,277,565,439,146,608,488,561,114,304,202,674,741,454,473,722,151,505,329,87,616,262,702,721,32,2,470,184,596,164,302,658,434,545,371,397,662,409,597,448,576,145,330,678,350,586,125,24,101,601,181,275,75,508,204,403,303,25,89,653,579,399,659,623,546,238,582,144,407,269,127,393,382,475,663,55,108,132,400,507,620,370,594,593,149,172,170,493,45,535,102,610,657,732,220,319,203,442,681,575,624,39,23,713,425,646,690,655,268,673,542,733,255,356,661,190,438,247,514,50,592,474,115,386,694,489,61,402,271,384,199,174,134,355,698,697,137,293,700,672,352,337,437,297,479,194,252,649,314,339,46,494,550,226,122,709,522,261,564,225,309,232,11,358,647,99,256,86,512,264,117,405,396,306,389,278,459,634,298,222,153,375,530,617,266,536,390,598,574,478,215,81,16,381,346,669,392,367,421,30,503,500,93,745,276,248,103,641,665,299,27,385,259,677,17,100,643,688,211,420,554,84,251,296,274,374,639,490,395,376,383,20,195,121,529,566,52,544,436,651,584,510,717,209,253,107,19,182,70,344,191,313,315,588,188,348,483,615,22,265,560,7,4,531,185,523,287,168,637,318,56,139,38,689,120,583,692,76,577,491,33,308,413,363,708,485,650,91,541,18,326,90,110,281,179,40,328,654,569,680,558,606,595,333,533,693,96,521,725,239,74,283,481,135,513,13,155,430,511,201,538,539,706,526,216,192,126,423,412,419,270,465,540,235,422,468,518,212,250,578,77,15,310,618,123,36,492,740,635,611,676,435,128,388,63,744,559,495,21,682,645,656,34,41,549,509,364,316,627,162,719,609,613,58,9,197,150,166,62,180,570,334,42,707,504,671,517,660,607,602,445,743,244,178,499,312,206,433,78,416,460,728,217,464,322,230,373,161,427,534,455,372,49,219,361,67,417,320,6,241,424,158,229,452,742,5,196,668,124,260,72,704,234,242,85,466,712,453,80,354,272,467,378,240,365,291,394,98,527,366,703,477,691,572,147,590,66,94,183,603,8,567,471,749,258,720,324,64,628,359,476,31,585,519,557,353,323,224,683,723,724,163,501,207,342,619,516,141,551,449,652,325,111,69,171,705,12,218,187,573,568,208,589,14,60,160,738,696,249,331,148,730,684,105,214,746,131,43,279,223,351,112,457,169,176,106,631,57,317,327,642,532,245,282,731,26,391,458,670,140,480,446,130,622,736,685,200,362,37,431,335,718,591,95,104,54,600,463,664,138,571,487,621,418,285,113,461,228,379,537,548,580,506,552,213,543,369,614,357,173,341,267,748,47,118,167,83,414,347,462,528,432,710,415,711,604,747,205,404,666,482,175,307,28,343,116,701,82,679,88,739,193,726,498,136,429,502,612,290,233,525,165,53,408,92,368,443,451,715,119,44,3,587,626,340,152,159,305,254,486,638,377,515,280,428,129,73,410,263,447,157,35,189,667,716,
199,91.41157102584839,163366.29284192304,159155.24143219177,633,97,727,360,472,387,186,734,336,29,294,456,321,292,345,524,10,349,547,156,273,629,109,221,450,729,338,640,1,198,284,714,401,497,675,143,398,65,237,295,257,288,311,289,177,444,71,686,632,51,0,231,227,735,142,440,687,286,556,441,737,555,625,636,154,236,210,79,553,332,469,243,563,699,605,695,630,648,562,246,68,411,301,599,484,406,48,496,520,581,644,380,426,133,300,59,277,565,439,146,608,488,561,114,304,202,674,741,454,473,722,151,505,329,87,616,262,702,721,32,2,470,184,596,164,302,658,434,545,371,397,662,409,597,448,576,145,330,678,350,586,125,24,101,601,181,275,75,508,204,403,303,25,89,653,579,399,659,623,546,238,582,144,407,269,127,393,382,475,663,55,108,132,400,507,620,370,594,593,149,172,170,493,45,535,102,610,657,732,220,319,203,442,681,575,624,39,23,713,425,646,690,655,268,673,542,733,255,356,661,190,438,247,514,50,592,474,115,386,694,489,61,402,271,384,199,174,134,355,698,697,137,293,700,672,352,337,437,297,479,194,252,649,314,339,46,494,550,226,122,709,522,261,564,225,309,232,11,358,647,99,256,86,512,264,117,405,396,306,389,278,459,634,298,222,153,375,530,617,266,536,390,598,574,478,215,81,16,381,346,669,392,367,421,30,503,500,93,745,276,248,103,641,665,299,27,385,259,677,17,100,643,688,211,420,554,84,251,296,274,374,639,490,395,376,383,20,195,121,529,566,52,544,436,651,584,510,717,209,253,107,19,182,70,344,191,313,315,588,188,348,483,615,22,265,560,7,4,531,185,523,287,168,637,318,56,139,38,689,120,583,692,76,577,491,33,308,413,363,708,485,650,91,541,18,326,90,110,281,179,40,328,654,569,680,558,606,595,333,533,693,96,521,725,239,74,283,481,135,513,13,155,430,511,201,538,539,706,526,216,192,126,423,412,419,270,465,540,235,422,468,518,212,250,578,77,15,310,618,123,36,492,740,635,611,676,435,128,388,63,744,559,495,21,682,645,656,34,41,549,509,364,316,627,162,719,609,613,58,9,197,150,166,62,180,570,334,42,707,504,671,517,660,607,602,445,743,244,178,499,312,206,433,78,416,460,728,217,464,322,230,373,161,427,534,455,372,49,219,361,67,417,320,6,241,424,158,229,452,742,5,196,668,124,260,72,704,234,242,85,466,712,453,80,354,272,467,378,240,365,291,394,98,527,366,703,477,691,572,147,590,66,94,183,603,8,567,471,749,258,720,324,64,628,359,476,31,585,519,557,353,323,224,683,723,724,163,501,207,342,619,516,141,551,449,652,325,111,69,171,705,12,218,187,573,568,208,589,14,60,160,738,696,249,331,148,730,684,105,214,746,131,43,279,223,351,112,457,169,176,106,631,57,317,327,642,532,245,282,731,26,391,458,670,140,480,446,130,622,736,685,200,362,37,431,335,718,591,95,104,54,600,463,664,138,571,487,621,418,285,113,461,228,379,537,548,580,506,552,213,543,369,614,357,173,341,267,748,47,118,167,83,414,347,462,528,432,710,415,711,604,747,205,404,666,482,175,307,28,343,116,701,82,679,88,739,193,726,498,136,429,502,612,290,233,525,165,53,408,92,368,443,451,715,119,44,3,587,626,340,152,159,305,254,486,638,377,515,280,428,129,73,410,263,447,157,35,189,667,716,
200,91.82901763916016,163918.5580206494,159155.24143219177,633,97,727,360,472,387,186,734,336,29,294,456,321,292,345,524,10,349,547,156,273,629,109,221,450,729,338,640,1,198,284,714,401,497,675,143,398,65,237,295,257,288,311,289,177,444,71,686,632,51,0,231,227,735,142,440,687,286,556,441,737,555,625,636,154,236,210,79,553,332,469,243,563,699,605,695,630,648,562,246,68,411,301,599,484,406,48,496,520,581,644,380,426,133,300,59,277,565,439,146,608,488,561,114,304,202,674,741,454,473,722,151,505,329,87,616,262,702,721,32,2,470,184,596,164,302,658,434,545,371,397,662,409,597,448,576,145,330,678,350,586,125,24,101,601,181,275,75,508,204,403,303,25,89,653,579,399,659,623,546,238,582,144,407,269,127,393,382,475,663,55,108,132,400,507,620,370,594,593,149,172,170,493,45,535,102,610,657,732,220,319,203,442,681,575,624,39,23,713,425,646,690,655,268,673,542,733,255,356,661,190,438,247,514,50,592,474,115,386,694,489,61,402,271,384,199,174,134,355,698,697,137,293,700,672,352,337,437,297,479,194,252,649,314,339,46,494,550,226,122,709,522,261,564,225,309,232,11,358,647,99,256,86,512,264,117,405,396,306,389,278,459,634,298,222,153,375,530,617,266,536,390,598,574,478,215,81,16,381,346,669,392,367,421,30,503,500,93,745,276,248,103,641,665,299,27,385,259,677,17,100,643,688,211,420,554,84,251,296,274,374,639,490,395,376,383,20,195,121,529,566,52,544,436,651,584,510,717,209,253,107,19,182,70,344,191,313,315,588,188,348,483,615,22,265,560,7,4,531,185,523,287,168,637,318,56,139,38,689,120,583,692,76,577,491,33,308,413,363,708,485,650,91,541,18,326,90,110,281,179,40,328,654,569,680,558,606,595,333,533,693,96,521,725,239,74,283,481,135,513,13,155,430,511,201,538,539,706,526,216,192,126,423,412,419,270,465,540,235,422,468,518,212,250,578,77,15,310,618,123,36,492,740,635,611,676,435,128,388,63,744,559,495,21,682,645,656,34,41,549,509,364,316,627,162,719,609,613,58,9,197,150,166,62,180,570,334,42,707,504,671,517,660,607,602,445,743,244,178,499,312,206,433,78,416,460,728,217,464,322,230,373,161,427,534,455,372,49,219,361,67,417,320,6,241,424,158,229,452,742,5,196,668,124,260,72,704,234,242,85,466,712,453,80,354,272,467,378,240,365,291,394,98,527,366,703,477,691,572,147,590,66,94,183,603,8,567,471,749,258,720,324,64,628,359,476,31,585,519,557,353,323,224,683,723,724,163,501,207,342,619,516,141,551,449,652,325,111,69,171,705,12,218,187,573,568,208,589,14,60,160,738,696,249,331,148,730,684,105,214,746,131,43,279,223,351,112,457,169,176,106,631,57,317,327,642,532,245,282,731,26,391,458,670,140,480,446,130,622,736,685,200,362,37,431,335,718,591,95,104,54,600,463,664,138,571,487,621,418,285,113,461,228,379,537,548,580,506,552,213,543,369,614,357,173,341,267,748,47,118,167,83,414,347,462,528,432,710,415,711,604,747,205,404,666,482,175,307,28,343,116,701,82,679,88,739,193,726,498,136,429,502,612,290,233,525,165,53,408,92,368,443,451,715,119,44,3,587,626,340,152,159,305,254,486,638,377,515,280,428,129,73,410,263,447,157,35,189,667,716,
201,92.23548436164856,164056.68391728625,158981.64882389837,727,360,472,387,186,734,336,29,294,456,321,292,345,524,10,349,547,156,273,629,109,221,450,729,338,640,1,198,284,714,401,497,675,143,398,65,237,295,257,288,311,289,177,444,71,686,632,51,0,231,227,735,142,440,687,286,556,441,737,555,625,636,154,236,210,79,553,332,469,243,563,699,605,695,630,648,562,246,68,411,301,599,484,406,48,496,520,581,644,380,426,133,300,59,277,565,439,146,608,488,561,114,304,202,674,741,454,473,722,151,505,329,87,616,262,702,721,32,2,470,184,596,164,302,658,434,545,371,397,662,409,597,448,576,145,330,678,350,586,125,24,101,601,181,275,75,508,204,403,303,25,89,653,579,399,659,623,546,238,582,144,407,269,127,393,382,475,663,55,108,132,400,507,620,370,594,593,149,172,170,493,45,535,102,610,657,732,220,319,203,442,681,575,624,39,23,713,425,646,690,655,268,673,542,733,255,356,661,190,438,247,514,50,592,474,115,386,694,489,61,402,271,384,199,174,134,355,698,697,137,293,700,672,352,337,437,297,479,194,252,649,314,339,46,494,550,226,122,709,522,261,564,225,309,232,11,358,647,99,256,86,512,264,117,405,396,306,389,278,459,634,298,222,153,375,530,617,266,536,390,598,574,478,215,81,16,381,346,669,392,367,421,30,503,500,93,745,276,248,103,641,665,299,27,385,259,677,17,100,643,688,211,420,554,84,251,296,274,374,639,490,395,376,383,20,195,121,529,566,52,544,436,651,584,510,717,209,253,107,19,182,70,344,191,313,315,588,188,348,483,615,22,265,560,7,4,531,185,523,287,168,637,318,56,139,38,689,120,583,692,76,577,491,33,308,413,363,708,485,650,91,541,18,326,90,110,281,179,40,328,654,569,680,558,606,595,333,533,693,96,521,725,239,74,283,481,135,513,13,155,430,511,201,538,539,706,526,216,192,126,423,412,419,270,465,540,235,422,468,518,212,250,578,77,15,310,618,123,36,492,740,635,611,676,435,128,388,63,744,559,495,21,682,645,656,34,41,549,509,364,316,627,162,719,609,613,58,9,197,150,166,62,180,570,334,42,707,504,671,517,660,607,602,445,743,244,178,499,312,206,433,78,416,460,728,217,464,322,230,373,161,427,534,455,372,49,219,361,67,417,320,6,241,424,158,229,452,742,5,196,668,124,260,72,704,234,242,85,466,712,453,80,354,272,467,378,240,365,291,394,98,527,366,703,477,691,572,147,590,66,94,183,603,8,567,471,749,258,720,324,64,628,359,476,31,585,519,557,353,323,224,683,723,724,163,501,207,342,619,516,141,551,449,652,325,111,69,171,705,12,218,187,573,568,208,589,14,60,160,738,696,249,331,148,730,684,105,214,746,131,43,223,279,176,106,631,57,317,327,642,532,245,282,731,26,391,458,670,140,480,446,130,622,736,685,200,362,37,431,335,718,591,95,104,54,600,463,664,138,571,487,621,418,285,113,461,228,379,537,548,580,506,552,213,543,369,614,357,173,341,267,748,47,118,167,83,414,347,462,528,432,710,415,711,604,747,205,404,666,482,175,307,28,343,116,701,82,679,88,739,193,726,498,136,429,502,612,290,233,525,351,112,457,169,165,53,408,92,368,443,451,715,119,44,3,587,626,340,152,159,305,254,486,638,377,515,280,428,129,73,410,263,447,157,35,189,667,716,633,97,
202,92.72681617736816,162414.49203293223,158981.64882389837,727,360,472,387,186,734,336,29,294,456,321,292,345,524,10,349,547,156,273,629,109,221,450,729,338,640,1,198,284,714,401,497,675,143,398,65,237,295,257,288,311,289,177,444,71,686,632,51,0,231,227,735,142,440,687,286,556,441,737,555,625,636,154,236,210,79,553,332,469,243,563,699,605,695,630,648,562,246,68,411,301,599,484,406,48,496,520,581,644,380,426,133,300,59,277,565,439,146,608,488,561,114,304,202,674,741,454,473,722,151,505,329,87,616,262,702,721,32,2,470,184,596,164,302,658,434,545,371,397,662,409,597,448,576,145,330,678,350,586,125,24,101,601,181,275,75,508,204,403,303,25,89,653,579,399,659,623,546,238,582,144,407,269,127,393,382,475,663,55,108,132,400,507,620,370,594,593,149,172,170,493,45,535,102,610,657,732,220,319,203,442,681,575,624,39,23,713,425,646,690,655,268,673,542,733,255,356,661,190,438,247,514,50,592,474,115,386,694,489,61,402,271,384,199,174,134,355,698,697,137,293,700,672,352,337,437,297,479,194,252,649,314,339,46,494,550,226,122,709,522,261,564,225,309,232,11,358,647,99,256,86,512,264,117,405,396,306,389,278,459,634,298,222,153,375,530,617,266,536,390,598,574,478,215,81,16,381,346,669,392,367,421,30,503,500,93,745,276,248,103,641,665,299,27,385,259,677,17,100,643,688,211,420,554,84,251,296,274,374,639,490,395,376,383,20,195,121,529,566,52,544,436,651,584,510,717,209,253,107,19,182,70,344,191,313,315,588,188,348,483,615,22,265,560,7,4,531,185,523,287,168,637,318,56,139,38,689,120,583,692,76,577,491,33,308,413,363,708,485,650,91,541,18,326,90,110,281,179,40,328,654,569,680,558,606,595,333,533,693,96,521,725,239,74,283,481,135,513,13,155,430,511,201,538,539,706,526,216,192,126,423,412,419,270,465,540,235,422,468,518,212,250,578,77,15,310,618,123,36,492,740,635,611,676,435,128,388,63,744,559,495,21,682,645,656,34,41,549,509,364,316,627,162,719,609,613,58,9,197,150,166,62,180,570,334,42,707,504,671,517,660,607,602,445,743,244,178,499,312,206,433,78,416,460,728,217,464,322,230,373,161,427,534,455,372,49,219,361,67,417,320,6,241,424,158,229,452,742,5,196,668,124,260,72,704,234,242,85,466,712,453,80,354,272,467,378,240,365,291,394,98,527,366,703,477,691,572,147,590,66,94,183,603,8,567,471,749,258,720,324,64,628,359,476,31,585,519,557,353,323,224,683,723,724,163,501,207,342,619,516,141,551,449,652,325,111,69,171,705,12,218,187,573,568,208,589,14,60,160,738,696,249,331,148,730,684,105,214,746,131,43,223,279,176,106,631,57,317,327,642,532,245,282,731,26,391,458,670,140,480,446,130,622,736,685,200,362,37,431,335,718,591,95,104,54,600,463,664,138,571,487,621,418,285,113,461,228,379,537,548,580,506,552,213,543,369,614,357,173,341,267,748,47,118,167,83,414,347,462,528,432,710,415,711,604,747,205,404,666,482,175,307,28,343,116,701,82,679,88,739,193,726,498,136,429,502,612,290,233,525,351,112,457,169,165,53,408,92,368,443,451,715,119,44,3,587,626,340,152,159,305,254,486,638,377,515,280,428,129,73,410,263,447,157,35,189,667,716,633,97,
203,93.11709523200989,162030.52832792132,158981.64882389837,727,360,472,387,186,734,336,29,294,456,321,292,345,524,10,349,547,156,273,629,109,221,450,729,338,640,1,198,284,714,401,497,675,143,398,65,237,295,257,288,311,289,177,444,71,686,632,51,0,231,227,735,142,440,687,286,556,441,737,555,625,636,154,236,210,79,553,332,469,243,563,699,605,695,630,648,562,246,68,411,301,599,484,406,48,496,520,581,644,380,426,133,300,59,277,565,439,146,608,488,561,114,304,202,674,741,454,473,722,151,505,329,87,616,262,702,721,32,2,470,184,596,164,302,658,434,545,371,397,662,409,597,448,576,145,330,678,350,586,125,24,101,601,181,275,75,508,204,403,303,25,89,653,579,399,659,623,546,238,582,144,407,269,127,393,382,475,663,55,108,132,400,507,620,370,594,593,149,172,170,493,45,535,102,610,657,732,220,319,203,442,681,575,624,39,23,713,425,646,690,655,268,673,542,733,255,356,661,190,438,247,514,50,592,474,115,386,694,489,61,402,271,384,199,174,134,355,698,697,137,293,700,672,352,337,437,297,479,194,252,649,314,339,46,494,550,226,122,709,522,261,564,225,309,232,11,358,647,99,256,86,512,264,117,405,396,306,389,278,459,634,298,222,153,375,530,617,266,536,390,598,574,478,215,81,16,381,346,669,392,367,421,30,503,500,93,745,276,248,103,641,665,299,27,385,259,677,17,100,643,688,211,420,554,84,251,296,274,374,639,490,395,376,383,20,195,121,529,566,52,544,436,651,584,510,717,209,253,107,19,182,70,344,191,313,315,588,188,348,483,615,22,265,560,7,4,531,185,523,287,168,637,318,56,139,38,689,120,583,692,76,577,491,33,308,413,363,708,485,650,91,541,18,326,90,110,281,179,40,328,654,569,680,558,606,595,333,533,693,96,521,725,239,74,283,481,135,513,13,155,430,511,201,538,539,706,526,216,192,126,423,412,419,270,465,540,235,422,468,518,212,250,578,77,15,310,618,123,36,492,740,635,611,676,435,128,388,63,744,559,495,21,682,645,656,34,41,549,509,364,316,627,162,719,609,613,58,9,197,150,166,62,180,570,334,42,707,504,671,517,660,607,602,445,743,244,178,499,312,206,433,78,416,460,728,217,464,322,230,373,161,427,534,455,372,49,219,361,67,417,320,6,241,424,158,229,452,742,5,196,668,124,260,72,704,234,242,85,466,712,453,80,354,272,467,378,240,365,291,394,98,527,366,703,477,691,572,147,590,66,94,183,603,8,567,471,749,258,720,324,64,628,359,476,31,585,519,557,353,323,224,683,723,724,163,501,207,342,619,516,141,551,449,652,325,111,69,171,705,12,218,187,573,568,208,589,14,60,160,738,696,249,331,148,730,684,105,214,746,131,43,223,279,176,106,631,57,317,327,642,532,245,282,731,26,391,458,670,140,480,446,130,622,736,685,200,362,37,431,335,718,591,95,104,54,600,463,664,138,571,487,621,418,285,113,461,228,379,537,548,580,506,552,213,543,369,614,357,173,341,267,748,47,118,167,83,414,347,462,528,432,710,415,711,604,747,205,404,666,482,175,307,28,343,116,701,82,679,88,739,193,726,498,136,429,502,612,290,233,525,351,112,457,169,165,53,408,92,368,443,451,715,119,44,3,587,626,340,152,159,305,254,486,638,377,515,280,428,129,73,410,263,447,157,35,189,667,716,633,97,
204,93.48174595832825,165072.98996945354,158981.64882389837,727,360,472,387,186,734,336,29,294,456,321,292,345,524,10,349,547,156,273,629,109,221,450,729,338,640,1,198,284,714,401,497,675,143,398,65,237,295,257,288,311,289,177,444,71,686,632,51,0,231,227,735,142,440,687,286,556,441,737,555,625,636,154,236,210,79,553,332,469,243,563,699,605,695,630,648,562,246,68,411,301,599,484,406,48,496,520,581,644,380,426,133,300,59,277,565,439,146,608,488,561,114,304,202,674,741,454,473,722,151,505,329,87,616,262,702,721,32,2,470,184,596,164,302,658,434,545,371,397,662,409,597,448,576,145,330,678,350,586,125,24,101,601,181,275,75,508,204,403,303,25,89,653,579,399,659,623,546,238,582,144,407,269,127,393,382,475,663,55,108,132,400,507,620,370,594,593,149,172,170,493,45,535,102,610,657,732,220,319,203,442,681,575,624,39,23,713,425,646,690,655,268,673,542,733,255,356,661,190,438,247,514,50,592,474,115,386,694,489,61,402,271,384,199,174,134,355,698,697,137,293,700,672,352,337,437,297,479,194,252,649,314,339,46,494,550,226,122,709,522,261,564,225,309,232,11,358,647,99,256,86,512,264,117,405,396,306,389,278,459,634,298,222,153,375,530,617,266,536,390,598,574,478,215,81,16,381,346,669,392,367,421,30,503,500,93,745,276,248,103,641,665,299,27,385,259,677,17,100,643,688,211,420,554,84,251,296,274,374,639,490,395,376,383,20,195,121,529,566,52,544,436,651,584,510,717,209,253,107,19,182,70,344,191,313,315,588,188,348,483,615,22,265,560,7,4,531,185,523,287,168,637,318,56,139,38,689,120,583,692,76,577,491,33,308,413,363,708,485,650,91,541,18,326,90,110,281,179,40,328,654,569,680,558,606,595,333,533,693,96,521,725,239,74,283,481,135,513,13,155,430,511,201,538,539,706,526,216,192,126,423,412,419,270,465,540,235,422,468,518,212,250,578,77,15,310,618,123,36,492,740,635,611,676,435,128,388,63,744,559,495,21,682,645,656,34,41,549,509,364,316,627,162,719,609,613,58,9,197,150,166,62,180,570,334,42,707,504,671,517,660,607,602,445,743,244,178,499,312,206,433,78,416,460,728,217,464,322,230,373,161,427,534,455,372,49,219,361,67,417,320,6,241,424,158,229,452,742,5,196,668,124,260,72,704,234,242,85,466,712,453,80,354,272,467,378,240,365,291,394,98,527,366,703,477,691,572,147,590,66,94,183,603,8,567,471,749,258,720,324,64,628,359,476,31,585,519,557,353,323,224,683,723,724,163,501,207,342,619,516,141,551,449,652,325,111,69,171,705,12,218,187,573,568,208,589,14,60,160,738,696,249,331,148,730,684,105,214,746,131,43,223,279,176,106,631,57,317,327,642,532,245,282,731,26,391,458,670,140,480,446,130,622,736,685,200,362,37,431,335,718,591,95,104,54,600,463,664,138,571,487,621,418,285,113,461,228,379,537,548,580,506,552,213,543,369,614,357,173,341,267,748,47,118,167,83,414,347,462,528,432,710,415,711,604,747,205,404,666,482,175,307,28,343,116,701,82,679,88,739,193,726,498,136,429,502,612,290,233,525,351,112,457,169,165,53,408,92,368,443,451,715,119,44,3,587,626,340,152,159,305,254,486,638,377,515,280,428,129,73,410,263,447,157,35,189,667,716,633,97,
205,93.89113521575928,164437.6138291591,158981.64882389837,727,360,472,387,186,734,336,29,294,456,321,292,345,524,10,349,547,156,273,629,109,221,450,729,338,640,1,198,284,714,401,497,675,143,398,65,237,295,257,288,311,289,177,444,71,686,632,51,0,231,227,735,142,440,687,286,556,441,737,555,625,636,154,236,210,79,553,332,469,243,563,699,605,695,630,648,562,246,68,411,301,599,484,406,48,496,520,581,644,380,426,133,300,59,277,565,439,146,608,488,561,114,304,202,674,741,454,473,722,151,505,329,87,616,262,702,721,32,2,470,184,596,164,302,658,434,545,371,397,662,409,597,448,576,145,330,678,350,586,125,24,101,601,181,275,75,508,204,403,303,25,89,653,579,399,659,623,546,238,582,144,407,269,127,393,382,475,663,55,108,132,400,507,620,370,594,593,149,172,170,493,45,535,102,610,657,732,220,319,203,442,681,575,624,39,23,713,425,646,690,655,268,673,542,733,255,356,661,190,438,247,514,50,592,474,115,386,694,489,61,402,271,384,199,174,134,355,698,697,137,293,700,672,352,337,437,297,479,194,252,649,314,339,46,494,550,226,122,709,522,261,564,225,309,232,11,358,647,99,256,86,512,264,117,405,396,306,389,278,459,634,298,222,153,375,530,617,266,536,390,598,574,478,215,81,16,381,346,669,392,367,421,30,503,500,93,745,276,248,103,641,665,299,27,385,259,677,17,100,643,688,211,420,554,84,251,296,274,374,639,490,395,376,383,20,195,121,529,566,52,544,436,651,584,510,717,209,253,107,19,182,70,344,191,313,315,588,188,348,483,615,22,265,560,7,4,531,185,523,287,168,637,318,56,139,38,689,120,583,692,76,577,491,33,308,413,363,708,485,650,91,541,18,326,90,110,281,179,40,328,654,569,680,558,606,595,333,533,693,96,521,725,239,74,283,481,135,513,13,155,430,511,201,538,539,706,526,216,192,126,423,412,419,270,465,540,235,422,468,518,212,250,578,77,15,310,618,123,36,492,740,635,611,676,435,128,388,63,744,559,495,21,682,645,656,34,41,549,509,364,316,627,162,719,609,613,58,9,197,150,166,62,180,570,334,42,707,504,671,517,660,607,602,445,743,244,178,499,312,206,433,78,416,460,728,217,464,322,230,373,161,427,534,455,372,49,219,361,67,417,320,6,241,424,158,229,452,742,5,196,668,124,260,72,704,234,242,85,466,712,453,80,354,272,467,378,240,365,291,394,98,527,366,703,477,691,572,147,590,66,94,183,603,8,567,471,749,258,720,324,64,628,359,476,31,585,519,557,353,323,224,683,723,724,163,501,207,342,619,516,141,551,449,652,325,111,69,171,705,12,218,187,573,568,208,589,14,60,160,738,696,249,331,148,730,684,105,214,746,131,43,223,279,176,106,631,57,317,327,642,532,245,282,731,26,391,458,670,140,480,446,130,622,736,685,200,362,37,431,335,718,591,95,104,54,600,463,664,138,571,487,621,418,285,113,461,228,379,537,548,580,506,552,213,543,369,614,357,173,341,267,748,47,118,167,83,414,347,462,528,432,710,415,711,604,747,205,404,666,482,175,307,28,343,116,701,82,679,88,739,193,726,498,136,429,502,612,290,233,525,351,112,457,169,165,53,408,92,368,443,451,715,119,44,3,587,626,340,152,159,305,254,486,638,377,515,280,428,129,73,410,263,447,157,35,189,667,716,633,97,
206,94.31879043579102,162898.8094258452,158981.64882389837,727,360,472,387,186,734,336,29,294,456,321,292,345,524,10,349,547,156,273,629,109,221,450,729,338,640,1,198,284,714,401,497,675,143,398,65,237,295,257,288,311,289,177,444,71,686,632,51,0,231,227,735,142,440,687,286,556,441,737,555,625,636,154,236,210,79,553,332,469,243,563,699,605,695,630,648,562,246,68,411,301,599,484,406,48,496,520,581,644,380,426,133,300,59,277,565,439,146,608,488,561,114,304,202,674,741,454,473,722,151,505,329,87,616,262,702,721,32,2,470,184,596,164,302,658,434,545,371,397,662,409,597,448,576,145,330,678,350,586,125,24,101,601,181,275,75,508,204,403,303,25,89,653,579,399,659,623,546,238,582,144,407,269,127,393,382,475,663,55,108,132,400,507,620,370,594,593,149,172,170,493,45,535,102,610,657,732,220,319,203,442,681,575,624,39,23,713,425,646,690,655,268,673,542,733,255,356,661,190,438,247,514,50,592,474,115,386,694,489,61,402,271,384,199,174,134,355,698,697,137,293,700,672,352,337,437,297,479,194,252,649,314,339,46,494,550,226,122,709,522,261,564,225,309,232,11,358,647,99,256,86,512,264,117,405,396,306,389,278,459,634,298,222,153,375,530,617,266,536,390,598,574,478,215,81,16,381,346,669,392,367,421,30,503,500,93,745,276,248,103,641,665,299,27,385,259,677,17,100,643,688,211,420,554,84,251,296,274,374,639,490,395,376,383,20,195,121,529,566,52,544,436,651,584,510,717,209,253,107,19,182,70,344,191,313,315,588,188,348,483,615,22,265,560,7,4,531,185,523,287,168,637,318,56,139,38,689,120,583,692,76,577,491,33,308,413,363,708,485,650,91,541,18,326,90,110,281,179,40,328,654,569,680,558,606,595,333,533,693,96,521,725,239,74,283,481,135,513,13,155,430,511,201,538,539,706,526,216,192,126,423,412,419,270,465,540,235,422,468,518,212,250,578,77,15,310,618,123,36,492,740,635,611,676,435,128,388,63,744,559,495,21,682,645,656,34,41,549,509,364,316,627,162,719,609,613,58,9,197,150,166,62,180,570,334,42,707,504,671,517,660,607,602,445,743,244,178,499,312,206,433,78,416,460,728,217,464,322,230,373,161,427,534,455,372,49,219,361,67,417,320,6,241,424,158,229,452,742,5,196,668,124,260,72,704,234,242,85,466,712,453,80,354,272,467,378,240,365,291,394,98,527,366,703,477,691,572,147,590,66,94,183,603,8,567,471,749,258,720,324,64,628,359,476,31,585,519,557,353,323,224,683,723,724,163,501,207,342,619,516,141,551,449,652,325,111,69,171,705,12,218,187,573,568,208,589,14,60,160,738,696,249,331,148,730,684,105,214,746,131,43,223,279,176,106,631,57,317,327,642,532,245,282,731,26,391,458,670,140,480,446,130,622,736,685,200,362,37,431,335,718,591,95,104,54,600,463,664,138,571,487,621,418,285,113,461,228,379,537,548,580,506,552,213,543,369,614,357,173,341,267,748,47,118,167,83,414,347,462,528,432,710,415,711,604,747,205,404,666,482,175,307,28,343,116,701,82,679,88,739,193,726,498,136,429,502,612,290,233,525,351,112,457,169,165,53,408,92,368,443,451,715,119,44,3,587,626,340,152,159,305,254,486,638,377,515,280,428,129,73,410,263,447,157,35,189,667,716,633,97,
207,94.71841859817505,162783.39365176382,158981.64882389837,727,360,472,387,186,734,336,29,294,456,321,292,345,524,10,349,547,156,273,629,109,221,450,729,338,640,1,198,284,714,401,497,675,143,398,65,237,295,257,288,311,289,177,444,71,686,632,51,0,231,227,735,142,440,687,286,556,441,737,555,625,636,154,236,210,79,553,332,469,243,563,699,605,695,630,648,562,246,68,411,301,599,484,406,48,496,520,581,644,380,426,133,300,59,277,565,439,146,608,488,561,114,304,202,674,741,454,473,722,151,505,329,87,616,262,702,721,32,2,470,184,596,164,302,658,434,545,371,397,662,409,597,448,576,145,330,678,350,586,125,24,101,601,181,275,75,508,204,403,303,25,89,653,579,399,659,623,546,238,582,144,407,269,127,393,382,475,663,55,108,132,400,507,620,370,594,593,149,172,170,493,45,535,102,610,657,732,220,319,203,442,681,575,624,39,23,713,425,646,690,655,268,673,542,733,255,356,661,190,438,247,514,50,592,474,115,386,694,489,61,402,271,384,199,174,134,355,698,697,137,293,700,672,352,337,437,297,479,194,252,649,314,339,46,494,550,226,122,709,522,261,564,225,309,232,11,358,647,99,256,86,512,264,117,405,396,306,389,278,459,634,298,222,153,375,530,617,266,536,390,598,574,478,215,81,16,381,346,669,392,367,421,30,503,500,93,745,276,248,103,641,665,299,27,385,259,677,17,100,643,688,211,420,554,84,251,296,274,374,639,490,395,376,383,20,195,121,529,566,52,544,436,651,584,510,717,209,253,107,19,182,70,344,191,313,315,588,188,348,483,615,22,265,560,7,4,531,185,523,287,168,637,318,56,139,38,689,120,583,692,76,577,491,33,308,413,363,708,485,650,91,541,18,326,90,110,281,179,40,328,654,569,680,558,606,595,333,533,693,96,521,725,239,74,283,481,135,513,13,155,430,511,201,538,539,706,526,216,192,126,423,412,419,270,465,540,235,422,468,518,212,250,578,77,15,310,618,123,36,492,740,635,611,676,435,128,388,63,744,559,495,21,682,645,656,34,41,549,509,364,316,627,162,719,609,613,58,9,197,150,166,62,180,570,334,42,707,504,671,517,660,607,602,445,743,244,178,499,312,206,433,78,416,460,728,217,464,322,230,373,161,427,534,455,372,49,219,361,67,417,320,6,241,424,158,229,452,742,5,196,668,124,260,72,704,234,242,85,466,712,453,80,354,272,467,378,240,365,291,394,98,527,366,703,477,691,572,147,590,66,94,183,603,8,567,471,749,258,720,324,64,628,359,476,31,585,519,557,353,323,224,683,723,724,163,501,207,342,619,516,141,551,449,652,325,111,69,171,705,12,218,187,573,568,208,589,14,60,160,738,696,249,331,148,730,684,105,214,746,131,43,223,279,176,106,631,57,317,327,642,532,245,282,731,26,391,458,670,140,480,446,130,622,736,685,200,362,37,431,335,718,591,95,104,54,600,463,664,138,571,487,621,418,285,113,461,228,379,537,548,580,506,552,213,543,369,614,357,173,341,267,748,47,118,167,83,414,347,462,528,432,710,415,711,604,747,205,404,666,482,175,307,28,343,116,701,82,679,88,739,193,726,498,136,429,502,612,290,233,525,351,112,457,169,165,53,408,92,368,443,451,715,119,44,3,587,626,340,152,159,305,254,486,638,377,515,280,428,129,73,410,263,447,157,35,189,667,716,633,97,
208,95.14966440200806,162320.86662262407,158905.85308866441,734,336,29,294,456,321,292,345,524,10,349,547,156,273,629,109,221,450,729,338,640,1,198,284,714,401,497,675,143,398,65,237,295,257,288,311,289,177,444,71,686,632,51,0,231,227,735,142,440,687,286,556,441,737,555,625,636,154,236,210,79,553,332,469,243,563,699,605,695,630,648,562,246,68,411,301,599,484,406,48,496,520,581,644,380,426,133,300,59,277,565,439,146,608,488,561,114,304,202,674,741,454,473,722,151,505,329,87,616,262,702,721,32,2,470,184,596,164,302,658,434,545,371,397,662,409,597,448,576,145,330,678,350,586,125,24,101,601,181,275,75,508,204,403,303,25,89,653,579,399,659,623,546,238,582,144,407,269,127,393,382,475,663,55,108,132,400,507,620,370,594,593,149,172,170,493,45,535,102,610,657,732,220,319,203,442,681,575,624,39,23,713,425,646,690,655,268,673,542,733,255,356,661,190,438,247,514,50,592,474,115,386,694,489,61,402,271,384,199,174,134,355,698,697,137,293,700,672,352,337,437,297,479,194,252,649,314,339,46,494,550,226,122,709,522,261,564,225,309,232,11,358,647,99,256,86,512,264,117,405,396,306,389,278,459,634,298,222,153,375,530,617,266,536,390,598,574,478,215,81,16,381,346,669,392,367,421,30,503,500,93,745,276,248,103,641,665,299,27,385,259,677,17,100,643,688,211,420,554,84,251,296,274,374,639,490,395,376,383,20,195,121,529,566,52,544,436,651,584,510,717,209,253,107,19,182,70,344,191,313,315,588,188,348,483,615,22,265,560,7,4,531,185,523,287,168,637,318,56,139,38,689,120,583,692,76,577,491,33,308,413,363,708,485,650,91,541,18,326,90,110,281,179,40,328,654,569,680,558,606,595,333,533,693,96,521,725,239,74,283,481,135,513,13,155,430,511,201,538,539,706,526,216,192,126,423,412,419,270,465,540,235,422,468,518,212,250,578,77,15,310,618,123,36,492,740,635,611,676,435,128,388,63,744,559,495,21,682,645,656,34,41,549,509,364,316,627,162,719,609,613,58,9,197,150,166,62,180,570,334,42,707,504,671,517,660,607,602,445,743,244,178,499,312,206,433,78,416,460,728,217,464,322,230,373,161,427,534,455,372,49,219,361,67,417,320,6,241,424,158,229,452,742,5,196,668,124,260,72,704,234,242,85,466,712,453,80,354,272,467,378,240,365,291,394,98,527,366,703,477,691,572,147,590,66,94,183,603,8,567,471,749,258,720,324,64,628,359,476,31,585,519,557,353,323,224,683,723,724,163,501,207,342,619,516,141,551,449,652,325,111,69,171,705,12,218,187,573,568,208,589,14,60,160,738,696,249,331,148,730,684,105,214,746,131,43,223,279,176,106,631,57,317,327,642,532,245,282,731,26,391,458,670,140,480,446,130,622,736,685,200,362,37,431,335,718,591,95,104,54,600,463,664,138,571,487,621,404,604,747,205,418,285,113,461,228,379,537,548,580,506,552,213,543,369,614,357,173,341,267,748,47,118,167,83,414,347,462,528,432,710,415,711,482,28,666,307,175,343,116,701,82,679,88,739,193,726,498,136,429,502,612,290,233,525,351,112,457,169,165,53,408,92,368,443,451,715,119,44,3,587,626,340,152,159,305,254,486,638,377,515,280,428,129,73,410,263,447,157,35,189,667,716,633,97,727,360,472,387,186,
209,95.62719774246216,163071.29439930554,158905.85308866441,734,336,29,294,456,321,292,345,524,10,349,547,156,273,629,109,221,450,729,338,640,1,198,284,714,401,497,675,143,398,65,237,295,257,288,311,289,177,444,71,686,632,51,0,231,227,735,142,440,687,286,556,441,737,555,625,636,154,236,210,79,553,332,469,243,563,699,605,695,630,648,562,246,68,411,301,599,484,406,48,496,520,581,644,380,426,133,300,59,277,565,439,146,608,488,561,114,304,202,674,741,454,473,722,151,505,329,87,616,262,702,721,32,2,470,184,596,164,302,658,434,545,371,397,662,409,597,448,576,145,330,678,350,586,125,24,101,601,181,275,75,508,204,403,303,25,89,653,579,399,659,623,546,238,582,144,407,269,127,393,382,475,663,55,108,132,400,507,620,370,594,593,149,172,170,493,45,535,102,610,657,732,220,319,203,442,681,575,624,39,23,713,425,646,690,655,268,673,542,733,255,356,661,190,438,247,514,50,592,474,115,386,694,489,61,402,271,384,199,174,134,355,698,697,137,293,700,672,352,337,437,297,479,194,252,649,314,339,46,494,550,226,122,709,522,261,564,225,309,232,11,358,647,99,256,86,512,264,117,405,396,306,389,278,459,634,298,222,153,375,530,617,266,536,390,598,574,478,215,81,16,381,346,669,392,367,421,30,503,500,93,745,276,248,103,641,665,299,27,385,259,677,17,100,643,688,211,420,554,84,251,296,274,374,639,490,395,376,383,20,195,121,529,566,52,544,436,651,584,510,717,209,253,107,19,182,70,344,191,313,315,588,188,348,483,615,22,265,560,7,4,531,185,523,287,168,637,318,56,139,38,689,120,583,692,76,577,491,33,308,413,363,708,485,650,91,541,18,326,90,110,281,179,40,328,654,569,680,558,606,595,333,533,693,96,521,725,239,74,283,481,135,513,13,155,430,511,201,538,539,706,526,216,192,126,423,412,419,270,465,540,235,422,468,518,212,250,578,77,15,310,618,123,36,492,740,635,611,676,435,128,388,63,744,559,495,21,682,645,656,34,41,549,509,364,316,627,162,719,609,613,58,9,197,150,166,62,180,570,334,42,707,504,671,517,660,607,602,445,743,244,178,499,312,206,433,78,416,460,728,217,464,322,230,373,161,427,534,455,372,49,219,361,67,417,320,6,241,424,158,229,452,742,5,196,668,124,260,72,704,234,242,85,466,712,453,80,354,272,467,378,240,365,291,394,98,527,366,703,477,691,572,147,590,66,94,183,603,8,567,471,749,258,720,324,64,628,359,476,31,585,519,557,353,323,224,683,723,724,163,501,207,342,619,516,141,551,449,652,325,111,69,171,705,12,218,187,573,568,208,589,14,60,160,738,696,249,331,148,730,684,105,214,746,131,43,223,279,176,106,631,57,317,327,642,532,245,282,731,26,391,458,670,140,480,446,130,622,736,685,200,362,37,431,335,718,591,95,104,54,600,463,664,138,571,487,621,404,604,747,205,418,285,113,461,228,379,537,548,580,506,552,213,543,369,614,357,173,341,267,748,47,118,167,83,414,347,462,528,432,710,415,711,482,28,666,307,175,343,116,701,82,679,88,739,193,726,498,136,429,502,612,290,233,525,351,112,457,169,165,53,408,92,368,443,451,715,119,44,3,587,626,340,152,159,305,254,486,638,377,515,280,428,129,73,410,263,447,157,35,189,667,716,633,97,727,360,472,387,186,
210,96.08201313018799,162740.3614712543,158905.85308866441,734,336,29,294,456,321,292,345,524,10,349,547,156,273,629,109,221,450,729,338,640,1,198,284,714,401,497,675,143,398,65,237,295,257,288,311,289,177,444,71,686,632,51,0,231,227,735,142,440,687,286,556,441,737,555,625,636,154,236,210,79,553,332,469,243,563,699,605,695,630,648,562,246,68,411,301,599,484,406,48,496,520,581,644,380,426,133,300,59,277,565,439,146,608,488,561,114,304,202,674,741,454,473,722,151,505,329,87,616,262,702,721,32,2,470,184,596,164,302,658,434,545,371,397,662,409,597,448,576,145,330,678,350,586,125,24,101,601,181,275,75,508,204,403,303,25,89,653,579,399,659,623,546,238,582,144,407,269,127,393,382,475,663,55,108,132,400,507,620,370,594,593,149,172,170,493,45,535,102,610,657,732,220,319,203,442,681,575,624,39,23,713,425,646,690,655,268,673,542,733,255,356,661,190,438,247,514,50,592,474,115,386,694,489,61,402,271,384,199,174,134,355,698,697,137,293,700,672,352,337,437,297,479,194,252,649,314,339,46,494,550,226,122,709,522,261,564,225,309,232,11,358,647,99,256,86,512,264,117,405,396,306,389,278,459,634,298,222,153,375,530,617,266,536,390,598,574,478,215,81,16,381,346,669,392,367,421,30,503,500,93,745,276,248,103,641,665,299,27,385,259,677,17,100,643,688,211,420,554,84,251,296,274,374,639,490,395,376,383,20,195,121,529,566,52,544,436,651,584,510,717,209,253,107,19,182,70,344,191,313,315,588,188,348,483,615,22,265,560,7,4,531,185,523,287,168,637,318,56,139,38,689,120,583,692,76,577,491,33,308,413,363,708,485,650,91,541,18,326,90,110,281,179,40,328,654,569,680,558,606,595,333,533,693,96,521,725,239,74,283,481,135,513,13,155,430,511,201,538,539,706,526,216,192,126,423,412,419,270,465,540,235,422,468,518,212,250,578,77,15,310,618,123,36,492,740,635,611,676,435,128,388,63,744,559,495,21,682,645,656,34,41,549,509,364,316,627,162,719,609,613,58,9,197,150,166,62,180,570,334,42,707,504,671,517,660,607,602,445,743,244,178,499,312,206,433,78,416,460,728,217,464,322,230,373,161,427,534,455,372,49,219,361,67,417,320,6,241,424,158,229,452,742,5,196,668,124,260,72,704,234,242,85,466,712,453,80,354,272,467,378,240,365,291,394,98,527,366,703,477,691,572,147,590,66,94,183,603,8,567,471,749,258,720,324,64,628,359,476,31,585,519,557,353,323,224,683,723,724,163,501,207,342,619,516,141,551,449,652,325,111,69,171,705,12,218,187,573,568,208,589,14,60,160,738,696,249,331,148,730,684,105,214,746,131,43,223,279,176,106,631,57,317,327,642,532,245,282,731,26,391,458,670,140,480,446,130,622,736,685,200,362,37,431,335,718,591,95,104,54,600,463,664,138,571,487,621,404,604,747,205,418,285,113,461,228,379,537,548,580,506,552,213,543,369,614,357,173,341,267,748,47,118,167,83,414,347,462,528,432,710,415,711,482,28,666,307,175,343,116,701,82,679,88,739,193,726,498,136,429,502,612,290,233,525,351,112,457,169,165,53,408,92,368,443,451,715,119,44,3,587,626,340,152,159,305,254,486,638,377,515,280,428,129,73,410,263,447,157,35,189,667,716,633,97,727,360,472,387,186,
211,96.49450182914734,162751.46466834535,158905.85308866441,734,336,29,294,456,321,292,345,524,10,349,547,156,273,629,109,221,450,729,338,640,1,198,284,714,401,497,675,143,398,65,237,295,257,288,311,289,177,444,71,686,632,51,0,231,227,735,142,440,687,286,556,441,737,555,625,636,154,236,210,79,553,332,469,243,563,699,605,695,630,648,562,246,68,411,301,599,484,406,48,496,520,581,644,380,426,133,300,59,277,565,439,146,608,488,561,114,304,202,674,741,454,473,722,151,505,329,87,616,262,702,721,32,2,470,184,596,164,302,658,434,545,371,397,662,409,597,448,576,145,330,678,350,586,125,24,101,601,181,275,75,508,204,403,303,25,89,653,579,399,659,623,546,238,582,144,407,269,127,393,382,475,663,55,108,132,400,507,620,370,594,593,149,172,170,493,45,535,102,610,657,732,220,319,203,442,681,575,624,39,23,713,425,646,690,655,268,673,542,733,255,356,661,190,438,247,514,50,592,474,115,386,694,489,61,402,271,384,199,174,134,355,698,697,137,293,700,672,352,337,437,297,479,194,252,649,314,339,46,494,550,226,122,709,522,261,564,225,309,232,11,358,647,99,256,86,512,264,117,405,396,306,389,278,459,634,298,222,153,375,530,617,266,536,390,598,574,478,215,81,16,381,346,669,392,367,421,30,503,500,93,745,276,248,103,641,665,299,27,385,259,677,17,100,643,688,211,420,554,84,251,296,274,374,639,490,395,376,383,20,195,121,529,566,52,544,436,651,584,510,717,209,253,107,19,182,70,344,191,313,315,588,188,348,483,615,22,265,560,7,4,531,185,523,287,168,637,318,56,139,38,689,120,583,692,76,577,491,33,308,413,363,708,485,650,91,541,18,326,90,110,281,179,40,328,654,569,680,558,606,595,333,533,693,96,521,725,239,74,283,481,135,513,13,155,430,511,201,538,539,706,526,216,192,126,423,412,419,270,465,540,235,422,468,518,212,250,578,77,15,310,618,123,36,492,740,635,611,676,435,128,388,63,744,559,495,21,682,645,656,34,41,549,509,364,316,627,162,719,609,613,58,9,197,150,166,62,180,570,334,42,707,504,671,517,660,607,602,445,743,244,178,499,312,206,433,78,416,460,728,217,464,322,230,373,161,427,534,455,372,49,219,361,67,417,320,6,241,424,158,229,452,742,5,196,668,124,260,72,704,234,242,85,466,712,453,80,354,272,467,378,240,365,291,394,98,527,366,703,477,691,572,147,590,66,94,183,603,8,567,471,749,258,720,324,64,628,359,476,31,585,519,557,353,323,224,683,723,724,163,501,207,342,619,516,141,551,449,652,325,111,69,171,705,12,218,187,573,568,208,589,14,60,160,738,696,249,331,148,730,684,105,214,746,131,43,223,279,176,106,631,57,317,327,642,532,245,282,731,26,391,458,670,140,480,446,130,622,736,685,200,362,37,431,335,718,591,95,104,54,600,463,664,138,571,487,621,404,604,747,205,418,285,113,461,228,379,537,548,580,506,552,213,543,369,614,357,173,341,267,748,47,118,167,83,414,347,462,528,432,710,415,711,482,28,666,307,175,343,116,701,82,679,88,739,193,726,498,136,429,502,612,290,233,525,351,112,457,169,165,53,408,92,368,443,451,715,119,44,3,587,626,340,152,159,305,254,486,638,377,515,280,428,129,73,410,263,447,157,35,189,667,716,633,97,727,360,472,387,186,
212,96.95648837089539,163209.41171762432,158905.85308866441,734,336,29,294,456,321,292,345,524,10,349,547,156,273,629,109,221,450,729,338,640,1,198,284,714,401,497,675,143,398,65,237,295,257,288,311,289,177,444,71,686,632,51,0,231,227,735,142,440,687,286,556,441,737,555,625,636,154,236,210,79,553,332,469,243,563,699,605,695,630,648,562,246,68,411,301,599,484,406,48,496,520,581,644,380,426,133,300,59,277,565,439,146,608,488,561,114,304,202,674,741,454,473,722,151,505,329,87,616,262,702,721,32,2,470,184,596,164,302,658,434,545,371,397,662,409,597,448,576,145,330,678,350,586,125,24,101,601,181,275,75,508,204,403,303,25,89,653,579,399,659,623,546,238,582,144,407,269,127,393,382,475,663,55,108,132,400,507,620,370,594,593,149,172,170,493,45,535,102,610,657,732,220,319,203,442,681,575,624,39,23,713,425,646,690,655,268,673,542,733,255,356,661,190,438,247,514,50,592,474,115,386,694,489,61,402,271,384,199,174,134,355,698,697,137,293,700,672,352,337,437,297,479,194,252,649,314,339,46,494,550,226,122,709,522,261,564,225,309,232,11,358,647,99,256,86,512,264,117,405,396,306,389,278,459,634,298,222,153,375,530,617,266,536,390,598,574,478,215,81,16,381,346,669,392,367,421,30,503,500,93,745,276,248,103,641,665,299,27,385,259,677,17,100,643,688,211,420,554,84,251,296,274,374,639,490,395,376,383,20,195,121,529,566,52,544,436,651,584,510,717,209,253,107,19,182,70,344,191,313,315,588,188,348,483,615,22,265,560,7,4,531,185,523,287,168,637,318,56,139,38,689,120,583,692,76,577,491,33,308,413,363,708,485,650,91,541,18,326,90,110,281,179,40,328,654,569,680,558,606,595,333,533,693,96,521,725,239,74,283,481,135,513,13,155,430,511,201,538,539,706,526,216,192,126,423,412,419,270,465,540,235,422,468,518,212,250,578,77,15,310,618,123,36,492,740,635,611,676,435,128,388,63,744,559,495,21,682,645,656,34,41,549,509,364,316,627,162,719,609,613,58,9,197,150,166,62,180,570,334,42,707,504,671,517,660,607,602,445,743,244,178,499,312,206,433,78,416,460,728,217,464,322,230,373,161,427,534,455,372,49,219,361,67,417,320,6,241,424,158,229,452,742,5,196,668,124,260,72,704,234,242,85,466,712,453,80,354,272,467,378,240,365,291,394,98,527,366,703,477,691,572,147,590,66,94,183,603,8,567,471,749,258,720,324,64,628,359,476,31,585,519,557,353,323,224,683,723,724,163,501,207,342,619,516,141,551,449,652,325,111,69,171,705,12,218,187,573,568,208,589,14,60,160,738,696,249,331,148,730,684,105,214,746,131,43,223,279,176,106,631,57,317,327,642,532,245,282,731,26,391,458,670,140,480,446,130,622,736,685,200,362,37,431,335,718,591,95,104,54,600,463,664,138,571,487,621,404,604,747,205,418,285,113,461,228,379,537,548,580,506,552,213,543,369,614,357,173,341,267,748,47,118,167,83,414,347,462,528,432,710,415,711,482,28,666,307,175,343,116,701,82,679,88,739,193,726,498,136,429,502,612,290,233,525,351,112,457,169,165,53,408,92,368,443,451,715,119,44,3,587,626,340,152,159,305,254,486,638,377,515,280,428,129,73,410,263,447,157,35,189,667,716,633,97,727,360,472,387,186,
213,97.36762189865112,163981.36817602848,158905.85308866441,734,336,29,294,456,321,292,345,524,10,349,547,156,273,629,109,221,450,729,338,640,1,198,284,714,401,497,675,143,398,65,237,295,257,288,311,289,177,444,71,686,632,51,0,231,227,735,142,440,687,286,556,441,737,555,625,636,154,236,210,79,553,332,469,243,563,699,605,695,630,648,562,246,68,411,301,599,484,406,48,496,520,581,644,380,426,133,300,59,277,565,439,146,608,488,561,114,304,202,674,741,454,473,722,151,505,329,87,616,262,702,721,32,2,470,184,596,164,302,658,434,545,371,397,662,409,597,448,576,145,330,678,350,586,125,24,101,601,181,275,75,508,204,403,303,25,89,653,579,399,659,623,546,238,582,144,407,269,127,393,382,475,663,55,108,132,400,507,620,370,594,593,149,172,170,493,45,535,102,610,657,732,220,319,203,442,681,575,624,39,23,713,425,646,690,655,268,673,542,733,255,356,661,190,438,247,514,50,592,474,115,386,694,489,61,402,271,384,199,174,134,355,698,697,137,293,700,672,352,337,437,297,479,194,252,649,314,339,46,494,550,226,122,709,522,261,564,225,309,232,11,358,647,99,256,86,512,264,117,405,396,306,389,278,459,634,298,222,153,375,530,617,266,536,390,598,574,478,215,81,16,381,346,669,392,367,421,30,503,500,93,745,276,248,103,641,665,299,27,385,259,677,17,100,643,688,211,420,554,84,251,296,274,374,639,490,395,376,383,20,195,121,529,566,52,544,436,651,584,510,717,209,253,107,19,182,70,344,191,313,315,588,188,348,483,615,22,265,560,7,4,531,185,523,287,168,637,318,56,139,38,689,120,583,692,76,577,491,33,308,413,363,708,485,650,91,541,18,326,90,110,281,179,40,328,654,569,680,558,606,595,333,533,693,96,521,725,239,74,283,481,135,513,13,155,430,511,201,538,539,706,526,216,192,126,423,412,419,270,465,540,235,422,468,518,212,250,578,77,15,310,618,123,36,492,740,635,611,676,435,128,388,63,744,559,495,21,682,645,656,34,41,549,509,364,316,627,162,719,609,613,58,9,197,150,166,62,180,570,334,42,707,504,671,517,660,607,602,445,743,244,178,499,312,206,433,78,416,460,728,217,464,322,230,373,161,427,534,455,372,49,219,361,67,417,320,6,241,424,158,229,452,742,5,196,668,124,260,72,704,234,242,85,466,712,453,80,354,272,467,378,240,365,291,394,98,527,366,703,477,691,572,147,590,66,94,183,603,8,567,471,749,258,720,324,64,628,359,476,31,585,519,557,353,323,224,683,723,724,163,501,207,342,619,516,141,551,449,652,325,111,69,171,705,12,218,187,573,568,208,589,14,60,160,738,696,249,331,148,730,684,105,214,746,131,43,223,279,176,106,631,57,317,327,642,532,245,282,731,26,391,458,670,140,480,446,130,622,736,685,200,362,37,431,335,718,591,95,104,54,600,463,664,138,571,487,621,404,604,747,205,418,285,113,461,228,379,537,548,580,506,552,213,543,369,614,357,173,341,267,748,47,118,167,83,414,347,462,528,432,710,415,711,482,28,666,307,175,343,116,701,82,679,88,739,193,726,498,136,429,502,612,290,233,525,351,112,457,169,165,53,408,92,368,443,451,715,119,44,3,587,626,340,152,159,305,254,486,638,377,515,280,428,129,73,410,263,447,157,35,189,667,716,633,97,727,360,472,387,186,
214,97.85019898414612,165057.08838636652,158905.85308866441,734,336,29,294,456,321,292,345,524,10,349,547,156,273,629,109,221,450,729,338,640,1,198,284,714,401,497,675,143,398,65,237,295,257,288,311,289,177,444,71,686,632,51,0,231,227,735,142,440,687,286,556,441,737,555,625,636,154,236,210,79,553,332,469,243,563,699,605,695,630,648,562,246,68,411,301,599,484,406,48,496,520,581,644,380,426,133,300,59,277,565,439,146,608,488,561,114,304,202,674,741,454,473,722,151,505,329,87,616,262,702,721,32,2,470,184,596,164,302,658,434,545,371,397,662,409,597,448,576,145,330,678,350,586,125,24,101,601,181,275,75,508,204,403,303,25,89,653,579,399,659,623,546,238,582,144,407,269,127,393,382,475,663,55,108,132,400,507,620,370,594,593,149,172,170,493,45,535,102,610,657,732,220,319,203,442,681,575,624,39,23,713,425,646,690,655,268,673,542,733,255,356,661,190,438,247,514,50,592,474,115,386,694,489,61,402,271,384,199,174,134,355,698,697,137,293,700,672,352,337,437,297,479,194,252,649,314,339,46,494,550,226,122,709,522,261,564,225,309,232,11,358,647,99,256,86,512,264,117,405,396,306,389,278,459,634,298,222,153,375,530,617,266,536,390,598,574,478,215,81,16,381,346,669,392,367,421,30,503,500,93,745,276,248,103,641,665,299,27,385,259,677,17,100,643,688,211,420,554,84,251,296,274,374,639,490,395,376,383,20,195,121,529,566,52,544,436,651,584,510,717,209,253,107,19,182,70,344,191,313,315,588,188,348,483,615,22,265,560,7,4,531,185,523,287,168,637,318,56,139,38,689,120,583,692,76,577,491,33,308,413,363,708,485,650,91,541,18,326,90,110,281,179,40,328,654,569,680,558,606,595,333,533,693,96,521,725,239,74,283,481,135,513,13,155,430,511,201,538,539,706,526,216,192,126,423,412,419,270,465,540,235,422,468,518,212,250,578,77,15,310,618,123,36,492,740,635,611,676,435,128,388,63,744,559,495,21,682,645,656,34,41,549,509,364,316,627,162,719,609,613,58,9,197,150,166,62,180,570,334,42,707,504,671,517,660,607,602,445,743,244,178,499,312,206,433,78,416,460,728,217,464,322,230,373,161,427,534,455,372,49,219,361,67,417,320,6,241,424,158,229,452,742,5,196,668,124,260,72,704,234,242,85,466,712,453,80,354,272,467,378,240,365,291,394,98,527,366,703,477,691,572,147,590,66,94,183,603,8,567,471,749,258,720,324,64,628,359,476,31,585,519,557,353,323,224,683,723,724,163,501,207,342,619,516,141,551,449,652,325,111,69,171,705,12,218,187,573,568,208,589,14,60,160,738,696,249,331,148,730,684,105,214,746,131,43,223,279,176,106,631,57,317,327,642,532,245,282,731,26,391,458,670,140,480,446,130,622,736,685,200,362,37,431,335,718,591,95,104,54,600,463,664,138,571,487,621,404,604,747,205,418,285,113,461,228,379,537,548,580,506,552,213,543,369,614,357,173,341,267,748,47,118,167,83,414,347,462,528,432,710,415,711,482,28,666,307,175,343,116,701,82,679,88,739,193,726,498,136,429,502,612,290,233,525,351,112,457,169,165,53,408,92,368,443,451,715,119,44,3,587,626,340,152,159,305,254,486,638,377,515,280,428,129,73,410,263,447,157,35,189,667,716,633,97,727,360,472,387,186,
215,98.27879071235657,163347.73469447542,158905.85308866441,734,336,29,294,456,321,292,345,524,10,349,547,156,273,629,109,221,450,729,338,640,1,198,284,714,401,497,675,143,398,65,237,295,257,288,311,289,177,444,71,686,632,51,0,231,227,735,142,440,687,286,556,441,737,555,625,636,154,236,210,79,553,332,469,243,563,699,605,695,630,648,562,246,68,411,301,599,484,406,48,496,520,581,644,380,426,133,300,59,277,565,439,146,608,488,561,114,304,202,674,741,454,473,722,151,505,329,87,616,262,702,721,32,2,470,184,596,164,302,658,434,545,371,397,662,409,597,448,576,145,330,678,350,586,125,24,101,601,181,275,75,508,204,403,303,25,89,653,579,399,659,623,546,238,582,144,407,269,127,393,382,475,663,55,108,132,400,507,620,370,594,593,149,172,170,493,45,535,102,610,657,732,220,319,203,442,681,575,624,39,23,713,425,646,690,655,268,673,542,733,255,356,661,190,438,247,514,50,592,474,115,386,694,489,61,402,271,384,199,174,134,355,698,697,137,293,700,672,352,337,437,297,479,194,252,649,314,339,46,494,550,226,122,709,522,261,564,225,309,232,11,358,647,99,256,86,512,264,117,405,396,306,389,278,459,634,298,222,153,375,530,617,266,536,390,598,574,478,215,81,16,381,346,669,392,367,421,30,503,500,93,745,276,248,103,641,665,299,27,385,259,677,17,100,643,688,211,420,554,84,251,296,274,374,639,490,395,376,383,20,195,121,529,566,52,544,436,651,584,510,717,209,253,107,19,182,70,344,191,313,315,588,188,348,483,615,22,265,560,7,4,531,185,523,287,168,637,318,56,139,38,689,120,583,692,76,577,491,33,308,413,363,708,485,650,91,541,18,326,90,110,281,179,40,328,654,569,680,558,606,595,333,533,693,96,521,725,239,74,283,481,135,513,13,155,430,511,201,538,539,706,526,216,192,126,423,412,419,270,465,540,235,422,468,518,212,250,578,77,15,310,618,123,36,492,740,635,611,676,435,128,388,63,744,559,495,21,682,645,656,34,41,549,509,364,316,627,162,719,609,613,58,9,197,150,166,62,180,570,334,42,707,504,671,517,660,607,602,445,743,244,178,499,312,206,433,78,416,460,728,217,464,322,230,373,161,427,534,455,372,49,219,361,67,417,320,6,241,424,158,229,452,742,5,196,668,124,260,72,704,234,242,85,466,712,453,80,354,272,467,378,240,365,291,394,98,527,366,703,477,691,572,147,590,66,94,183,603,8,567,471,749,258,720,324,64,628,359,476,31,585,519,557,353,323,224,683,723,724,163,501,207,342,619,516,141,551,449,652,325,111,69,171,705,12,218,187,573,568,208,589,14,60,160,738,696,249,331,148,730,684,105,214,746,131,43,223,279,176,106,631,57,317,327,642,532,245,282,731,26,391,458,670,140,480,446,130,622,736,685,200,362,37,431,335,718,591,95,104,54,600,463,664,138,571,487,621,404,604,747,205,418,285,113,461,228,379,537,548,580,506,552,213,543,369,614,357,173,341,267,748,47,118,167,83,414,347,462,528,432,710,415,711,482,28,666,307,175,343,116,701,82,679,88,739,193,726,498,136,429,502,612,290,233,525,351,112,457,169,165,53,408,92,368,443,451,715,119,44,3,587,626,340,152,159,305,254,486,638,377,515,280,428,129,73,410,263,447,157,35,189,667,716,633,97,727,360,472,387,186,
216,98.93896102905273,163096.06720199046,158905.85308866441,734,336,29,294,456,321,292,345,524,10,349,547,156,273,629,109,221,450,729,338,640,1,198,284,714,401,497,675,143,398,65,237,295,257,288,311,289,177,444,71,686,632,51,0,231,227,735,142,440,687,286,556,441,737,555,625,636,154,236,210,79,553,332,469,243,563,699,605,695,630,648,562,246,68,411,301,599,484,406,48,496,520,581,644,380,426,133,300,59,277,565,439,146,608,488,561,114,304,202,674,741,454,473,722,151,505,329,87,616,262,702,721,32,2,470,184,596,164,302,658,434,545,371,397,662,409,597,448,576,145,330,678,350,586,125,24,101,601,181,275,75,508,204,403,303,25,89,653,579,399,659,623,546,238,582,144,407,269,127,393,382,475,663,55,108,132,400,507,620,370,594,593,149,172,170,493,45,535,102,610,657,732,220,319,203,442,681,575,624,39,23,713,425,646,690,655,268,673,542,733,255,356,661,190,438,247,514,50,592,474,115,386,694,489,61,402,271,384,199,174,134,355,698,697,137,293,700,672,352,337,437,297,479,194,252,649,314,339,46,494,550,226,122,709,522,261,564,225,309,232,11,358,647,99,256,86,512,264,117,405,396,306,389,278,459,634,298,222,153,375,530,617,266,536,390,598,574,478,215,81,16,381,346,669,392,367,421,30,503,500,93,745,276,248,103,641,665,299,27,385,259,677,17,100,643,688,211,420,554,84,251,296,274,374,639,490,395,376,383,20,195,121,529,566,52,544,436,651,584,510,717,209,253,107,19,182,70,344,191,313,315,588,188,348,483,615,22,265,560,7,4,531,185,523,287,168,637,318,56,139,38,689,120,583,692,76,577,491,33,308,413,363,708,485,650,91,541,18,326,90,110,281,179,40,328,654,569,680,558,606,595,333,533,693,96,521,725,239,74,283,481,135,513,13,155,430,511,201,538,539,706,526,216,192,126,423,412,419,270,465,540,235,422,468,518,212,250,578,77,15,310,618,123,36,492,740,635,611,676,435,128,388,63,744,559,495,21,682,645,656,34,41,549,509,364,316,627,162,719,609,613,58,9,197,150,166,62,180,570,334,42,707,504,671,517,660,607,602,445,743,244,178,499,312,206,433,78,416,460,728,217,464,322,230,373,161,427,534,455,372,49,219,361,67,417,320,6,241,424,158,229,452,742,5,196,668,124,260,72,704,234,242,85,466,712,453,80,354,272,467,378,240,365,291,394,98,527,366,703,477,691,572,147,590,66,94,183,603,8,567,471,749,258,720,324,64,628,359,476,31,585,519,557,353,323,224,683,723,724,163,501,207,342,619,516,141,551,449,652,325,111,69,171,705,12,218,187,573,568,208,589,14,60,160,738,696,249,331,148,730,684,105,214,746,131,43,223,279,176,106,631,57,317,327,642,532,245,282,731,26,391,458,670,140,480,446,130,622,736,685,200,362,37,431,335,718,591,95,104,54,600,463,664,138,571,487,621,404,604,747,205,418,285,113,461,228,379,537,548,580,506,552,213,543,369,614,357,173,341,267,748,47,118,167,83,414,347,462,528,432,710,415,711,482,28,666,307,175,343,116,701,82,679,88,739,193,726,498,136,429,502,612,290,233,525,351,112,457,169,165,53,408,92,368,443,451,715,119,44,3,587,626,340,152,159,305,254,486,638,377,515,280,428,129,73,410,263,447,157,35,189,667,716,633,97,727,360,472,387,186,
217,99.37672638893127,163508.3215747295,158838.509975735,734,336,29,294,456,321,292,345,524,10,349,547,156,273,629,109,221,450,729,338,640,1,198,284,714,401,497,675,143,398,65,237,295,257,288,311,289,177,444,71,686,632,51,0,231,227,735,142,440,687,286,556,441,737,555,625,636,154,236,210,79,553,332,469,243,563,695,605,699,630,648,562,246,68,411,301,599,484,406,48,496,520,581,644,380,426,133,300,59,277,565,439,146,608,488,561,114,304,202,674,741,454,473,722,151,505,329,87,616,262,702,721,32,2,470,184,596,164,302,658,434,545,371,397,662,409,597,448,576,145,330,678,350,586,125,24,101,601,181,275,75,508,204,403,303,25,89,653,579,399,659,623,546,238,582,144,407,269,127,393,382,475,663,55,108,132,400,507,620,370,594,593,149,172,170,493,45,535,102,610,657,732,220,319,203,442,681,575,624,39,23,713,425,646,690,655,268,673,542,733,255,356,661,190,438,247,514,50,592,474,115,386,694,489,61,402,271,384,199,174,134,355,698,697,137,293,700,672,352,337,437,297,479,194,252,649,314,339,46,494,550,226,122,709,522,261,564,225,309,232,11,358,647,99,256,86,512,264,117,405,396,306,389,278,459,634,298,222,153,375,530,617,266,536,390,598,574,478,215,81,16,381,346,669,392,367,421,30,503,500,93,745,276,248,103,641,665,299,27,385,259,677,17,100,643,688,211,420,554,84,251,296,274,374,639,490,395,376,383,20,195,121,529,566,52,544,436,651,584,510,717,209,253,107,19,182,70,344,191,313,315,588,188,348,483,615,22,265,560,7,4,531,185,523,287,168,637,318,56,139,38,689,120,583,692,76,577,491,33,308,413,363,708,485,650,91,541,18,326,90,110,281,179,40,328,654,569,680,558,606,595,333,533,693,96,521,725,239,74,283,481,135,513,13,155,430,511,201,538,539,706,526,216,192,126,423,412,419,270,465,540,235,422,468,518,212,250,578,77,15,310,618,123,36,492,740,635,611,676,435,128,388,63,744,559,495,21,682,645,656,34,41,549,509,364,316,627,162,719,609,613,58,9,197,150,166,62,180,570,334,42,707,504,671,517,660,607,602,445,743,244,178,499,312,206,433,78,416,460,728,217,464,322,230,373,161,427,534,455,372,49,219,361,67,417,320,6,241,424,158,229,452,742,5,196,668,124,260,72,704,234,242,85,466,712,453,80,354,272,467,378,240,365,291,394,98,527,366,703,477,691,572,147,590,66,94,183,603,8,567,471,749,258,720,324,64,628,359,476,31,585,519,557,353,163,501,207,342,619,516,141,551,449,652,325,111,69,171,705,187,12,218,323,724,723,224,683,461,228,379,573,568,208,589,14,60,160,738,696,249,331,148,730,684,105,214,746,131,43,223,279,176,106,631,57,317,327,642,532,245,282,731,26,391,458,670,140,480,446,130,622,736,685,200,362,37,431,335,718,591,95,104,54,600,463,664,138,571,487,621,404,604,747,205,418,285,113,537,548,580,506,552,213,543,369,614,357,173,341,267,748,47,118,167,83,414,347,462,528,432,710,415,711,482,28,666,307,175,343,116,701,82,679,88,739,193,726,498,136,429,502,612,290,233,525,351,112,457,169,165,53,408,92,368,443,451,715,119,44,3,587,626,340,152,159,305,254,486,638,377,515,280,428,129,73,410,263,447,157,35,189,667,716,633,97,727,360,472,387,186,
218,99.88222026824951,162837.7999401992,158837.49648034174,734,336,29,294,456,321,292,345,524,10,349,547,156,273,629,109,221,450,729,338,640,1,198,284,714,401,497,675,143,398,65,237,295,257,288,311,289,177,444,71,686,632,51,0,231,227,735,142,440,687,286,556,441,737,555,625,636,154,236,210,79,553,332,469,243,563,605,699,695,630,648,562,246,68,411,301,599,484,406,48,496,520,581,644,380,426,133,300,59,277,565,439,146,608,488,561,114,304,202,674,741,454,473,722,151,505,329,87,616,262,702,721,32,2,470,184,596,164,302,658,434,545,371,397,662,409,597,448,576,145,330,678,350,586,125,24,101,601,181,275,75,508,204,403,303,25,89,653,579,399,659,623,546,238,582,144,407,269,127,393,382,475,663,55,108,132,400,507,620,370,594,593,149,172,170,493,45,535,102,610,657,732,220,319,203,442,681,575,624,39,23,713,425,646,690,655,268,673,542,733,255,356,661,190,438,247,514,50,592,474,115,386,694,489,61,402,271,384,199,174,134,355,698,697,137,293,700,672,352,337,437,297,479,194,252,649,314,339,46,494,550,226,122,709,522,261,564,225,309,232,11,358,647,99,256,86,512,264,117,405,396,306,389,278,459,634,298,222,153,375,530,617,266,536,390,598,574,478,215,81,16,381,346,669,392,367,421,30,503,500,93,745,276,248,103,641,665,299,27,385,259,677,17,100,643,688,211,420,554,84,251,296,274,374,639,490,395,376,383,20,195,121,529,566,52,544,436,651,584,510,717,209,253,107,19,182,70,344,191,313,315,588,188,348,483,615,22,265,560,7,4,531,185,523,287,168,637,318,56,139,38,689,120,583,692,76,577,491,33,308,413,363,708,485,650,91,541,18,326,90,110,281,179,40,328,654,569,680,558,606,595,333,533,693,96,521,725,239,74,283,481,135,513,13,155,430,511,201,538,539,706,526,216,192,126,423,412,419,270,465,540,235,422,468,518,212,250,578,77,15,310,618,123,36,492,740,635,611,676,435,128,388,63,744,559,495,21,682,645,656,34,41,549,509,364,316,627,162,719,609,613,58,9,197,150,166,62,180,570,334,42,707,504,671,517,660,607,602,445,743,244,178,499,312,206,433,78,416,460,728,217,464,322,230,373,161,427,534,455,372,49,219,361,67,417,320,6,241,424,158,229,452,742,5,196,668,124,260,72,704,234,242,85,466,712,453,80,354,272,467,378,240,365,291,394,98,527,366,703,477,691,572,147,590,66,94,183,603,8,567,471,749,258,720,324,64,628,359,476,31,585,519,557,353,163,501,207,342,619,516,141,551,449,652,325,111,69,171,705,187,12,218,323,724,723,224,683,461,228,379,573,568,208,589,14,60,160,738,696,249,331,148,730,684,105,214,746,131,43,223,279,176,106,631,57,317,327,642,532,245,282,731,26,391,458,670,140,480,446,130,622,736,685,200,362,37,431,335,718,591,95,104,54,600,463,664,138,571,487,621,404,604,747,205,418,285,113,537,548,580,506,552,213,543,369,614,357,173,341,267,748,47,118,167,83,414,347,462,528,432,710,415,711,482,28,666,307,175,343,116,701,82,679,88,739,193,726,498,136,429,502,612,290,233,525,351,112,457,169,165,53,408,92,368,443,451,715,119,44,3,587,626,340,152,159,305,254,486,638,377,515,280,428,129,73,410,263,447,157,35,189,667,716,633,97,727,360,472,387,186,
219,100.26593899726868,164788.72864175838,158784.33442157006,734,336,29,294,456,321,292,345,524,10,349,547,156,273,629,109,221,450,729,338,640,1,198,284,714,401,497,675,143,398,65,237,295,257,288,311,289,177,444,71,686,632,51,0,231,227,735,142,440,687,286,556,441,737,555,625,636,154,236,210,79,553,332,469,243,563,699,605,695,630,648,562,246,68,411,301,599,484,406,48,496,520,581,644,380,426,133,300,59,277,565,439,146,608,488,561,114,304,202,674,741,454,473,722,151,505,329,87,616,262,702,721,32,2,470,184,596,164,302,658,434,545,371,397,662,409,597,448,576,145,330,678,350,586,125,24,101,601,181,275,75,508,204,403,303,25,89,653,579,399,659,623,546,238,582,144,407,269,127,393,382,475,663,55,108,132,400,507,620,370,594,593,149,172,170,493,45,535,102,610,657,732,220,319,203,442,681,575,624,39,23,713,425,646,690,655,268,673,542,733,255,356,661,190,438,247,514,50,592,474,115,386,694,489,61,402,271,384,199,174,134,355,698,697,137,293,700,672,352,337,437,297,479,194,252,649,314,339,46,494,550,226,122,709,522,261,564,225,309,232,11,358,647,99,256,86,512,264,117,405,396,306,389,278,459,634,298,222,153,375,530,617,266,536,390,598,574,478,215,81,16,381,346,669,392,367,421,30,503,500,93,745,276,248,103,641,665,299,27,385,259,677,17,100,643,688,211,420,554,84,251,296,274,374,639,490,395,376,383,20,195,121,529,566,52,544,436,651,584,510,717,209,253,107,19,182,70,344,191,313,315,588,188,348,483,615,22,265,560,7,4,531,185,523,287,168,637,318,56,139,38,689,120,583,692,76,577,491,33,308,413,363,708,485,650,91,541,18,326,90,110,281,179,40,328,654,569,680,558,606,595,333,533,693,96,521,725,239,74,283,481,135,513,13,155,430,511,201,538,539,706,526,216,192,126,423,412,419,270,465,540,235,422,468,518,212,250,578,77,15,310,618,123,36,492,740,635,611,676,435,128,388,63,744,559,495,21,682,645,656,34,41,549,509,364,316,627,162,719,609,613,58,9,197,150,166,62,180,570,334,42,707,504,671,517,660,607,602,445,743,244,178,499,312,206,433,78,416,460,728,217,464,322,230,373,161,427,534,455,372,49,219,361,67,417,320,6,241,424,158,229,452,742,5,196,668,124,260,72,704,234,242,85,466,712,453,80,354,272,467,378,240,365,291,394,98,527,366,703,477,691,572,147,590,66,94,183,603,8,567,471,749,258,720,324,64,628,359,476,31,585,519,557,353,163,501,207,342,619,516,141,551,449,652,325,111,69,171,705,187,12,218,323,724,723,224,683,461,228,379,573,568,208,589,14,60,160,738,696,249,331,148,730,684,105,214,746,131,43,223,279,176,106,631,57,317,327,642,532,245,282,731,26,391,458,670,140,480,446,130,622,736,685,200,362,37,431,335,718,591,95,104,54,600,463,664,138,571,487,621,404,604,747,205,418,285,113,537,548,580,506,552,213,543,369,614,357,173,341,267,748,47,118,167,83,414,347,462,528,432,710,415,711,482,28,666,307,175,343,116,701,82,679,88,739,193,726,498,136,429,502,612,290,233,525,351,112,457,169,165,53,408,92,368,443,451,715,119,44,3,587,626,340,152,159,305,254,486,638,377,515,280,428,129,73,410,263,447,157,35,189,667,716,633,97,727,360,472,387,186,
220,100.68198847770691,162743.618959844,158784.33442157006,734,336,29,294,456,321,292,345,524,10,349,547,156,273,629,109,221,450,729,338,640,1,198,284,714,401,497,675,143,398,65,237,295,257,288,311,289,177,444,71,686,632,51,0,231,227,735,142,440,687,286,556,441,737,555,625,636,154,236,210,79,553,332,469,243,563,699,605,695,630,648,562,246,68,411,301,599,484,406,48,496,520,581,644,380,426,133,300,59,277,565,439,146,608,488,561,114,304,202,674,741,454,473,722,151,505,329,87,616,262,702,721,32,2,470,184,596,164,302,658,434,545,371,397,662,409,597,448,576,145,330,678,350,586,125,24,101,601,181,275,75,508,204,403,303,25,89,653,579,399,659,623,546,238,582,144,407,269,127,393,382,475,663,55,108,132,400,507,620,370,594,593,149,172,170,493,45,535,102,610,657,732,220,319,203,442,681,575,624,39,23,713,425,646,690,655,268,673,542,733,255,356,661,190,438,247,514,50,592,474,115,386,694,489,61,402,271,384,199,174,134,355,698,697,137,293,700,672,352,337,437,297,479,194,252,649,314,339,46,494,550,226,122,709,522,261,564,225,309,232,11,358,647,99,256,86,512,264,117,405,396,306,389,278,459,634,298,222,153,375,530,617,266,536,390,598,574,478,215,81,16,381,346,669,392,367,421,30,503,500,93,745,276,248,103,641,665,299,27,385,259,677,17,100,643,688,211,420,554,84,251,296,274,374,639,490,395,376,383,20,195,121,529,566,52,544,436,651,584,510,717,209,253,107,19,182,70,344,191,313,315,588,188,348,483,615,22,265,560,7,4,531,185,523,287,168,637,318,56,139,38,689,120,583,692,76,577,491,33,308,413,363,708,485,650,91,541,18,326,90,110,281,179,40,328,654,569,680,558,606,595,333,533,693,96,521,725,239,74,283,481,135,513,13,155,430,511,201,538,539,706,526,216,192,126,423,412,419,270,465,540,235,422,468,518,212,250,578,77,15,310,618,123,36,492,740,635,611,676,435,128,388,63,744,559,495,21,682,645,656,34,41,549,509,364,316,627,162,719,609,613,58,9,197,150,166,62,180,570,334,42,707,504,671,517,660,607,602,445,743,244,178,499,312,206,433,78,416,460,728,217,464,322,230,373,161,427,534,455,372,49,219,361,67,417,320,6,241,424,158,229,452,742,5,196,668,124,260,72,704,234,242,85,466,712,453,80,354,272,467,378,240,365,291,394,98,527,366,703,477,691,572,147,590,66,94,183,603,8,567,471,749,258,720,324,64,628,359,476,31,585,519,557,353,163,501,207,342,619,516,141,551,449,652,325,111,69,171,705,187,12,218,323,724,723,224,683,461,228,379,573,568,208,589,14,60,160,738,696,249,331,148,730,684,105,214,746,131,43,223,279,176,106,631,57,317,327,642,532,245,282,731,26,391,458,670,140,480,446,130,622,736,685,200,362,37,431,335,718,591,95,104,54,600,463,664,138,571,487,621,404,604,747,205,418,285,113,537,548,580,506,552,213,543,369,614,357,173,341,267,748,47,118,167,83,414,347,462,528,432,710,415,711,482,28,666,307,175,343,116,701,82,679,88,739,193,726,498,136,429,502,612,290,233,525,351,112,457,169,165,53,408,92,368,443,451,715,119,44,3,587,626,340,152,159,305,254,486,638,377,515,280,428,129,73,410,263,447,157,35,189,667,716,633,97,727,360,472,387,186,
221,101.13727378845215,164579.4321616165,158784.33442157006,734,336,29,294,456,321,292,345,524,10,349,547,156,273,629,109,221,450,729,338,640,1,198,284,714,401,497,675,143,398,65,237,295,257,288,311,289,177,444,71,686,632,51,0,231,227,735,142,440,687,286,556,441,737,555,625,636,154,236,210,79,553,332,469,243,563,699,605,695,630,648,562,246,68,411,301,599,484,406,48,496,520,581,644,380,426,133,300,59,277,565,439,146,608,488,561,114,304,202,674,741,454,473,722,151,505,329,87,616,262,702,721,32,2,470,184,596,164,302,658,434,545,371,397,662,409,597,448,576,145,330,678,350,586,125,24,101,601,181,275,75,508,204,403,303,25,89,653,579,399,659,623,546,238,582,144,407,269,127,393,382,475,663,55,108,132,400,507,620,370,594,593,149,172,170,493,45,535,102,610,657,732,220,319,203,442,681,575,624,39,23,713,425,646,690,655,268,673,542,733,255,356,661,190,438,247,514,50,592,474,115,386,694,489,61,402,271,384,199,174,134,355,698,697,137,293,700,672,352,337,437,297,479,194,252,649,314,339,46,494,550,226,122,709,522,261,564,225,309,232,11,358,647,99,256,86,512,264,117,405,396,306,389,278,459,634,298,222,153,375,530,617,266,536,390,598,574,478,215,81,16,381,346,669,392,367,421,30,503,500,93,745,276,248,103,641,665,299,27,385,259,677,17,100,643,688,211,420,554,84,251,296,274,374,639,490,395,376,383,20,195,121,529,566,52,544,436,651,584,510,717,209,253,107,19,182,70,344,191,313,315,588,188,348,483,615,22,265,560,7,4,531,185,523,287,168,637,318,56,139,38,689,120,583,692,76,577,491,33,308,413,363,708,485,650,91,541,18,326,90,110,281,179,40,328,654,569,680,558,606,595,333,533,693,96,521,725,239,74,283,481,135,513,13,155,430,511,201,538,539,706,526,216,192,126,423,412,419,270,465,540,235,422,468,518,212,250,578,77,15,310,618,123,36,492,740,635,611,676,435,128,388,63,744,559,495,21,682,645,656,34,41,549,509,364,316,627,162,719,609,613,58,9,197,150,166,62,180,570,334,42,707,504,671,517,660,607,602,445,743,244,178,499,312,206,433,78,416,460,728,217,464,322,230,373,161,427,534,455,372,49,219,361,67,417,320,6,241,424,158,229,452,742,5,196,668,124,260,72,704,234,242,85,466,712,453,80,354,272,467,378,240,365,291,394,98,527,366,703,477,691,572,147,590,66,94,183,603,8,567,471,749,258,720,324,64,628,359,476,31,585,519,557,353,163,501,207,342,619,516,141,551,449,652,325,111,69,171,705,187,12,218,323,724,723,224,683,461,228,379,573,568,208,589,14,60,160,738,696,249,331,148,730,684,105,214,746,131,43,223,279,176,106,631,57,317,327,642,532,245,282,731,26,391,458,670,140,480,446,130,622,736,685,200,362,37,431,335,718,591,95,104,54,600,463,664,138,571,487,621,404,604,747,205,418,285,113,537,548,580,506,552,213,543,369,614,357,173,341,267,748,47,118,167,83,414,347,462,528,432,710,415,711,482,28,666,307,175,343,116,701,82,679,88,739,193,726,498,136,429,502,612,290,233,525,351,112,457,169,165,53,408,92,368,443,451,715,119,44,3,587,626,340,152,159,305,254,486,638,377,515,280,428,129,73,410,263,447,157,35,189,667,716,633,97,727,360,472,387,186,
222,101.58716869354248,163292.43416561783,158784.33442157006,734,336,29,294,456,321,292,345,524,10,349,547,156,273,629,109,221,450,729,338,640,1,198,284,714,401,497,675,143,398,65,237,295,257,288,311,289,177,444,71,686,632,51,0,231,227,735,142,440,687,286,556,441,737,555,625,636,154,236,210,79,553,332,469,243,563,699,605,695,630,648,562,246,68,411,301,599,484,406,48,496,520,581,644,380,426,133,300,59,277,565,439,146,608,488,561,114,304,202,674,741,454,473,722,151,505,329,87,616,262,702,721,32,2,470,184,596,164,302,658,434,545,371,397,662,409,597,448,576,145,330,678,350,586,125,24,101,601,181,275,75,508,204,403,303,25,89,653,579,399,659,623,546,238,582,144,407,269,127,393,382,475,663,55,108,132,400,507,620,370,594,593,149,172,170,493,45,535,102,610,657,732,220,319,203,442,681,575,624,39,23,713,425,646,690,655,268,673,542,733,255,356,661,190,438,247,514,50,592,474,115,386,694,489,61,402,271,384,199,174,134,355,698,697,137,293,700,672,352,337,437,297,479,194,252,649,314,339,46,494,550,226,122,709,522,261,564,225,309,232,11,358,647,99,256,86,512,264,117,405,396,306,389,278,459,634,298,222,153,375,530,617,266,536,390,598,574,478,215,81,16,381,346,669,392,367,421,30,503,500,93,745,276,248,103,641,665,299,27,385,259,677,17,100,643,688,211,420,554,84,251,296,274,374,639,490,395,376,383,20,195,121,529,566,52,544,436,651,584,510,717,209,253,107,19,182,70,344,191,313,315,588,188,348,483,615,22,265,560,7,4,531,185,523,287,168,637,318,56,139,38,689,120,583,692,76,577,491,33,308,413,363,708,485,650,91,541,18,326,90,110,281,179,40,328,654,569,680,558,606,595,333,533,693,96,521,725,239,74,283,481,135,513,13,155,430,511,201,538,539,706,526,216,192,126,423,412,419,270,465,540,235,422,468,518,212,250,578,77,15,310,618,123,36,492,740,635,611,676,435,128,388,63,744,559,495,21,682,645,656,34,41,549,509,364,316,627,162,719,609,613,58,9,197,150,166,62,180,570,334,42,707,504,671,517,660,607,602,445,743,244,178,499,312,206,433,78,416,460,728,217,464,322,230,373,161,427,534,455,372,49,219,361,67,417,320,6,241,424,158,229,452,742,5,196,668,124,260,72,704,234,242,85,466,712,453,80,354,272,467,378,240,365,291,394,98,527,366,703,477,691,572,147,590,66,94,183,603,8,567,471,749,258,720,324,64,628,359,476,31,585,519,557,353,163,501,207,342,619,516,141,551,449,652,325,111,69,171,705,187,12,218,323,724,723,224,683,461,228,379,573,568,208,589,14,60,160,738,696,249,331,148,730,684,105,214,746,131,43,223,279,176,106,631,57,317,327,642,532,245,282,731,26,391,458,670,140,480,446,130,622,736,685,200,362,37,431,335,718,591,95,104,54,600,463,664,138,571,487,621,404,604,747,205,418,285,113,537,548,580,506,552,213,543,369,614,357,173,341,267,748,47,118,167,83,414,347,462,528,432,710,415,711,482,28,666,307,175,343,116,701,82,679,88,739,193,726,498,136,429,502,612,290,233,525,351,112,457,169,165,53,408,92,368,443,451,715,119,44,3,587,626,340,152,159,305,254,486,638,377,515,280,428,129,73,410,263,447,157,35,189,667,716,633,97,727,360,472,387,186,
223,101.99373507499695,163601.41799698723,158784.33442157006,734,336,29,294,456,321,292,345,524,10,349,547,156,273,629,109,221,450,729,338,640,1,198,284,714,401,497,675,143,398,65,237,295,257,288,311,289,177,444,71,686,632,51,0,231,227,735,142,440,687,286,556,441,737,555,625,636,154,236,210,79,553,332,469,243,563,699,605,695,630,648,562,246,68,411,301,599,484,406,48,496,520,581,644,380,426,133,300,59,277,565,439,146,608,488,561,114,304,202,674,741,454,473,722,151,505,329,87,616,262,702,721,32,2,470,184,596,164,302,658,434,545,371,397,662,409,597,448,576,145,330,678,350,586,125,24,101,601,181,275,75,508,204,403,303,25,89,653,579,399,659,623,546,238,582,144,407,269,127,393,382,475,663,55,108,132,400,507,620,370,594,593,149,172,170,493,45,535,102,610,657,732,220,319,203,442,681,575,624,39,23,713,425,646,690,655,268,673,542,733,255,356,661,190,438,247,514,50,592,474,115,386,694,489,61,402,271,384,199,174,134,355,698,697,137,293,700,672,352,337,437,297,479,194,252,649,314,339,46,494,550,226,122,709,522,261,564,225,309,232,11,358,647,99,256,86,512,264,117,405,396,306,389,278,459,634,298,222,153,375,530,617,266,536,390,598,574,478,215,81,16,381,346,669,392,367,421,30,503,500,93,745,276,248,103,641,665,299,27,385,259,677,17,100,643,688,211,420,554,84,251,296,274,374,639,490,395,376,383,20,195,121,529,566,52,544,436,651,584,510,717,209,253,107,19,182,70,344,191,313,315,588,188,348,483,615,22,265,560,7,4,531,185,523,287,168,637,318,56,139,38,689,120,583,692,76,577,491,33,308,413,363,708,485,650,91,541,18,326,90,110,281,179,40,328,654,569,680,558,606,595,333,533,693,96,521,725,239,74,283,481,135,513,13,155,430,511,201,538,539,706,526,216,192,126,423,412,419,270,465,540,235,422,468,518,212,250,578,77,15,310,618,123,36,492,740,635,611,676,435,128,388,63,744,559,495,21,682,645,656,34,41,549,509,364,316,627,162,719,609,613,58,9,197,150,166,62,180,570,334,42,707,504,671,517,660,607,602,445,743,244,178,499,312,206,433,78,416,460,728,217,464,322,230,373,161,427,534,455,372,49,219,361,67,417,320,6,241,424,158,229,452,742,5,196,668,124,260,72,704,234,242,85,466,712,453,80,354,272,467,378,240,365,291,394,98,527,366,703,477,691,572,147,590,66,94,183,603,8,567,471,749,258,720,324,64,628,359,476,31,585,519,557,353,163,501,207,342,619,516,141,551,449,652,325,111,69,171,705,187,12,218,323,724,723,224,683,461,228,379,573,568,208,589,14,60,160,738,696,249,331,148,730,684,105,214,746,131,43,223,279,176,106,631,57,317,327,642,532,245,282,731,26,391,458,670,140,480,446,130,622,736,685,200,362,37,431,335,718,591,95,104,54,600,463,664,138,571,487,621,404,604,747,205,418,285,113,537,548,580,506,552,213,543,369,614,357,173,341,267,748,47,118,167,83,414,347,462,528,432,710,415,711,482,28,666,307,175,343,116,701,82,679,88,739,193,726,498,136,429,502,612,290,233,525,351,112,457,169,165,53,408,92,368,443,451,715,119,44,3,587,626,340,152,159,305,254,486,638,377,515,280,428,129,73,410,263,447,157,35,189,667,716,633,97,727,360,472,387,186,
224,102.38565468788147,163592.02227915853,158784.33442157006,734,336,29,294,456,321,292,345,524,10,349,547,156,273,629,109,221,450,729,338,640,1,198,284,714,401,497,675,143,398,65,237,295,257,288,311,289,177,444,71,686,632,51,0,231,227,735,142,440,687,286,556,441,737,555,625,636,154,236,210,79,553,332,469,243,563,699,605,695,630,648,562,246,68,411,301,599,484,406,48,496,520,581,644,380,426,133,300,59,277,565,439,146,608,488,561,114,304,202,674,741,454,473,722,151,505,329,87,616,262,702,721,32,2,470,184,596,164,302,658,434,545,371,397,662,409,597,448,576,145,330,678,350,586,125,24,101,601,181,275,75,508,204,403,303,25,89,653,579,399,659,623,546,238,582,144,407,269,127,393,382,475,663,55,108,132,400,507,620,370,594,593,149,172,170,493,45,535,102,610,657,732,220,319,203,442,681,575,624,39,23,713,425,646,690,655,268,673,542,733,255,356,661,190,438,247,514,50,592,474,115,386,694,489,61,402,271,384,199,174,134,355,698,697,137,293,700,672,352,337,437,297,479,194,252,649,314,339,46,494,550,226,122,709,522,261,564,225,309,232,11,358,647,99,256,86,512,264,117,405,396,306,389,278,459,634,298,222,153,375,530,617,266,536,390,598,574,478,215,81,16,381,346,669,392,367,421,30,503,500,93,745,276,248,103,641,665,299,27,385,259,677,17,100,643,688,211,420,554,84,251,296,274,374,639,490,395,376,383,20,195,121,529,566,52,544,436,651,584,510,717,209,253,107,19,182,70,344,191,313,315,588,188,348,483,615,22,265,560,7,4,531,185,523,287,168,637,318,56,139,38,689,120,583,692,76,577,491,33,308,413,363,708,485,650,91,541,18,326,90,110,281,179,40,328,654,569,680,558,606,595,333,533,693,96,521,725,239,74,283,481,135,513,13,155,430,511,201,538,539,706,526,216,192,126,423,412,419,270,465,540,235,422,468,518,212,250,578,77,15,310,618,123,36,492,740,635,611,676,435,128,388,63,744,559,495,21,682,645,656,34,41,549,509,364,316,627,162,719,609,613,58,9,197,150,166,62,180,570,334,42,707,504,671,517,660,607,602,445,743,244,178,499,312,206,433,78,416,460,728,217,464,322,230,373,161,427,534,455,372,49,219,361,67,417,320,6,241,424,158,229,452,742,5,196,668,124,260,72,704,234,242,85,466,712,453,80,354,272,467,378,240,365,291,394,98,527,366,703,477,691,572,147,590,66,94,183,603,8,567,471,749,258,720,324,64,628,359,476,31,585,519,557,353,163,501,207,342,619,516,141,551,449,652,325,111,69,171,705,187,12,218,323,724,723,224,683,461,228,379,573,568,208,589,14,60,160,738,696,249,331,148,730,684,105,214,746,131,43,223,279,176,106,631,57,317,327,642,532,245,282,731,26,391,458,670,140,480,446,130,622,736,685,200,362,37,431,335,718,591,95,104,54,600,463,664,138,571,487,621,404,604,747,205,418,285,113,537,548,580,506,552,213,543,369,614,357,173,341,267,748,47,118,167,83,414,347,462,528,432,710,415,711,482,28,666,307,175,343,116,701,82,679,88,739,193,726,498,136,429,502,612,290,233,525,351,112,457,169,165,53,408,92,368,443,451,715,119,44,3,587,626,340,152,159,305,254,486,638,377,515,280,428,129,73,410,263,447,157,35,189,667,716,633,97,727,360,472,387,186,
225,102.86210513114929,162422.81219590412,158784.33442157006,734,336,29,294,456,321,292,345,524,10,349,547,156,273,629,109,221,450,729,338,640,1,198,284,714,401,497,675,143,398,65,237,295,257,288,311,289,177,444,71,686,632,51,0,231,227,735,142,440,687,286,556,441,737,555,625,636,154,236,210,79,553,332,469,243,563,699,605,695,630,648,562,246,68,411,301,599,484,406,48,496,520,581,644,380,426,133,300,59,277,565,439,146,608,488,561,114,304,202,674,741,454,473,722,151,505,329,87,616,262,702,721,32,2,470,184,596,164,302,658,434,545,371,397,662,409,597,448,576,145,330,678,350,586,125,24,101,601,181,275,75,508,204,403,303,25,89,653,579,399,659,623,546,238,582,144,407,269,127,393,382,475,663,55,108,132,400,507,620,370,594,593,149,172,170,493,45,535,102,610,657,732,220,319,203,442,681,575,624,39,23,713,425,646,690,655,268,673,542,733,255,356,661,190,438,247,514,50,592,474,115,386,694,489,61,402,271,384,199,174,134,355,698,697,137,293,700,672,352,337,437,297,479,194,252,649,314,339,46,494,550,226,122,709,522,261,564,225,309,232,11,358,647,99,256,86,512,264,117,405,396,306,389,278,459,634,298,222,153,375,530,617,266,536,390,598,574,478,215,81,16,381,346,669,392,367,421,30,503,500,93,745,276,248,103,641,665,299,27,385,259,677,17,100,643,688,211,420,554,84,251,296,274,374,639,490,395,376,383,20,195,121,529,566,52,544,436,651,584,510,717,209,253,107,19,182,70,344,191,313,315,588,188,348,483,615,22,265,560,7,4,531,185,523,287,168,637,318,56,139,38,689,120,583,692,76,577,491,33,308,413,363,708,485,650,91,541,18,326,90,110,281,179,40,328,654,569,680,558,606,595,333,533,693,96,521,725,239,74,283,481,135,513,13,155,430,511,201,538,539,706,526,216,192,126,423,412,419,270,465,540,235,422,468,518,212,250,578,77,15,310,618,123,36,492,740,635,611,676,435,128,388,63,744,559,495,21,682,645,656,34,41,549,509,364,316,627,162,719,609,613,58,9,197,150,166,62,180,570,334,42,707,504,671,517,660,607,602,445,743,244,178,499,312,206,433,78,416,460,728,217,464,322,230,373,161,427,534,455,372,49,219,361,67,417,320,6,241,424,158,229,452,742,5,196,668,124,260,72,704,234,242,85,466,712,453,80,354,272,467,378,240,365,291,394,98,527,366,703,477,691,572,147,590,66,94,183,603,8,567,471,749,258,720,324,64,628,359,476,31,585,519,557,353,163,501,207,342,619,516,141,551,449,652,325,111,69,171,705,187,12,218,323,724,723,224,683,461,228,379,573,568,208,589,14,60,160,738,696,249,331,148,730,684,105,214,746,131,43,223,279,176,106,631,57,317,327,642,532,245,282,731,26,391,458,670,140,480,446,130,622,736,685,200,362,37,431,335,718,591,95,104,54,600,463,664,138,571,487,621,404,604,747,205,418,285,113,537,548,580,506,552,213,543,369,614,357,173,341,267,748,47,118,167,83,414,347,462,528,432,710,415,711,482,28,666,307,175,343,116,701,82,679,88,739,193,726,498,136,429,502,612,290,233,525,351,112,457,169,165,53,408,92,368,443,451,715,119,44,3,587,626,340,152,159,305,254,486,638,377,515,280,428,129,73,410,263,447,157,35,189,667,716,633,97,727,360,472,387,186,
226,103.28073334693909,163893.23058434305,158784.33442157006,734,336,29,294,456,321,292,345,524,10,349,547,156,273,629,109,221,450,729,338,640,1,198,284,714,401,497,675,143,398,65,237,295,257,288,311,289,177,444,71,686,632,51,0,231,227,735,142,440,687,286,556,441,737,555,625,636,154,236,210,79,553,332,469,243,563,699,605,695,630,648,562,246,68,411,301,599,484,406,48,496,520,581,644,380,426,133,300,59,277,565,439,146,608,488,561,114,304,202,674,741,454,473,722,151,505,329,87,616,262,702,721,32,2,470,184,596,164,302,658,434,545,371,397,662,409,597,448,576,145,330,678,350,586,125,24,101,601,181,275,75,508,204,403,303,25,89,653,579,399,659,623,546,238,582,144,407,269,127,393,382,475,663,55,108,132,400,507,620,370,594,593,149,172,170,493,45,535,102,610,657,732,220,319,203,442,681,575,624,39,23,713,425,646,690,655,268,673,542,733,255,356,661,190,438,247,514,50,592,474,115,386,694,489,61,402,271,384,199,174,134,355,698,697,137,293,700,672,352,337,437,297,479,194,252,649,314,339,46,494,550,226,122,709,522,261,564,225,309,232,11,358,647,99,256,86,512,264,117,405,396,306,389,278,459,634,298,222,153,375,530,617,266,536,390,598,574,478,215,81,16,381,346,669,392,367,421,30,503,500,93,745,276,248,103,641,665,299,27,385,259,677,17,100,643,688,211,420,554,84,251,296,274,374,639,490,395,376,383,20,195,121,529,566,52,544,436,651,584,510,717,209,253,107,19,182,70,344,191,313,315,588,188,348,483,615,22,265,560,7,4,531,185,523,287,168,637,318,56,139,38,689,120,583,692,76,577,491,33,308,413,363,708,485,650,91,541,18,326,90,110,281,179,40,328,654,569,680,558,606,595,333,533,693,96,521,725,239,74,283,481,135,513,13,155,430,511,201,538,539,706,526,216,192,126,423,412,419,270,465,540,235,422,468,518,212,250,578,77,15,310,618,123,36,492,740,635,611,676,435,128,388,63,744,559,495,21,682,645,656,34,41,549,509,364,316,627,162,719,609,613,58,9,197,150,166,62,180,570,334,42,707,504,671,517,660,607,602,445,743,244,178,499,312,206,433,78,416,460,728,217,464,322,230,373,161,427,534,455,372,49,219,361,67,417,320,6,241,424,158,229,452,742,5,196,668,124,260,72,704,234,242,85,466,712,453,80,354,272,467,378,240,365,291,394,98,527,366,703,477,691,572,147,590,66,94,183,603,8,567,471,749,258,720,324,64,628,359,476,31,585,519,557,353,163,501,207,342,619,516,141,551,449,652,325,111,69,171,705,187,12,218,323,724,723,224,683,461,228,379,573,568,208,589,14,60,160,738,696,249,331,148,730,684,105,214,746,131,43,223,279,176,106,631,57,317,327,642,532,245,282,731,26,391,458,670,140,480,446,130,622,736,685,200,362,37,431,335,718,591,95,104,54,600,463,664,138,571,487,621,404,604,747,205,418,285,113,537,548,580,506,552,213,543,369,614,357,173,341,267,748,47,118,167,83,414,347,462,528,432,710,415,711,482,28,666,307,175,343,116,701,82,679,88,739,193,726,498,136,429,502,612,290,233,525,351,112,457,169,165,53,408,92,368,443,451,715,119,44,3,587,626,340,152,159,305,254,486,638,377,515,280,428,129,73,410,263,447,157,35,189,667,716,633,97,727,360,472,387,186,
227,103.76434779167175,163647.97403350723,158784.33442157006,734,336,29,294,456,321,292,345,524,10,349,547,156,273,629,109,221,450,729,338,640,1,198,284,714,401,497,675,143,398,65,237,295,257,288,311,289,177,444,71,686,632,51,0,231,227,735,142,440,687,286,556,441,737,555,625,636,154,236,210,79,553,332,469,243,563,699,605,695,630,648,562,246,68,411,301,599,484,406,48,496,520,581,644,380,426,133,300,59,277,565,439,146,608,488,561,114,304,202,674,741,454,473,722,151,505,329,87,616,262,702,721,32,2,470,184,596,164,302,658,434,545,371,397,662,409,597,448,576,145,330,678,350,586,125,24,101,601,181,275,75,508,204,403,303,25,89,653,579,399,659,623,546,238,582,144,407,269,127,393,382,475,663,55,108,132,400,507,620,370,594,593,149,172,170,493,45,535,102,610,657,732,220,319,203,442,681,575,624,39,23,713,425,646,690,655,268,673,542,733,255,356,661,190,438,247,514,50,592,474,115,386,694,489,61,402,271,384,199,174,134,355,698,697,137,293,700,672,352,337,437,297,479,194,252,649,314,339,46,494,550,226,122,709,522,261,564,225,309,232,11,358,647,99,256,86,512,264,117,405,396,306,389,278,459,634,298,222,153,375,530,617,266,536,390,598,574,478,215,81,16,381,346,669,392,367,421,30,503,500,93,745,276,248,103,641,665,299,27,385,259,677,17,100,643,688,211,420,554,84,251,296,274,374,639,490,395,376,383,20,195,121,529,566,52,544,436,651,584,510,717,209,253,107,19,182,70,344,191,313,315,588,188,348,483,615,22,265,560,7,4,531,185,523,287,168,637,318,56,139,38,689,120,583,692,76,577,491,33,308,413,363,708,485,650,91,541,18,326,90,110,281,179,40,328,654,569,680,558,606,595,333,533,693,96,521,725,239,74,283,481,135,513,13,155,430,511,201,538,539,706,526,216,192,126,423,412,419,270,465,540,235,422,468,518,212,250,578,77,15,310,618,123,36,492,740,635,611,676,435,128,388,63,744,559,495,21,682,645,656,34,41,549,509,364,316,627,162,719,609,613,58,9,197,150,166,62,180,570,334,42,707,504,671,517,660,607,602,445,743,244,178,499,312,206,433,78,416,460,728,217,464,322,230,373,161,427,534,455,372,49,219,361,67,417,320,6,241,424,158,229,452,742,5,196,668,124,260,72,704,234,242,85,466,712,453,80,354,272,467,378,240,365,291,394,98,527,366,703,477,691,572,147,590,66,94,183,603,8,567,471,749,258,720,324,64,628,359,476,31,585,519,557,353,163,501,207,342,619,516,141,551,449,652,325,111,69,171,705,187,12,218,323,724,723,224,683,461,228,379,573,568,208,589,14,60,160,738,696,249,331,148,730,684,105,214,746,131,43,223,279,176,106,631,57,317,327,642,532,245,282,731,26,391,458,670,140,480,446,130,622,736,685,200,362,37,431,335,718,591,95,104,54,600,463,664,138,571,487,621,404,604,747,205,418,285,113,537,548,580,506,552,213,543,369,614,357,173,341,267,748,47,118,167,83,414,347,462,528,432,710,415,711,482,28,666,307,175,343,116,701,82,679,88,739,193,726,498,136,429,502,612,290,233,525,351,112,457,169,165,53,408,92,368,443,451,715,119,44,3,587,626,340,152,159,305,254,486,638,377,515,280,428,129,73,410,263,447,157,35,189,667,716,633,97,727,360,472,387,186,
228,104.20092844963074,164248.84171193754,158784.33442157006,734,336,29,294,456,321,292,345,524,10,349,547,156,273,629,109,221,450,729,338,640,1,198,284,714,401,497,675,143,398,65,237,295,257,288,311,289,177,444,71,686,632,51,0,231,227,735,142,440,687,286,556,441,737,555,625,636,154,236,210,79,553,332,469,243,563,699,605,695,630,648,562,246,68,411,301,599,484,406,48,496,520,581,644,380,426,133,300,59,277,565,439,146,608,488,561,114,304,202,674,741,454,473,722,151,505,329,87,616,262,702,721,32,2,470,184,596,164,302,658,434,545,371,397,662,409,597,448,576,145,330,678,350,586,125,24,101,601,181,275,75,508,204,403,303,25,89,653,579,399,659,623,546,238,582,144,407,269,127,393,382,475,663,55,108,132,400,507,620,370,594,593,149,172,170,493,45,535,102,610,657,732,220,319,203,442,681,575,624,39,23,713,425,646,690,655,268,673,542,733,255,356,661,190,438,247,514,50,592,474,115,386,694,489,61,402,271,384,199,174,134,355,698,697,137,293,700,672,352,337,437,297,479,194,252,649,314,339,46,494,550,226,122,709,522,261,564,225,309,232,11,358,647,99,256,86,512,264,117,405,396,306,389,278,459,634,298,222,153,375,530,617,266,536,390,598,574,478,215,81,16,381,346,669,392,367,421,30,503,500,93,745,276,248,103,641,665,299,27,385,259,677,17,100,643,688,211,420,554,84,251,296,274,374,639,490,395,376,383,20,195,121,529,566,52,544,436,651,584,510,717,209,253,107,19,182,70,344,191,313,315,588,188,348,483,615,22,265,560,7,4,531,185,523,287,168,637,318,56,139,38,689,120,583,692,76,577,491,33,308,413,363,708,485,650,91,541,18,326,90,110,281,179,40,328,654,569,680,558,606,595,333,533,693,96,521,725,239,74,283,481,135,513,13,155,430,511,201,538,539,706,526,216,192,126,423,412,419,270,465,540,235,422,468,518,212,250,578,77,15,310,618,123,36,492,740,635,611,676,435,128,388,63,744,559,495,21,682,645,656,34,41,549,509,364,316,627,162,719,609,613,58,9,197,150,166,62,180,570,334,42,707,504,671,517,660,607,602,445,743,244,178,499,312,206,433,78,416,460,728,217,464,322,230,373,161,427,534,455,372,49,219,361,67,417,320,6,241,424,158,229,452,742,5,196,668,124,260,72,704,234,242,85,466,712,453,80,354,272,467,378,240,365,291,394,98,527,366,703,477,691,572,147,590,66,94,183,603,8,567,471,749,258,720,324,64,628,359,476,31,585,519,557,353,163,501,207,342,619,516,141,551,449,652,325,111,69,171,705,187,12,218,323,724,723,224,683,461,228,379,573,568,208,589,14,60,160,738,696,249,331,148,730,684,105,214,746,131,43,223,279,176,106,631,57,317,327,642,532,245,282,731,26,391,458,670,140,480,446,130,622,736,685,200,362,37,431,335,718,591,95,104,54,600,463,664,138,571,487,621,404,604,747,205,418,285,113,537,548,580,506,552,213,543,369,614,357,173,341,267,748,47,118,167,83,414,347,462,528,432,710,415,711,482,28,666,307,175,343,116,701,82,679,88,739,193,726,498,136,429,502,612,290,233,525,351,112,457,169,165,53,408,92,368,443,451,715,119,44,3,587,626,340,152,159,305,254,486,638,377,515,280,428,129,73,410,263,447,157,35,189,667,716,633,97,727,360,472,387,186,
229,104.70497226715088,164100.26595926593,158784.33442157006,734,336,29,294,456,321,292,345,524,10,349,547,156,273,629,109,221,450,729,338,640,1,198,284,714,401,497,675,143,398,65,237,295,257,288,311,289,177,444,71,686,632,51,0,231,227,735,142,440,687,286,556,441,737,555,625,636,154,236,210,79,553,332,469,243,563,699,605,695,630,648,562,246,68,411,301,599,484,406,48,496,520,581,644,380,426,133,300,59,277,565,439,146,608,488,561,114,304,202,674,741,454,473,722,151,505,329,87,616,262,702,721,32,2,470,184,596,164,302,658,434,545,371,397,662,409,597,448,576,145,330,678,350,586,125,24,101,601,181,275,75,508,204,403,303,25,89,653,579,399,659,623,546,238,582,144,407,269,127,393,382,475,663,55,108,132,400,507,620,370,594,593,149,172,170,493,45,535,102,610,657,732,220,319,203,442,681,575,624,39,23,713,425,646,690,655,268,673,542,733,255,356,661,190,438,247,514,50,592,474,115,386,694,489,61,402,271,384,199,174,134,355,698,697,137,293,700,672,352,337,437,297,479,194,252,649,314,339,46,494,550,226,122,709,522,261,564,225,309,232,11,358,647,99,256,86,512,264,117,405,396,306,389,278,459,634,298,222,153,375,530,617,266,536,390,598,574,478,215,81,16,381,346,669,392,367,421,30,503,500,93,745,276,248,103,641,665,299,27,385,259,677,17,100,643,688,211,420,554,84,251,296,274,374,639,490,395,376,383,20,195,121,529,566,52,544,436,651,584,510,717,209,253,107,19,182,70,344,191,313,315,588,188,348,483,615,22,265,560,7,4,531,185,523,287,168,637,318,56,139,38,689,120,583,692,76,577,491,33,308,413,363,708,485,650,91,541,18,326,90,110,281,179,40,328,654,569,680,558,606,595,333,533,693,96,521,725,239,74,283,481,135,513,13,155,430,511,201,538,539,706,526,216,192,126,423,412,419,270,465,540,235,422,468,518,212,250,578,77,15,310,618,123,36,492,740,635,611,676,435,128,388,63,744,559,495,21,682,645,656,34,41,549,509,364,316,627,162,719,609,613,58,9,197,150,166,62,180,570,334,42,707,504,671,517,660,607,602,445,743,244,178,499,312,206,433,78,416,460,728,217,464,322,230,373,161,427,534,455,372,49,219,361,67,417,320,6,241,424,158,229,452,742,5,196,668,124,260,72,704,234,242,85,466,712,453,80,354,272,467,378,240,365,291,394,98,527,366,703,477,691,572,147,590,66,94,183,603,8,567,471,749,258,720,324,64,628,359,476,31,585,519,557,353,163,501,207,342,619,516,141,551,449,652,325,111,69,171,705,187,12,218,323,724,723,224,683,461,228,379,573,568,208,589,14,60,160,738,696,249,331,148,730,684,105,214,746,131,43,223,279,176,106,631,57,317,327,642,532,245,282,731,26,391,458,670,140,480,446,130,622,736,685,200,362,37,431,335,718,591,95,104,54,600,463,664,138,571,487,621,404,604,747,205,418,285,113,537,548,580,506,552,213,543,369,614,357,173,341,267,748,47,118,167,83,414,347,462,528,432,710,415,711,482,28,666,307,175,343,116,701,82,679,88,739,193,726,498,136,429,502,612,290,233,525,351,112,457,169,165,53,408,92,368,443,451,715,119,44,3,587,626,340,152,159,305,254,486,638,377,515,280,428,129,73,410,263,447,157,35,189,667,716,633,97,727,360,472,387,186,
230,105.15913558006287,163104.0556596953,158784.33442157006,734,336,29,294,456,321,292,345,524,10,349,547,156,273,629,109,221,450,729,338,640,1,198,284,714,401,497,675,143,398,65,237,295,257,288,311,289,177,444,71,686,632,51,0,231,227,735,142,440,687,286,556,441,737,555,625,636,154,236,210,79,553,332,469,243,563,699,605,695,630,648,562,246,68,411,301,599,484,406,48,496,520,581,644,380,426,133,300,59,277,565,439,146,608,488,561,114,304,202,674,741,454,473,722,151,505,329,87,616,262,702,721,32,2,470,184,596,164,302,658,434,545,371,397,662,409,597,448,576,145,330,678,350,586,125,24,101,601,181,275,75,508,204,403,303,25,89,653,579,399,659,623,546,238,582,144,407,269,127,393,382,475,663,55,108,132,400,507,620,370,594,593,149,172,170,493,45,535,102,610,657,732,220,319,203,442,681,575,624,39,23,713,425,646,690,655,268,673,542,733,255,356,661,190,438,247,514,50,592,474,115,386,694,489,61,402,271,384,199,174,134,355,698,697,137,293,700,672,352,337,437,297,479,194,252,649,314,339,46,494,550,226,122,709,522,261,564,225,309,232,11,358,647,99,256,86,512,264,117,405,396,306,389,278,459,634,298,222,153,375,530,617,266,536,390,598,574,478,215,81,16,381,346,669,392,367,421,30,503,500,93,745,276,248,103,641,665,299,27,385,259,677,17,100,643,688,211,420,554,84,251,296,274,374,639,490,395,376,383,20,195,121,529,566,52,544,436,651,584,510,717,209,253,107,19,182,70,344,191,313,315,588,188,348,483,615,22,265,560,7,4,531,185,523,287,168,637,318,56,139,38,689,120,583,692,76,577,491,33,308,413,363,708,485,650,91,541,18,326,90,110,281,179,40,328,654,569,680,558,606,595,333,533,693,96,521,725,239,74,283,481,135,513,13,155,430,511,201,538,539,706,526,216,192,126,423,412,419,270,465,540,235,422,468,518,212,250,578,77,15,310,618,123,36,492,740,635,611,676,435,128,388,63,744,559,495,21,682,645,656,34,41,549,509,364,316,627,162,719,609,613,58,9,197,150,166,62,180,570,334,42,707,504,671,517,660,607,602,445,743,244,178,499,312,206,433,78,416,460,728,217,464,322,230,373,161,427,534,455,372,49,219,361,67,417,320,6,241,424,158,229,452,742,5,196,668,124,260,72,704,234,242,85,466,712,453,80,354,272,467,378,240,365,291,394,98,527,366,703,477,691,572,147,590,66,94,183,603,8,567,471,749,258,720,324,64,628,359,476,31,585,519,557,353,163,501,207,342,619,516,141,551,449,652,325,111,69,171,705,187,12,218,323,724,723,224,683,461,228,379,573,568,208,589,14,60,160,738,696,249,331,148,730,684,105,214,746,131,43,223,279,176,106,631,57,317,327,642,532,245,282,731,26,391,458,670,140,480,446,130,622,736,685,200,362,37,431,335,718,591,95,104,54,600,463,664,138,571,487,621,404,604,747,205,418,285,113,537,548,580,506,552,213,543,369,614,357,173,341,267,748,47,118,167,83,414,347,462,528,432,710,415,711,482,28,666,307,175,343,116,701,82,679,88,739,193,726,498,136,429,502,612,290,233,525,351,112,457,169,165,53,408,92,368,443,451,715,119,44,3,587,626,340,152,159,305,254,486,638,377,515,280,428,129,73,410,263,447,157,35,189,667,716,633,97,727,360,472,387,186,
231,105.56632566452026,163709.50371365334,158784.33442157006,734,336,29,294,456,321,292,345,524,10,349,547,156,273,629,109,221,450,729,338,640,1,198,284,714,401,497,675,143,398,65,237,295,257,288,311,289,177,444,71,686,632,51,0,231,227,735,142,440,687,286,556,441,737,555,625,636,154,236,210,79,553,332,469,243,563,699,605,695,630,648,562,246,68,411,301,599,484,406,48,496,520,581,644,380,426,133,300,59,277,565,439,146,608,488,561,114,304,202,674,741,454,473,722,151,505,329,87,616,262,702,721,32,2,470,184,596,164,302,658,434,545,371,397,662,409,597,448,576,145,330,678,350,586,125,24,101,601,181,275,75,508,204,403,303,25,89,653,579,399,659,623,546,238,582,144,407,269,127,393,382,475,663,55,108,132,400,507,620,370,594,593,149,172,170,493,45,535,102,610,657,732,220,319,203,442,681,575,624,39,23,713,425,646,690,655,268,673,542,733,255,356,661,190,438,247,514,50,592,474,115,386,694,489,61,402,271,384,199,174,134,355,698,697,137,293,700,672,352,337,437,297,479,194,252,649,314,339,46,494,550,226,122,709,522,261,564,225,309,232,11,358,647,99,256,86,512,264,117,405,396,306,389,278,459,634,298,222,153,375,530,617,266,536,390,598,574,478,215,81,16,381,346,669,392,367,421,30,503,500,93,745,276,248,103,641,665,299,27,385,259,677,17,100,643,688,211,420,554,84,251,296,274,374,639,490,395,376,383,20,195,121,529,566,52,544,436,651,584,510,717,209,253,107,19,182,70,344,191,313,315,588,188,348,483,615,22,265,560,7,4,531,185,523,287,168,637,318,56,139,38,689,120,583,692,76,577,491,33,308,413,363,708,485,650,91,541,18,326,90,110,281,179,40,328,654,569,680,558,606,595,333,533,693,96,521,725,239,74,283,481,135,513,13,155,430,511,201,538,539,706,526,216,192,126,423,412,419,270,465,540,235,422,468,518,212,250,578,77,15,310,618,123,36,492,740,635,611,676,435,128,388,63,744,559,495,21,682,645,656,34,41,549,509,364,316,627,162,719,609,613,58,9,197,150,166,62,180,570,334,42,707,504,671,517,660,607,602,445,743,244,178,499,312,206,433,78,416,460,728,217,464,322,230,373,161,427,534,455,372,49,219,361,67,417,320,6,241,424,158,229,452,742,5,196,668,124,260,72,704,234,242,85,466,712,453,80,354,272,467,378,240,365,291,394,98,527,366,703,477,691,572,147,590,66,94,183,603,8,567,471,749,258,720,324,64,628,359,476,31,585,519,557,353,163,501,207,342,619,516,141,551,449,652,325,111,69,171,705,187,12,218,323,724,723,224,683,461,228,379,573,568,208,589,14,60,160,738,696,249,331,148,730,684,105,214,746,131,43,223,279,176,106,631,57,317,327,642,532,245,282,731,26,391,458,670,140,480,446,130,622,736,685,200,362,37,431,335,718,591,95,104,54,600,463,664,138,571,487,621,404,604,747,205,418,285,113,537,548,580,506,552,213,543,369,614,357,173,341,267,748,47,118,167,83,414,347,462,528,432,710,415,711,482,28,666,307,175,343,116,701,82,679,88,739,193,726,498,136,429,502,612,290,233,525,351,112,457,169,165,53,408,92,368,443,451,715,119,44,3,587,626,340,152,159,305,254,486,638,377,515,280,428,129,73,410,263,447,157,35,189,667,716,633,97,727,360,472,387,186,
232,105.96674251556396,165755.6326092689,158784.33442157006,734,336,29,294,456,321,292,345,524,10,349,547,156,273,629,109,221,450,729,338,640,1,198,284,714,401,497,675,143,398,65,237,295,257,288,311,289,177,444,71,686,632,51,0,231,227,735,142,440,687,286,556,441,737,555,625,636,154,236,210,79,553,332,469,243,563,699,605,695,630,648,562,246,68,411,301,599,484,406,48,496,520,581,644,380,426,133,300,59,277,565,439,146,608,488,561,114,304,202,674,741,454,473,722,151,505,329,87,616,262,702,721,32,2,470,184,596,164,302,658,434,545,371,397,662,409,597,448,576,145,330,678,350,586,125,24,101,601,181,275,75,508,204,403,303,25,89,653,579,399,659,623,546,238,582,144,407,269,127,393,382,475,663,55,108,132,400,507,620,370,594,593,149,172,170,493,45,535,102,610,657,732,220,319,203,442,681,575,624,39,23,713,425,646,690,655,268,673,542,733,255,356,661,190,438,247,514,50,592,474,115,386,694,489,61,402,271,384,199,174,134,355,698,697,137,293,700,672,352,337,437,297,479,194,252,649,314,339,46,494,550,226,122,709,522,261,564,225,309,232,11,358,647,99,256,86,512,264,117,405,396,306,389,278,459,634,298,222,153,375,530,617,266,536,390,598,574,478,215,81,16,381,346,669,392,367,421,30,503,500,93,745,276,248,103,641,665,299,27,385,259,677,17,100,643,688,211,420,554,84,251,296,274,374,639,490,395,376,383,20,195,121,529,566,52,544,436,651,584,510,717,209,253,107,19,182,70,344,191,313,315,588,188,348,483,615,22,265,560,7,4,531,185,523,287,168,637,318,56,139,38,689,120,583,692,76,577,491,33,308,413,363,708,485,650,91,541,18,326,90,110,281,179,40,328,654,569,680,558,606,595,333,533,693,96,521,725,239,74,283,481,135,513,13,155,430,511,201,538,539,706,526,216,192,126,423,412,419,270,465,540,235,422,468,518,212,250,578,77,15,310,618,123,36,492,740,635,611,676,435,128,388,63,744,559,495,21,682,645,656,34,41,549,509,364,316,627,162,719,609,613,58,9,197,150,166,62,180,570,334,42,707,504,671,517,660,607,602,445,743,244,178,499,312,206,433,78,416,460,728,217,464,322,230,373,161,427,534,455,372,49,219,361,67,417,320,6,241,424,158,229,452,742,5,196,668,124,260,72,704,234,242,85,466,712,453,80,354,272,467,378,240,365,291,394,98,527,366,703,477,691,572,147,590,66,94,183,603,8,567,471,749,258,720,324,64,628,359,476,31,585,519,557,353,163,501,207,342,619,516,141,551,449,652,325,111,69,171,705,187,12,218,323,724,723,224,683,461,228,379,573,568,208,589,14,60,160,738,696,249,331,148,730,684,105,214,746,131,43,223,279,176,106,631,57,317,327,642,532,245,282,731,26,391,458,670,140,480,446,130,622,736,685,200,362,37,431,335,718,591,95,104,54,600,463,664,138,571,487,621,404,604,747,205,418,285,113,537,548,580,506,552,213,543,369,614,357,173,341,267,748,47,118,167,83,414,347,462,528,432,710,415,711,482,28,666,307,175,343,116,701,82,679,88,739,193,726,498,136,429,502,612,290,233,525,351,112,457,169,165,53,408,92,368,443,451,715,119,44,3,587,626,340,152,159,305,254,486,638,377,515,280,428,129,73,410,263,447,157,35,189,667,716,633,97,727,360,472,387,186,
233,106.45287156105042,164366.9042658148,158784.33442157006,734,336,29,294,456,321,292,345,524,10,349,547,156,273,629,109,221,450,729,338,640,1,198,284,714,401,497,675,143,398,65,237,295,257,288,311,289,177,444,71,686,632,51,0,231,227,735,142,440,687,286,556,441,737,555,625,636,154,236,210,79,553,332,469,243,563,699,605,695,630,648,562,246,68,411,301,599,484,406,48,496,520,581,644,380,426,133,300,59,277,565,439,146,608,488,561,114,304,202,674,741,454,473,722,151,505,329,87,616,262,702,721,32,2,470,184,596,164,302,658,434,545,371,397,662,409,597,448,576,145,330,678,350,586,125,24,101,601,181,275,75,508,204,403,303,25,89,653,579,399,659,623,546,238,582,144,407,269,127,393,382,475,663,55,108,132,400,507,620,370,594,593,149,172,170,493,45,535,102,610,657,732,220,319,203,442,681,575,624,39,23,713,425,646,690,655,268,673,542,733,255,356,661,190,438,247,514,50,592,474,115,386,694,489,61,402,271,384,199,174,134,355,698,697,137,293,700,672,352,337,437,297,479,194,252,649,314,339,46,494,550,226,122,709,522,261,564,225,309,232,11,358,647,99,256,86,512,264,117,405,396,306,389,278,459,634,298,222,153,375,530,617,266,536,390,598,574,478,215,81,16,381,346,669,392,367,421,30,503,500,93,745,276,248,103,641,665,299,27,385,259,677,17,100,643,688,211,420,554,84,251,296,274,374,639,490,395,376,383,20,195,121,529,566,52,544,436,651,584,510,717,209,253,107,19,182,70,344,191,313,315,588,188,348,483,615,22,265,560,7,4,531,185,523,287,168,637,318,56,139,38,689,120,583,692,76,577,491,33,308,413,363,708,485,650,91,541,18,326,90,110,281,179,40,328,654,569,680,558,606,595,333,533,693,96,521,725,239,74,283,481,135,513,13,155,430,511,201,538,539,706,526,216,192,126,423,412,419,270,465,540,235,422,468,518,212,250,578,77,15,310,618,123,36,492,740,635,611,676,435,128,388,63,744,559,495,21,682,645,656,34,41,549,509,364,316,627,162,719,609,613,58,9,197,150,166,62,180,570,334,42,707,504,671,517,660,607,602,445,743,244,178,499,312,206,433,78,416,460,728,217,464,322,230,373,161,427,534,455,372,49,219,361,67,417,320,6,241,424,158,229,452,742,5,196,668,124,260,72,704,234,242,85,466,712,453,80,354,272,467,378,240,365,291,394,98,527,366,703,477,691,572,147,590,66,94,183,603,8,567,471,749,258,720,324,64,628,359,476,31,585,519,557,353,163,501,207,342,619,516,141,551,449,652,325,111,69,171,705,187,12,218,323,724,723,224,683,461,228,379,573,568,208,589,14,60,160,738,696,249,331,148,730,684,105,214,746,131,43,223,279,176,106,631,57,317,327,642,532,245,282,731,26,391,458,670,140,480,446,130,622,736,685,200,362,37,431,335,718,591,95,104,54,600,463,664,138,571,487,621,404,604,747,205,418,285,113,537,548,580,506,552,213,543,369,614,357,173,341,267,748,47,118,167,83,414,347,462,528,432,710,415,711,482,28,666,307,175,343,116,701,82,679,88,739,193,726,498,136,429,502,612,290,233,525,351,112,457,169,165,53,408,92,368,443,451,715,119,44,3,587,626,340,152,159,305,254,486,638,377,515,280,428,129,73,410,263,447,157,35,189,667,716,633,97,727,360,472,387,186,
234,106.8645510673523,163095.5636743539,158784.33442157006,734,336,29,294,456,321,292,345,524,10,349,547,156,273,629,109,221,450,729,338,640,1,198,284,714,401,497,675,143,398,65,237,295,257,288,311,289,177,444,71,686,632,51,0,231,227,735,142,440,687,286,556,441,737,555,625,636,154,236,210,79,553,332,469,243,563,699,605,695,630,648,562,246,68,411,301,599,484,406,48,496,520,581,644,380,426,133,300,59,277,565,439,146,608,488,561,114,304,202,674,741,454,473,722,151,505,329,87,616,262,702,721,32,2,470,184,596,164,302,658,434,545,371,397,662,409,597,448,576,145,330,678,350,586,125,24,101,601,181,275,75,508,204,403,303,25,89,653,579,399,659,623,546,238,582,144,407,269,127,393,382,475,663,55,108,132,400,507,620,370,594,593,149,172,170,493,45,535,102,610,657,732,220,319,203,442,681,575,624,39,23,713,425,646,690,655,268,673,542,733,255,356,661,190,438,247,514,50,592,474,115,386,694,489,61,402,271,384,199,174,134,355,698,697,137,293,700,672,352,337,437,297,479,194,252,649,314,339,46,494,550,226,122,709,522,261,564,225,309,232,11,358,647,99,256,86,512,264,117,405,396,306,389,278,459,634,298,222,153,375,530,617,266,536,390,598,574,478,215,81,16,381,346,669,392,367,421,30,503,500,93,745,276,248,103,641,665,299,27,385,259,677,17,100,643,688,211,420,554,84,251,296,274,374,639,490,395,376,383,20,195,121,529,566,52,544,436,651,584,510,717,209,253,107,19,182,70,344,191,313,315,588,188,348,483,615,22,265,560,7,4,531,185,523,287,168,637,318,56,139,38,689,120,583,692,76,577,491,33,308,413,363,708,485,650,91,541,18,326,90,110,281,179,40,328,654,569,680,558,606,595,333,533,693,96,521,725,239,74,283,481,135,513,13,155,430,511,201,538,539,706,526,216,192,126,423,412,419,270,465,540,235,422,468,518,212,250,578,77,15,310,618,123,36,492,740,635,611,676,435,128,388,63,744,559,495,21,682,645,656,34,41,549,509,364,316,627,162,719,609,613,58,9,197,150,166,62,180,570,334,42,707,504,671,517,660,607,602,445,743,244,178,499,312,206,433,78,416,460,728,217,464,322,230,373,161,427,534,455,372,49,219,361,67,417,320,6,241,424,158,229,452,742,5,196,668,124,260,72,704,234,242,85,466,712,453,80,354,272,467,378,240,365,291,394,98,527,366,703,477,691,572,147,590,66,94,183,603,8,567,471,749,258,720,324,64,628,359,476,31,585,519,557,353,163,501,207,342,619,516,141,551,449,652,325,111,69,171,705,187,12,218,323,724,723,224,683,461,228,379,573,568,208,589,14,60,160,738,696,249,331,148,730,684,105,214,746,131,43,223,279,176,106,631,57,317,327,642,532,245,282,731,26,391,458,670,140,480,446,130,622,736,685,200,362,37,431,335,718,591,95,104,54,600,463,664,138,571,487,621,404,604,747,205,418,285,113,537,548,580,506,552,213,543,369,614,357,173,341,267,748,47,118,167,83,414,347,462,528,432,710,415,711,482,28,666,307,175,343,116,701,82,679,88,739,193,726,498,136,429,502,612,290,233,525,351,112,457,169,165,53,408,92,368,443,451,715,119,44,3,587,626,340,152,159,305,254,486,638,377,515,280,428,129,73,410,263,447,157,35,189,667,716,633,97,727,360,472,387,186,
235,107.34364819526672,163151.64542008692,158784.33442157006,734,336,29,294,456,321,292,345,524,10,349,547,156,273,629,109,221,450,729,338,640,1,198,284,714,401,497,675,143,398,65,237,295,257,288,311,289,177,444,71,686,632,51,0,231,227,735,142,440,687,286,556,441,737,555,625,636,154,236,210,79,553,332,469,243,563,699,605,695,630,648,562,246,68,411,301,599,484,406,48,496,520,581,644,380,426,133,300,59,277,565,439,146,608,488,561,114,304,202,674,741,454,473,722,151,505,329,87,616,262,702,721,32,2,470,184,596,164,302,658,434,545,371,397,662,409,597,448,576,145,330,678,350,586,125,24,101,601,181,275,75,508,204,403,303,25,89,653,579,399,659,623,546,238,582,144,407,269,127,393,382,475,663,55,108,132,400,507,620,370,594,593,149,172,170,493,45,535,102,610,657,732,220,319,203,442,681,575,624,39,23,713,425,646,690,655,268,673,542,733,255,356,661,190,438,247,514,50,592,474,115,386,694,489,61,402,271,384,199,174,134,355,698,697,137,293,700,672,352,337,437,297,479,194,252,649,314,339,46,494,550,226,122,709,522,261,564,225,309,232,11,358,647,99,256,86,512,264,117,405,396,306,389,278,459,634,298,222,153,375,530,617,266,536,390,598,574,478,215,81,16,381,346,669,392,367,421,30,503,500,93,745,276,248,103,641,665,299,27,385,259,677,17,100,643,688,211,420,554,84,251,296,274,374,639,490,395,376,383,20,195,121,529,566,52,544,436,651,584,510,717,209,253,107,19,182,70,344,191,313,315,588,188,348,483,615,22,265,560,7,4,531,185,523,287,168,637,318,56,139,38,689,120,583,692,76,577,491,33,308,413,363,708,485,650,91,541,18,326,90,110,281,179,40,328,654,569,680,558,606,595,333,533,693,96,521,725,239,74,283,481,135,513,13,155,430,511,201,538,539,706,526,216,192,126,423,412,419,270,465,540,235,422,468,518,212,250,578,77,15,310,618,123,36,492,740,635,611,676,435,128,388,63,744,559,495,21,682,645,656,34,41,549,509,364,316,627,162,719,609,613,58,9,197,150,166,62,180,570,334,42,707,504,671,517,660,607,602,445,743,244,178,499,312,206,433,78,416,460,728,217,464,322,230,373,161,427,534,455,372,49,219,361,67,417,320,6,241,424,158,229,452,742,5,196,668,124,260,72,704,234,242,85,466,712,453,80,354,272,467,378,240,365,291,394,98,527,366,703,477,691,572,147,590,66,94,183,603,8,567,471,749,258,720,324,64,628,359,476,31,585,519,557,353,163,501,207,342,619,516,141,551,449,652,325,111,69,171,705,187,12,218,323,724,723,224,683,461,228,379,573,568,208,589,14,60,160,738,696,249,331,148,730,684,105,214,746,131,43,223,279,176,106,631,57,317,327,642,532,245,282,731,26,391,458,670,140,480,446,130,622,736,685,200,362,37,431,335,718,591,95,104,54,600,463,664,138,571,487,621,404,604,747,205,418,285,113,537,548,580,506,552,213,543,369,614,357,173,341,267,748,47,118,167,83,414,347,462,528,432,710,415,711,482,28,666,307,175,343,116,701,82,679,88,739,193,726,498,136,429,502,612,290,233,525,351,112,457,169,165,53,408,92,368,443,451,715,119,44,3,587,626,340,152,159,305,254,486,638,377,515,280,428,129,73,410,263,447,157,35,189,667,716,633,97,727,360,472,387,186,
236,107.75599884986877,inf,158784.33442157006,734,336,29,294,456,321,292,345,524,10,349,547,156,273,629,109,221,450,729,338,640,1,198,284,714,401,497,675,143,398,65,237,295,257,288,311,289,177,444,71,686,632,51,0,231,227,735,142,440,687,286,556,441,737,555,625,636,154,236,210,79,553,332,469,243,563,699,605,695,630,648,562,246,68,411,301,599,484,406,48,496,520,581,644,380,426,133,300,59,277,565,439,146,608,488,561,114,304,202,674,741,454,473,722,151,505,329,87,616,262,702,721,32,2,470,184,596,164,302,658,434,545,371,397,662,409,597,448,576,145,330,678,350,586,125,24,101,601,181,275,75,508,204,403,303,25,89,653,579,399,659,623,546,238,582,144,407,269,127,393,382,475,663,55,108,132,400,507,620,370,594,593,149,172,170,493,45,535,102,610,657,732,220,319,203,442,681,575,624,39,23,713,425,646,690,655,268,673,542,733,255,356,661,190,438,247,514,50,592,474,115,386,694,489,61,402,271,384,199,174,134,355,698,697,137,293,700,672,352,337,437,297,479,194,252,649,314,339,46,494,550,226,122,709,522,261,564,225,309,232,11,358,647,99,256,86,512,264,117,405,396,306,389,278,459,634,298,222,153,375,530,617,266,536,390,598,574,478,215,81,16,381,346,669,392,367,421,30,503,500,93,745,276,248,103,641,665,299,27,385,259,677,17,100,643,688,211,420,554,84,251,296,274,374,639,490,395,376,383,20,195,121,529,566,52,544,436,651,584,510,717,209,253,107,19,182,70,344,191,313,315,588,188,348,483,615,22,265,560,7,4,531,185,523,287,168,637,318,56,139,38,689,120,583,692,76,577,491,33,308,413,363,708,485,650,91,541,18,326,90,110,281,179,40,328,654,569,680,558,606,595,333,533,693,96,521,725,239,74,283,481,135,513,13,155,430,511,201,538,539,706,526,216,192,126,423,412,419,270,465,540,235,422,468,518,212,250,578,77,15,310,618,123,36,492,740,635,611,676,435,128,388,63,744,559,495,21,682,645,656,34,41,549,509,364,316,627,162,719,609,613,58,9,197,150,166,62,180,570,334,42,707,504,671,517,660,607,602,445,743,244,178,499,312,206,433,78,416,460,728,217,464,322,230,373,161,427,534,455,372,49,219,361,67,417,320,6,241,424,158,229,452,742,5,196,668,124,260,72,704,234,242,85,466,712,453,80,354,272,467,378,240,365,291,394,98,527,366,703,477,691,572,147,590,66,94,183,603,8,567,471,749,258,720,324,64,628,359,476,31,585,519,557,353,163,501,207,342,619,516,141,551,449,652,325,111,69,171,705,187,12,218,323,724,723,224,683,461,228,379,573,568,208,589,14,60,160,738,696,249,331,148,730,684,105,214,746,131,43,223,279,176,106,631,57,317,327,642,532,245,282,731,26,391,458,670,140,480,446,130,622,736,685,200,362,37,431,335,718,591,95,104,54,600,463,664,138,571,487,621,404,604,747,205,418,285,113,537,548,580,506,552,213,543,369,614,357,173,341,267,748,47,118,167,83,414,347,462,528,432,710,415,711,482,28,666,307,175,343,116,701,82,679,88,739,193,726,498,136,429,502,612,290,233,525,351,112,457,169,165,53,408,92,368,443,451,715,119,44,3,587,626,340,152,159,305,254,486,638,377,515,280,428,129,73,410,263,447,157,35,189,667,716,633,97,727,360,472,387,186,
237,108.26894402503967,162491.6731289154,158784.33442156983,673,542,733,255,356,661,190,438,247,514,50,592,474,115,386,694,489,61,402,271,384,199,174,134,355,698,697,137,293,700,672,352,337,437,297,479,194,252,649,314,339,46,494,550,226,122,709,522,261,564,225,309,232,11,358,647,99,256,86,512,264,117,405,396,306,389,278,459,634,298,222,153,375,530,617,266,536,390,598,574,478,215,81,16,381,346,669,392,367,421,30,503,500,93,745,276,248,103,641,665,299,27,385,259,677,17,100,643,688,211,420,554,84,251,296,274,374,639,490,395,376,383,20,195,121,529,566,52,544,436,651,584,510,717,209,253,107,19,182,70,344,191,313,315,588,188,348,483,615,22,265,560,7,4,531,185,523,287,168,637,318,56,139,38,689,120,583,692,76,577,491,33,308,413,363,708,485,650,91,541,18,326,90,110,281,179,40,328,654,569,680,558,606,595,333,533,693,96,521,725,239,74,283,481,135,513,13,155,430,511,201,538,539,706,526,216,192,126,423,412,419,270,465,540,235,422,468,518,212,250,578,77,15,310,618,123,36,492,740,635,611,676,435,128,388,63,744,559,495,21,682,645,656,34,41,549,509,364,316,627,162,719,609,613,58,9,197,150,166,62,180,570,334,42,707,504,671,517,660,607,602,445,743,244,178,499,312,206,433,78,416,460,728,217,464,322,230,373,161,427,534,455,372,49,219,361,67,417,320,6,241,424,158,229,452,742,5,196,668,124,260,72,704,234,242,85,466,712,453,80,354,272,467,378,240,365,291,394,98,527,366,703,477,691,572,147,590,66,94,183,603,8,567,471,749,258,720,324,64,628,359,476,31,585,519,557,353,163,501,207,342,619,516,141,551,449,652,325,111,69,171,705,187,12,218,323,724,723,224,683,461,228,379,573,568,208,589,14,60,160,738,696,249,331,148,730,684,105,214,746,131,43,223,279,176,106,631,57,317,327,642,532,245,282,731,26,391,458,670,140,480,446,130,622,736,685,200,362,37,431,335,718,591,95,104,54,600,463,664,138,571,487,621,404,604,747,205,418,285,113,537,548,580,506,552,213,543,369,614,357,173,341,267,748,47,118,167,83,414,347,462,528,432,710,415,711,482,28,666,307,175,343,116,701,82,679,88,739,193,726,498,136,429,502,612,290,233,525,351,112,457,169,165,53,408,92,368,443,451,715,119,44,3,587,626,340,152,159,305,254,486,638,377,515,280,428,129,73,410,263,447,157,35,189,667,716,633,97,727,360,472,387,186,734,336,29,294,456,321,292,345,524,10,349,547,156,273,629,109,221,450,729,338,640,1,198,284,714,401,497,675,143,398,65,237,295,257,288,311,289,177,444,71,686,632,51,0,231,227,735,142,440,687,286,556,441,737,555,625,636,154,236,210,79,553,332,469,243,563,699,605,695,630,648,562,246,68,411,301,599,484,406,48,496,520,581,644,380,426,133,300,59,277,565,439,146,608,488,561,114,304,202,674,741,454,473,722,151,505,329,87,616,262,702,721,32,2,470,184,596,164,302,658,434,545,371,397,662,409,597,448,576,145,330,678,350,586,125,24,101,601,181,275,75,508,204,403,303,25,89,653,579,399,659,623,546,238,582,144,407,269,127,393,382,475,663,55,108,132,400,507,620,370,594,593,149,172,170,493,45,535,102,610,657,732,220,319,203,442,681,575,624,39,23,713,425,646,690,655,268,
238,108.69650602340698,inf,158784.3344215698,337,437,297,479,194,252,649,314,339,46,494,550,226,122,709,522,261,564,225,309,232,11,358,647,99,256,86,512,264,117,405,396,306,389,278,459,634,298,222,153,375,530,617,266,536,390,598,574,478,215,81,16,381,346,669,392,367,421,30,503,500,93,745,276,248,103,641,665,299,27,385,259,677,17,100,643,688,211,420,554,84,251,296,274,374,639,490,395,376,383,20,195,121,529,566,52,544,436,651,584,510,717,209,253,107,19,182,70,344,191,313,315,588,188,348,483,615,22,265,560,7,4,531,185,523,287,168,637,318,56,139,38,689,120,583,692,76,577,491,33,308,413,363,708,485,650,91,541,18,326,90,110,281,179,40,328,654,569,680,558,606,595,333,533,693,96,521,725,239,74,283,481,135,513,13,155,430,511,201,538,539,706,526,216,192,126,423,412,419,270,465,540,235,422,468,518,212,250,578,77,15,310,618,123,36,492,740,635,611,676,435,128,388,63,744,559,495,21,682,645,656,34,41,549,509,364,316,627,162,719,609,613,58,9,197,150,166,62,180,570,334,42,707,504,671,517,660,607,602,445,743,244,178,499,312,206,433,78,416,460,728,217,464,322,230,373,161,427,534,455,372,49,219,361,67,417,320,6,241,424,158,229,452,742,5,196,668,124,260,72,704,234,242,85,466,712,453,80,354,272,467,378,240,365,291,394,98,527,366,703,477,691,572,147,590,66,94,183,603,8,567,471,749,258,720,324,64,628,359,476,31,585,519,557,353,163,501,207,342,619,516,141,551,449,652,325,111,69,171,705,187,12,218,323,724,723,224,683,461,228,379,573,568,208,589,14,60,160,738,696,249,331,148,730,684,105,214,746,131,43,223,279,176,106,631,57,317,327,642,532,245,282,731,26,391,458,670,140,480,446,130,622,736,685,200,362,37,431,335,718,591,95,104,54,600,463,664,138,571,487,621,404,604,747,205,418,285,113,537,548,580,506,552,213,543,369,614,357,173,341,267,748,47,118,167,83,414,347,462,528,432,710,415,711,482,28,666,307,175,343,116,701,82,679,88,739,193,726,498,136,429,502,612,290,233,525,351,112,457,169,165,53,408,92,368,443,451,715,119,44,3,587,626,340,152,159,305,254,486,638,377,515,280,428,129,73,410,263,447,157,35,189,667,716,633,97,727,360,472,387,186,734,336,29,294,456,321,292,345,524,10,349,547,156,273,629,109,221,450,729,338,640,1,198,284,714,401,497,675,143,398,65,237,295,257,288,311,289,177,444,71,686,632,51,0,231,227,735,142,440,687,286,556,441,737,555,625,636,154,236,210,79,553,332,469,243,563,699,605,695,630,648,562,246,68,411,301,599,484,406,48,496,520,581,644,380,426,133,300,59,277,565,439,146,608,488,561,114,304,202,674,741,454,473,722,151,505,329,87,616,262,702,721,32,2,470,184,596,164,302,658,434,545,371,397,662,409,597,448,576,145,330,678,350,586,125,24,101,601,181,275,75,508,204,403,303,25,89,653,579,399,659,623,546,238,582,144,407,269,127,393,382,475,663,55,108,132,400,507,620,370,594,593,149,172,170,493,45,535,102,610,657,732,220,319,203,442,681,575,624,39,23,713,425,646,690,655,268,673,542,733,255,356,661,190,438,247,514,50,592,474,115,386,694,489,61,402,271,384,199,174,134,355,698,697,137,293,700,672,352,
239,109.18210935592651,161415.56865307828,158784.3344215698,337,437,297,479,194,252,649,314,339,46,494,550,226,122,709,522,261,564,225,309,232,11,358,647,99,256,86,512,264,117,405,396,306,389,278,459,634,298,222,153,375,530,617,266,536,390,598,574,478,215,81,16,381,346,669,392,367,421,30,503,500,93,745,276,248,103,641,665,299,27,385,259,677,17,100,643,688,211,420,554,84,251,296,274,374,639,490,395,376,383,20,195,121,529,566,52,544,436,651,584,510,717,209,253,107,19,182,70,344,191,313,315,588,188,348,483,615,22,265,560,7,4,531,185,523,287,168,637,318,56,139,38,689,120,583,692,76,577,491,33,308,413,363,708,485,650,91,541,18,326,90,110,281,179,40,328,654,569,680,558,606,595,333,533,693,96,521,725,239,74,283,481,135,513,13,155,430,511,201,538,539,706,526,216,192,126,423,412,419,270,465,540,235,422,468,518,212,250,578,77,15,310,618,123,36,492,740,635,611,676,435,128,388,63,744,559,495,21,682,645,656,34,41,549,509,364,316,627,162,719,609,613,58,9,197,150,166,62,180,570,334,42,707,504,671,517,660,607,602,445,743,244,178,499,312,206,433,78,416,460,728,217,464,322,230,373,161,427,534,455,372,49,219,361,67,417,320,6,241,424,158,229,452,742,5,196,668,124,260,72,704,234,242,85,466,712,453,80,354,272,467,378,240,365,291,394,98,527,366,703,477,691,572,147,590,66,94,183,603,8,567,471,749,258,720,324,64,628,359,476,31,585,519,557,353,163,501,207,342,619,516,141,551,449,652,325,111,69,171,705,187,12,218,323,724,723,224,683,461,228,379,573,568,208,589,14,60,160,738,696,249,331,148,730,684,105,214,746,131,43,223,279,176,106,631,57,317,327,642,532,245,282,731,26,391,458,670,140,480,446,130,622,736,685,200,362,37,431,335,718,591,95,104,54,600,463,664,138,571,487,621,404,604,747,205,418,285,113,537,548,580,506,552,213,543,369,614,357,173,341,267,748,47,118,167,83,414,347,462,528,432,710,415,711,482,28,666,307,175,343,116,701,82,679,88,739,193,726,498,136,429,502,612,290,233,525,351,112,457,169,165,53,408,92,368,443,451,715,119,44,3,587,626,340,152,159,305,254,486,638,377,515,280,428,129,73,410,263,447,157,35,189,667,716,633,97,727,360,472,387,186,734,336,29,294,456,321,292,345,524,10,349,547,156,273,629,109,221,450,729,338,640,1,198,284,714,401,497,675,143,398,65,237,295,257,288,311,289,177,444,71,686,632,51,0,231,227,735,142,440,687,286,556,441,737,555,625,636,154,236,210,79,553,332,469,243,563,699,605,695,630,648,562,246,68,411,301,599,484,406,48,496,520,581,644,380,426,133,300,59,277,565,439,146,608,488,561,114,304,202,674,741,454,473,722,151,505,329,87,616,262,702,721,32,2,470,184,596,164,302,658,434,545,371,397,662,409,597,448,576,145,330,678,350,586,125,24,101,601,181,275,75,508,204,403,303,25,89,653,579,399,659,623,546,238,582,144,407,269,127,393,382,475,663,55,108,132,400,507,620,370,594,593,149,172,170,493,45,535,102,610,657,732,220,319,203,442,681,575,624,39,23,713,425,646,690,655,268,673,542,733,255,356,661,190,438,247,514,50,592,474,115,386,694,489,61,402,271,384,199,174,134,355,698,697,137,293,700,672,352,
240,109.61083149909973,162041.34965683837,158703.8745592169,255,356,661,190,438,247,514,50,592,474,115,386,694,489,61,402,271,384,199,174,134,355,698,697,137,293,700,672,352,337,437,297,479,194,252,649,314,339,46,494,550,226,122,709,522,261,564,225,309,232,11,358,647,99,256,86,512,264,117,405,396,306,389,278,459,634,298,222,153,375,530,617,266,536,390,598,574,478,215,81,16,381,346,669,392,367,421,30,503,500,93,745,276,248,103,641,665,299,27,385,259,677,17,100,643,688,211,420,554,84,251,296,274,374,639,490,395,376,383,20,195,121,529,566,52,544,436,651,584,510,717,209,253,107,19,182,70,344,191,313,315,588,188,348,483,615,22,265,560,7,4,531,185,523,287,168,637,318,56,139,38,689,120,583,692,76,577,491,33,308,413,363,708,485,650,91,541,18,326,90,110,281,179,40,328,654,569,680,558,606,595,333,533,693,96,521,725,239,74,283,481,135,513,13,155,430,511,201,538,539,706,526,216,192,126,423,412,419,270,465,540,235,422,468,518,212,250,578,77,15,310,618,123,36,492,740,635,611,676,435,128,388,63,744,559,495,21,682,645,656,34,41,549,509,364,316,627,162,719,609,613,58,9,197,150,166,62,180,570,334,42,707,504,671,517,660,607,602,445,743,244,178,499,312,206,433,78,416,460,728,217,464,322,230,373,161,427,534,455,372,49,219,361,67,417,320,6,241,424,158,229,452,742,5,196,668,124,260,72,704,234,242,85,466,712,453,80,354,272,467,378,240,365,291,394,98,527,366,703,477,691,572,147,590,66,94,183,603,8,567,471,749,258,720,324,64,628,359,476,31,585,519,557,353,323,224,683,723,724,163,501,207,342,619,516,141,551,449,652,325,111,69,171,705,12,218,187,573,568,208,589,14,60,160,738,696,249,331,148,730,684,105,214,746,131,43,223,279,176,106,631,57,317,327,642,532,245,282,731,26,391,458,670,140,480,446,130,622,736,685,200,362,37,431,335,718,591,95,104,54,600,463,664,138,571,487,621,404,604,747,205,418,285,379,228,461,113,537,548,580,506,552,213,543,369,614,357,173,341,267,748,47,118,167,83,414,347,462,528,432,710,415,711,482,28,666,307,175,343,116,701,82,679,88,739,193,726,498,136,429,502,612,290,233,525,351,112,457,169,165,53,408,92,368,443,451,715,119,44,3,587,626,340,152,159,305,254,486,638,377,515,280,428,129,73,410,263,447,157,35,189,667,716,633,97,727,360,472,387,186,734,336,29,294,456,321,292,345,524,10,349,547,156,273,629,109,221,450,729,338,640,1,198,284,714,401,497,675,143,398,65,237,295,257,288,311,289,177,444,71,686,632,51,0,231,227,735,142,440,687,286,556,441,737,555,625,636,154,236,210,79,553,332,469,243,563,699,605,695,630,648,562,246,68,411,301,599,484,406,48,496,520,581,644,380,426,133,300,59,277,565,439,146,608,488,561,114,304,202,674,741,454,473,722,151,505,329,87,616,262,702,721,32,2,470,184,596,164,302,658,434,545,371,397,662,409,597,448,576,145,330,678,350,586,125,24,101,601,181,275,75,508,204,403,303,25,89,653,579,399,659,623,546,238,582,144,407,269,127,393,382,475,663,55,108,132,400,507,620,370,594,593,149,172,170,493,45,535,102,610,657,732,220,319,203,442,681,575,624,39,23,713,425,646,690,655,268,673,542,733,
241,110.12423920631409,161947.217581752,158703.87455921687,337,437,297,479,194,252,649,314,339,46,494,550,226,122,709,522,261,564,225,309,232,11,358,647,99,256,86,512,264,117,405,396,306,389,278,459,634,298,222,153,375,530,617,266,536,390,598,574,478,215,81,16,381,346,669,392,367,421,30,503,500,93,745,276,248,103,641,665,299,27,385,259,677,17,100,643,688,211,420,554,84,251,296,274,374,639,490,395,376,383,20,195,121,529,566,52,544,436,651,584,510,717,209,253,107,19,182,70,344,191,313,315,588,188,348,483,615,22,265,560,7,4,531,185,523,287,168,637,318,56,139,38,689,120,583,692,76,577,491,33,308,413,363,708,485,650,91,541,18,326,90,110,281,179,40,328,654,569,680,558,606,595,333,533,693,96,521,725,239,74,283,481,135,513,13,155,430,511,201,538,539,706,526,216,192,126,423,412,419,270,465,540,235,422,468,518,212,250,578,77,15,310,618,123,36,492,740,635,611,676,435,128,388,63,744,559,495,21,682,645,656,34,41,549,509,364,316,627,162,719,609,613,58,9,197,150,166,62,180,570,334,42,707,504,671,517,660,607,602,445,743,244,178,499,312,206,433,78,416,460,728,217,464,322,230,373,161,427,534,455,372,49,219,361,67,417,320,6,241,424,158,229,452,742,5,196,668,124,260,72,704,234,242,85,466,712,453,80,354,272,467,378,240,365,291,394,98,527,366,703,477,691,572,147,590,66,94,183,603,8,567,471,749,258,720,324,64,628,359,476,31,585,519,557,353,323,224,683,723,724,163,501,207,342,619,516,141,551,449,652,325,111,69,171,705,12,218,187,573,568,208,589,14,60,160,738,696,249,331,148,730,684,105,214,746,131,43,223,279,176,106,631,57,317,327,642,532,245,282,731,26,391,458,670,140,480,446,130,622,736,685,200,362,37,431,335,718,591,95,104,54,600,463,664,138,571,487,621,404,604,747,205,418,285,379,228,461,113,537,548,580,506,552,213,543,369,614,357,173,341,267,748,47,118,167,83,414,347,462,528,432,710,415,711,482,28,666,307,175,343,116,701,82,679,88,739,193,726,498,136,429,502,612,290,233,525,351,112,457,169,165,53,408,92,368,443,451,715,119,44,3,587,626,340,152,159,305,254,486,638,377,515,280,428,129,73,410,263,447,157,35,189,667,716,633,97,727,360,472,387,186,734,336,29,294,456,321,292,345,524,10,349,547,156,273,629,109,221,450,729,338,640,1,198,284,714,401,497,675,143,398,65,237,295,257,288,311,289,177,444,71,686,632,51,0,231,227,735,142,440,687,286,556,441,737,555,625,636,154,236,210,79,553,332,469,243,563,699,605,695,630,648,562,246,68,411,301,599,484,406,48,496,520,581,644,380,426,133,300,59,277,565,439,146,608,488,561,114,304,202,674,741,454,473,722,151,505,329,87,616,262,702,721,32,2,470,184,596,164,302,658,434,545,371,397,662,409,597,448,576,145,330,678,350,586,125,24,101,601,181,275,75,508,204,403,303,25,89,653,579,399,659,623,546,238,582,144,407,269,127,393,382,475,663,55,108,132,400,507,620,370,594,593,149,172,170,493,45,535,102,610,657,732,220,319,203,442,681,575,624,39,23,713,425,646,690,655,268,673,542,733,255,356,661,190,438,247,514,50,592,474,115,386,694,489,61,402,271,384,199,174,134,355,698,697,137,293,700,672,352,
242,110.54704427719116,161814.61453676003,158703.87455921687,337,437,297,479,194,252,649,314,339,46,494,550,226,122,709,522,261,564,225,309,232,11,358,647,99,256,86,512,264,117,405,396,306,389,278,459,634,298,222,153,375,530,617,266,536,390,598,574,478,215,81,16,381,346,669,392,367,421,30,503,500,93,745,276,248,103,641,665,299,27,385,259,677,17,100,643,688,211,420,554,84,251,296,274,374,639,490,395,376,383,20,195,121,529,566,52,544,436,651,584,510,717,209,253,107,19,182,70,344,191,313,315,588,188,348,483,615,22,265,560,7,4,531,185,523,287,168,637,318,56,139,38,689,120,583,692,76,577,491,33,308,413,363,708,485,650,91,541,18,326,90,110,281,179,40,328,654,569,680,558,606,595,333,533,693,96,521,725,239,74,283,481,135,513,13,155,430,511,201,538,539,706,526,216,192,126,423,412,419,270,465,540,235,422,468,518,212,250,578,77,15,310,618,123,36,492,740,635,611,676,435,128,388,63,744,559,495,21,682,645,656,34,41,549,509,364,316,627,162,719,609,613,58,9,197,150,166,62,180,570,334,42,707,504,671,517,660,607,602,445,743,244,178,499,312,206,433,78,416,460,728,217,464,322,230,373,161,427,534,455,372,49,219,361,67,417,320,6,241,424,158,229,452,742,5,196,668,124,260,72,704,234,242,85,466,712,453,80,354,272,467,378,240,365,291,394,98,527,366,703,477,691,572,147,590,66,94,183,603,8,567,471,749,258,720,324,64,628,359,476,31,585,519,557,353,323,224,683,723,724,163,501,207,342,619,516,141,551,449,652,325,111,69,171,705,12,218,187,573,568,208,589,14,60,160,738,696,249,331,148,730,684,105,214,746,131,43,223,279,176,106,631,57,317,327,642,532,245,282,731,26,391,458,670,140,480,446,130,622,736,685,200,362,37,431,335,718,591,95,104,54,600,463,664,138,571,487,621,404,604,747,205,418,285,379,228,461,113,537,548,580,506,552,213,543,369,614,357,173,341,267,748,47,118,167,83,414,347,462,528,432,710,415,711,482,28,666,307,175,343,116,701,82,679,88,739,193,726,498,136,429,502,612,290,233,525,351,112,457,169,165,53,408,92,368,443,451,715,119,44,3,587,626,340,152,159,305,254,486,638,377,515,280,428,129,73,410,263,447,157,35,189,667,716,633,97,727,360,472,387,186,734,336,29,294,456,321,292,345,524,10,349,547,156,273,629,109,221,450,729,338,640,1,198,284,714,401,497,675,143,398,65,237,295,257,288,311,289,177,444,71,686,632,51,0,231,227,735,142,440,687,286,556,441,737,555,625,636,154,236,210,79,553,332,469,243,563,699,605,695,630,648,562,246,68,411,301,599,484,406,48,496,520,581,644,380,426,133,300,59,277,565,439,146,608,488,561,114,304,202,674,741,454,473,722,151,505,329,87,616,262,702,721,32,2,470,184,596,164,302,658,434,545,371,397,662,409,597,448,576,145,330,678,350,586,125,24,101,601,181,275,75,508,204,403,303,25,89,653,579,399,659,623,546,238,582,144,407,269,127,393,382,475,663,55,108,132,400,507,620,370,594,593,149,172,170,493,45,535,102,610,657,732,220,319,203,442,681,575,624,39,23,713,425,646,690,655,268,673,542,733,255,356,661,190,438,247,514,50,592,474,115,386,694,489,61,402,271,384,199,174,134,355,698,697,137,293,700,672,352,
243,110.93388557434082,162016.19120109064,158703.87455921687,337,437,297,479,194,252,649,314,339,46,494,550,226,122,709,522,261,564,225,309,232,11,358,647,99,256,86,512,264,117,405,396,306,389,278,459,634,298,222,153,375,530,617,266,536,390,598,574,478,215,81,16,381,346,669,392,367,421,30,503,500,93,745,276,248,103,641,665,299,27,385,259,677,17,100,643,688,211,420,554,84,251,296,274,374,639,490,395,376,383,20,195,121,529,566,52,544,436,651,584,510,717,209,253,107,19,182,70,344,191,313,315,588,188,348,483,615,22,265,560,7,4,531,185,523,287,168,637,318,56,139,38,689,120,583,692,76,577,491,33,308,413,363,708,485,650,91,541,18,326,90,110,281,179,40,328,654,569,680,558,606,595,333,533,693,96,521,725,239,74,283,481,135,513,13,155,430,511,201,538,539,706,526,216,192,126,423,412,419,270,465,540,235,422,468,518,212,250,578,77,15,310,618,123,36,492,740,635,611,676,435,128,388,63,744,559,495,21,682,645,656,34,41,549,509,364,316,627,162,719,609,613,58,9,197,150,166,62,180,570,334,42,707,504,671,517,660,607,602,445,743,244,178,499,312,206,433,78,416,460,728,217,464,322,230,373,161,427,534,455,372,49,219,361,67,417,320,6,241,424,158,229,452,742,5,196,668,124,260,72,704,234,242,85,466,712,453,80,354,272,467,378,240,365,291,394,98,527,366,703,477,691,572,147,590,66,94,183,603,8,567,471,749,258,720,324,64,628,359,476,31,585,519,557,353,323,224,683,723,724,163,501,207,342,619,516,141,551,449,652,325,111,69,171,705,12,218,187,573,568,208,589,14,60,160,738,696,249,331,148,730,684,105,214,746,131,43,223,279,176,106,631,57,317,327,642,532,245,282,731,26,391,458,670,140,480,446,130,622,736,685,200,362,37,431,335,718,591,95,104,54,600,463,664,138,571,487,621,404,604,747,205,418,285,379,228,461,113,537,548,580,506,552,213,543,369,614,357,173,341,267,748,47,118,167,83,414,347,462,528,432,710,415,711,482,28,666,307,175,343,116,701,82,679,88,739,193,726,498,136,429,502,612,290,233,525,351,112,457,169,165,53,408,92,368,443,451,715,119,44,3,587,626,340,152,159,305,254,486,638,377,515,280,428,129,73,410,263,447,157,35,189,667,716,633,97,727,360,472,387,186,734,336,29,294,456,321,292,345,524,10,349,547,156,273,629,109,221,450,729,338,640,1,198,284,714,401,497,675,143,398,65,237,295,257,288,311,289,177,444,71,686,632,51,0,231,227,735,142,440,687,286,556,441,737,555,625,636,154,236,210,79,553,332,469,243,563,699,605,695,630,648,562,246,68,411,301,599,484,406,48,496,520,581,644,380,426,133,300,59,277,565,439,146,608,488,561,114,304,202,674,741,454,473,722,151,505,329,87,616,262,702,721,32,2,470,184,596,164,302,658,434,545,371,397,662,409,597,448,576,145,330,678,350,586,125,24,101,601,181,275,75,508,204,403,303,25,89,653,579,399,659,623,546,238,582,144,407,269,127,393,382,475,663,55,108,132,400,507,620,370,594,593,149,172,170,493,45,535,102,610,657,732,220,319,203,442,681,575,624,39,23,713,425,646,690,655,268,673,542,733,255,356,661,190,438,247,514,50,592,474,115,386,694,489,61,402,271,384,199,174,134,355,698,697,137,293,700,672,352,
244,111.41350483894348,163060.8073806831,158686.14719915003,337,437,297,479,194,252,649,314,339,46,494,550,226,122,709,522,261,564,225,309,232,11,358,647,99,256,86,512,264,117,405,396,306,389,278,459,634,298,222,153,375,530,617,266,536,390,598,574,478,215,81,16,381,346,669,392,367,421,30,503,500,93,745,276,248,103,641,665,299,27,385,259,677,17,100,643,688,211,420,554,84,251,296,274,374,639,490,395,376,383,20,195,121,529,566,52,544,436,651,584,510,717,209,253,107,19,182,70,344,191,313,315,588,188,348,483,615,22,265,560,7,4,531,185,523,287,168,637,318,56,139,38,689,120,583,692,76,577,491,33,308,413,363,708,485,650,91,541,18,326,90,110,281,41,179,40,328,654,569,680,558,606,595,333,533,693,96,521,725,239,74,283,481,135,513,13,155,430,511,201,538,539,706,526,216,192,126,423,412,419,270,34,656,465,540,235,422,468,518,212,250,578,77,15,310,618,123,36,492,740,635,611,676,435,128,388,63,744,559,495,21,682,645,549,509,364,316,627,162,719,609,613,58,9,197,150,166,62,180,570,334,42,707,504,671,517,660,607,602,445,743,244,178,499,312,206,433,78,416,460,728,217,464,322,230,373,161,427,534,455,372,49,219,361,67,417,320,6,241,424,158,229,452,742,5,196,668,124,260,72,704,234,242,85,466,712,453,80,354,272,467,378,240,365,291,394,98,527,366,703,477,691,572,147,590,66,94,183,603,8,567,471,749,258,720,324,64,628,359,476,31,585,519,557,353,323,224,683,723,724,163,501,207,342,619,516,141,551,449,652,325,111,69,171,705,12,218,187,573,568,208,589,14,60,160,738,696,249,331,148,730,684,105,214,746,131,43,223,279,176,106,631,57,317,327,642,532,245,282,731,26,391,458,670,140,480,446,130,622,736,685,200,362,37,431,335,718,591,95,104,54,600,463,664,138,571,487,621,404,604,747,205,418,285,379,228,461,113,537,548,580,506,552,213,543,369,614,357,173,341,267,748,47,118,167,83,414,347,462,528,432,710,415,711,482,28,666,307,175,343,116,701,82,679,88,739,193,726,498,136,429,502,612,290,233,525,351,112,457,169,165,53,408,92,368,443,451,715,119,44,3,587,626,340,152,159,305,254,486,638,377,515,280,428,129,73,410,263,447,157,35,189,667,716,633,97,727,360,472,387,186,734,336,29,294,456,321,292,345,524,10,349,547,156,273,629,109,221,450,729,338,640,1,198,284,714,401,497,675,143,398,65,237,295,257,288,311,289,177,444,71,686,632,51,0,231,227,735,142,440,687,286,556,441,737,555,625,636,154,236,210,79,553,332,469,243,563,699,605,695,630,648,562,246,68,411,301,599,484,406,48,496,520,581,644,380,426,133,300,59,277,565,439,146,608,488,561,114,304,202,674,741,454,473,722,151,505,329,87,616,262,702,721,32,2,470,184,596,164,302,658,434,545,371,397,662,409,597,448,576,145,330,678,350,586,125,24,101,601,181,275,75,508,204,403,303,25,89,653,579,399,659,623,546,238,582,144,407,269,127,393,382,475,663,55,108,132,400,507,620,370,594,593,149,172,170,493,45,535,102,610,657,732,220,319,203,442,681,575,624,39,23,713,425,646,690,655,268,673,542,733,255,356,661,190,438,247,514,50,592,474,115,386,694,489,61,402,271,384,199,174,134,355,698,697,137,293,700,672,352,
245,111.81543302536011,163974.16333089292,158686.14719915003,337,437,297,479,194,252,649,314,339,46,494,550,226,122,709,522,261,564,225,309,232,11,358,647,99,256,86,512,264,117,405,396,306,389,278,459,634,298,222,153,375,530,617,266,536,390,598,574,478,215,81,16,381,346,669,392,367,421,30,503,500,93,745,276,248,103,641,665,299,27,385,259,677,17,100,643,688,211,420,554,84,251,296,274,374,639,490,395,376,383,20,195,121,529,566,52,544,436,651,584,510,717,209,253,107,19,182,70,344,191,313,315,588,188,348,483,615,22,265,560,7,4,531,185,523,287,168,637,318,56,139,38,689,120,583,692,76,577,491,33,308,413,363,708,485,650,91,541,18,326,90,110,281,41,179,40,328,654,569,680,558,606,595,333,533,693,96,521,725,239,74,283,481,135,513,13,155,430,511,201,538,539,706,526,216,192,126,423,412,419,270,34,656,465,540,235,422,468,518,212,250,578,77,15,310,618,123,36,492,740,635,611,676,435,128,388,63,744,559,495,21,682,645,549,509,364,316,627,162,719,609,613,58,9,197,150,166,62,180,570,334,42,707,504,671,517,660,607,602,445,743,244,178,499,312,206,433,78,416,460,728,217,464,322,230,373,161,427,534,455,372,49,219,361,67,417,320,6,241,424,158,229,452,742,5,196,668,124,260,72,704,234,242,85,466,712,453,80,354,272,467,378,240,365,291,394,98,527,366,703,477,691,572,147,590,66,94,183,603,8,567,471,749,258,720,324,64,628,359,476,31,585,519,557,353,323,224,683,723,724,163,501,207,342,619,516,141,551,449,652,325,111,69,171,705,12,218,187,573,568,208,589,14,60,160,738,696,249,331,148,730,684,105,214,746,131,43,223,279,176,106,631,57,317,327,642,532,245,282,731,26,391,458,670,140,480,446,130,622,736,685,200,362,37,431,335,718,591,95,104,54,600,463,664,138,571,487,621,404,604,747,205,418,285,379,228,461,113,537,548,580,506,552,213,543,369,614,357,173,341,267,748,47,118,167,83,414,347,462,528,432,710,415,711,482,28,666,307,175,343,116,701,82,679,88,739,193,726,498,136,429,502,612,290,233,525,351,112,457,169,165,53,408,92,368,443,451,715,119,44,3,587,626,340,152,159,305,254,486,638,377,515,280,428,129,73,410,263,447,157,35,189,667,716,633,97,727,360,472,387,186,734,336,29,294,456,321,292,345,524,10,349,547,156,273,629,109,221,450,729,338,640,1,198,284,714,401,497,675,143,398,65,237,295,257,288,311,289,177,444,71,686,632,51,0,231,227,735,142,440,687,286,556,441,737,555,625,636,154,236,210,79,553,332,469,243,563,699,605,695,630,648,562,246,68,411,301,599,484,406,48,496,520,581,644,380,426,133,300,59,277,565,439,146,608,488,561,114,304,202,674,741,454,473,722,151,505,329,87,616,262,702,721,32,2,470,184,596,164,302,658,434,545,371,397,662,409,597,448,576,145,330,678,350,586,125,24,101,601,181,275,75,508,204,403,303,25,89,653,579,399,659,623,546,238,582,144,407,269,127,393,382,475,663,55,108,132,400,507,620,370,594,593,149,172,170,493,45,535,102,610,657,732,220,319,203,442,681,575,624,39,23,713,425,646,690,655,268,673,542,733,255,356,661,190,438,247,514,50,592,474,115,386,694,489,61,402,271,384,199,174,134,355,698,697,137,293,700,672,352,
246,112.20392656326294,164606.68918248994,158686.14719915003,337,437,297,479,194,252,649,314,339,46,494,550,226,122,709,522,261,564,225,309,232,11,358,647,99,256,86,512,264,117,405,396,306,389,278,459,634,298,222,153,375,530,617,266,536,390,598,574,478,215,81,16,381,346,669,392,367,421,30,503,500,93,745,276,248,103,641,665,299,27,385,259,677,17,100,643,688,211,420,554,84,251,296,274,374,639,490,395,376,383,20,195,121,529,566,52,544,436,651,584,510,717,209,253,107,19,182,70,344,191,313,315,588,188,348,483,615,22,265,560,7,4,531,185,523,287,168,637,318,56,139,38,689,120,583,692,76,577,491,33,308,413,363,708,485,650,91,541,18,326,90,110,281,41,179,40,328,654,569,680,558,606,595,333,533,693,96,521,725,239,74,283,481,135,513,13,155,430,511,201,538,539,706,526,216,192,126,423,412,419,270,34,656,465,540,235,422,468,518,212,250,578,77,15,310,618,123,36,492,740,635,611,676,435,128,388,63,744,559,495,21,682,645,549,509,364,316,627,162,719,609,613,58,9,197,150,166,62,180,570,334,42,707,504,671,517,660,607,602,445,743,244,178,499,312,206,433,78,416,460,728,217,464,322,230,373,161,427,534,455,372,49,219,361,67,417,320,6,241,424,158,229,452,742,5,196,668,124,260,72,704,234,242,85,466,712,453,80,354,272,467,378,240,365,291,394,98,527,366,703,477,691,572,147,590,66,94,183,603,8,567,471,749,258,720,324,64,628,359,476,31,585,519,557,353,323,224,683,723,724,163,501,207,342,619,516,141,551,449,652,325,111,69,171,705,12,218,187,573,568,208,589,14,60,160,738,696,249,331,148,730,684,105,214,746,131,43,223,279,176,106,631,57,317,327,642,532,245,282,731,26,391,458,670,140,480,446,130,622,736,685,200,362,37,431,335,718,591,95,104,54,600,463,664,138,571,487,621,404,604,747,205,418,285,379,228,461,113,537,548,580,506,552,213,543,369,614,357,173,341,267,748,47,118,167,83,414,347,462,528,432,710,415,711,482,28,666,307,175,343,116,701,82,679,88,739,193,726,498,136,429,502,612,290,233,525,351,112,457,169,165,53,408,92,368,443,451,715,119,44,3,587,626,340,152,159,305,254,486,638,377,515,280,428,129,73,410,263,447,157,35,189,667,716,633,97,727,360,472,387,186,734,336,29,294,456,321,292,345,524,10,349,547,156,273,629,109,221,450,729,338,640,1,198,284,714,401,497,675,143,398,65,237,295,257,288,311,289,177,444,71,686,632,51,0,231,227,735,142,440,687,286,556,441,737,555,625,636,154,236,210,79,553,332,469,243,563,699,605,695,630,648,562,246,68,411,301,599,484,406,48,496,520,581,644,380,426,133,300,59,277,565,439,146,608,488,561,114,304,202,674,741,454,473,722,151,505,329,87,616,262,702,721,32,2,470,184,596,164,302,658,434,545,371,397,662,409,597,448,576,145,330,678,350,586,125,24,101,601,181,275,75,508,204,403,303,25,89,653,579,399,659,623,546,238,582,144,407,269,127,393,382,475,663,55,108,132,400,507,620,370,594,593,149,172,170,493,45,535,102,610,657,732,220,319,203,442,681,575,624,39,23,713,425,646,690,655,268,673,542,733,255,356,661,190,438,247,514,50,592,474,115,386,694,489,61,402,271,384,199,174,134,355,698,697,137,293,700,672,352,
247,112.61605739593506,163957.6104467588,158686.14719915003,337,437,297,479,194,252,649,314,339,46,494,550,226,122,709,522,261,564,225,309,232,11,358,647,99,256,86,512,264,117,405,396,306,389,278,459,634,298,222,153,375,530,617,266,536,390,598,574,478,215,81,16,381,346,669,392,367,421,30,503,500,93,745,276,248,103,641,665,299,27,385,259,677,17,100,643,688,211,420,554,84,251,296,274,374,639,490,395,376,383,20,195,121,529,566,52,544,436,651,584,510,717,209,253,107,19,182,70,344,191,313,315,588,188,348,483,615,22,265,560,7,4,531,185,523,287,168,637,318,56,139,38,689,120,583,692,76,577,491,33,308,413,363,708,485,650,91,541,18,326,90,110,281,41,179,40,328,654,569,680,558,606,595,333,533,693,96,521,725,239,74,283,481,135,513,13,155,430,511,201,538,539,706,526,216,192,126,423,412,419,270,34,656,465,540,235,422,468,518,212,250,578,77,15,310,618,123,36,492,740,635,611,676,435,128,388,63,744,559,495,21,682,645,549,509,364,316,627,162,719,609,613,58,9,197,150,166,62,180,570,334,42,707,504,671,517,660,607,602,445,743,244,178,499,312,206,433,78,416,460,728,217,464,322,230,373,161,427,534,455,372,49,219,361,67,417,320,6,241,424,158,229,452,742,5,196,668,124,260,72,704,234,242,85,466,712,453,80,354,272,467,378,240,365,291,394,98,527,366,703,477,691,572,147,590,66,94,183,603,8,567,471,749,258,720,324,64,628,359,476,31,585,519,557,353,323,224,683,723,724,163,501,207,342,619,516,141,551,449,652,325,111,69,171,705,12,218,187,573,568,208,589,14,60,160,738,696,249,331,148,730,684,105,214,746,131,43,223,279,176,106,631,57,317,327,642,532,245,282,731,26,391,458,670,140,480,446,130,622,736,685,200,362,37,431,335,718,591,95,104,54,600,463,664,138,571,487,621,404,604,747,205,418,285,379,228,461,113,537,548,580,506,552,213,543,369,614,357,173,341,267,748,47,118,167,83,414,347,462,528,432,710,415,711,482,28,666,307,175,343,116,701,82,679,88,739,193,726,498,136,429,502,612,290,233,525,351,112,457,169,165,53,408,92,368,443,451,715,119,44,3,587,626,340,152,159,305,254,486,638,377,515,280,428,129,73,410,263,447,157,35,189,667,716,633,97,727,360,472,387,186,734,336,29,294,456,321,292,345,524,10,349,547,156,273,629,109,221,450,729,338,640,1,198,284,714,401,497,675,143,398,65,237,295,257,288,311,289,177,444,71,686,632,51,0,231,227,735,142,440,687,286,556,441,737,555,625,636,154,236,210,79,553,332,469,243,563,699,605,695,630,648,562,246,68,411,301,599,484,406,48,496,520,581,644,380,426,133,300,59,277,565,439,146,608,488,561,114,304,202,674,741,454,473,722,151,505,329,87,616,262,702,721,32,2,470,184,596,164,302,658,434,545,371,397,662,409,597,448,576,145,330,678,350,586,125,24,101,601,181,275,75,508,204,403,303,25,89,653,579,399,659,623,546,238,582,144,407,269,127,393,382,475,663,55,108,132,400,507,620,370,594,593,149,172,170,493,45,535,102,610,657,732,220,319,203,442,681,575,624,39,23,713,425,646,690,655,268,673,542,733,255,356,661,190,438,247,514,50,592,474,115,386,694,489,61,402,271,384,199,174,134,355,698,697,137,293,700,672,352,
248,113.05457425117493,165334.43486828532,158686.14719915003,337,437,297,479,194,252,649,314,339,46,494,550,226,122,709,522,261,564,225,309,232,11,358,647,99,256,86,512,264,117,405,396,306,389,278,459,634,298,222,153,375,530,617,266,536,390,598,574,478,215,81,16,381,346,669,392,367,421,30,503,500,93,745,276,248,103,641,665,299,27,385,259,677,17,100,643,688,211,420,554,84,251,296,274,374,639,490,395,376,383,20,195,121,529,566,52,544,436,651,584,510,717,209,253,107,19,182,70,344,191,313,315,588,188,348,483,615,22,265,560,7,4,531,185,523,287,168,637,318,56,139,38,689,120,583,692,76,577,491,33,308,413,363,708,485,650,91,541,18,326,90,110,281,41,179,40,328,654,569,680,558,606,595,333,533,693,96,521,725,239,74,283,481,135,513,13,155,430,511,201,538,539,706,526,216,192,126,423,412,419,270,34,656,465,540,235,422,468,518,212,250,578,77,15,310,618,123,36,492,740,635,611,676,435,128,388,63,744,559,495,21,682,645,549,509,364,316,627,162,719,609,613,58,9,197,150,166,62,180,570,334,42,707,504,671,517,660,607,602,445,743,244,178,499,312,206,433,78,416,460,728,217,464,322,230,373,161,427,534,455,372,49,219,361,67,417,320,6,241,424,158,229,452,742,5,196,668,124,260,72,704,234,242,85,466,712,453,80,354,272,467,378,240,365,291,394,98,527,366,703,477,691,572,147,590,66,94,183,603,8,567,471,749,258,720,324,64,628,359,476,31,585,519,557,353,323,224,683,723,724,163,501,207,342,619,516,141,551,449,652,325,111,69,171,705,12,218,187,573,568,208,589,14,60,160,738,696,249,331,148,730,684,105,214,746,131,43,223,279,176,106,631,57,317,327,642,532,245,282,731,26,391,458,670,140,480,446,130,622,736,685,200,362,37,431,335,718,591,95,104,54,600,463,664,138,571,487,621,404,604,747,205,418,285,379,228,461,113,537,548,580,506,552,213,543,369,614,357,173,341,267,748,47,118,167,83,414,347,462,528,432,710,415,711,482,28,666,307,175,343,116,701,82,679,88,739,193,726,498,136,429,502,612,290,233,525,351,112,457,169,165,53,408,92,368,443,451,715,119,44,3,587,626,340,152,159,305,254,486,638,377,515,280,428,129,73,410,263,447,157,35,189,667,716,633,97,727,360,472,387,186,734,336,29,294,456,321,292,345,524,10,349,547,156,273,629,109,221,450,729,338,640,1,198,284,714,401,497,675,143,398,65,237,295,257,288,311,289,177,444,71,686,632,51,0,231,227,735,142,440,687,286,556,441,737,555,625,636,154,236,210,79,553,332,469,243,563,699,605,695,630,648,562,246,68,411,301,599,484,406,48,496,520,581,644,380,426,133,300,59,277,565,439,146,608,488,561,114,304,202,674,741,454,473,722,151,505,329,87,616,262,702,721,32,2,470,184,596,164,302,658,434,545,371,397,662,409,597,448,576,145,330,678,350,586,125,24,101,601,181,275,75,508,204,403,303,25,89,653,579,399,659,623,546,238,582,144,407,269,127,393,382,475,663,55,108,132,400,507,620,370,594,593,149,172,170,493,45,535,102,610,657,732,220,319,203,442,681,575,624,39,23,713,425,646,690,655,268,673,542,733,255,356,661,190,438,247,514,50,592,474,115,386,694,489,61,402,271,384,199,174,134,355,698,697,137,293,700,672,352,
249,113.48038125038147,164094.62873667048,158686.14719914988,135,513,13,155,430,511,201,538,539,706,526,216,192,126,423,412,419,270,34,656,465,540,235,422,468,518,212,250,578,77,15,310,618,123,36,492,740,635,611,676,435,128,388,63,744,559,495,21,682,645,549,509,364,316,627,162,719,609,613,58,9,197,150,166,62,180,570,334,42,707,504,671,517,660,607,602,445,743,244,178,499,312,206,433,78,416,460,728,217,464,322,230,373,161,427,534,455,372,49,219,361,67,417,320,6,241,424,158,229,452,742,5,196,668,124,260,72,704,234,242,85,466,712,453,80,354,272,467,378,240,365,291,394,98,527,366,703,477,691,572,147,590,66,94,183,603,8,567,471,749,258,720,324,64,628,359,476,31,585,519,557,353,323,224,683,723,724,163,501,207,342,619,516,141,551,449,652,325,111,69,171,705,12,218,187,573,568,208,589,14,60,160,738,696,249,331,148,730,684,105,214,746,131,43,223,279,176,106,631,57,317,327,642,532,245,282,731,26,391,458,670,140,480,446,130,622,736,685,200,362,37,431,335,718,591,95,104,54,600,463,664,138,571,487,621,404,604,747,205,418,285,379,228,461,113,537,548,580,506,552,213,543,369,614,357,173,341,267,748,47,118,167,83,414,347,462,528,432,710,415,711,482,28,666,307,175,343,116,701,82,679,88,739,193,726,498,136,429,502,612,290,233,525,351,112,457,169,165,53,408,92,368,443,451,715,119,44,3,587,626,340,152,159,305,254,486,638,377,515,280,428,129,73,410,263,447,157,35,189,667,716,633,97,727,360,472,387,186,734,336,29,294,456,321,292,345,524,10,349,547,156,273,629,109,221,450,729,338,640,1,198,284,714,401,497,675,143,398,65,237,295,257,288,311,289,177,444,71,686,632,51,0,231,227,735,142,440,687,286,556,441,737,555,625,636,154,236,210,79,553,332,469,243,563,699,605,695,630,648,562,246,68,411,301,599,484,406,48,496,520,581,644,380,426,133,300,59,277,565,439,146,608,488,561,114,304,202,674,741,454,473,722,151,505,329,87,616,262,702,721,32,2,470,184,596,164,302,658,434,545,371,397,662,409,597,448,576,145,330,678,350,586,125,24,101,601,181,275,75,508,204,403,303,25,89,653,579,399,659,623,546,238,582,144,407,269,127,393,382,475,663,55,108,132,400,507,620,370,594,593,149,172,170,493,45,535,102,610,657,732,220,319,203,442,681,575,624,39,23,713,425,646,690,655,268,673,542,733,255,356,661,190,438,247,514,50,592,474,115,386,694,489,61,402,271,384,199,174,134,355,698,697,137,293,700,672,352,337,437,297,479,194,252,649,314,339,46,494,550,226,122,709,522,261,564,225,309,232,11,358,647,99,256,86,512,264,117,405,396,306,389,278,459,634,298,222,153,375,530,617,266,536,390,598,574,478,215,81,16,381,346,669,392,367,421,30,503,500,93,745,276,248,103,641,665,299,27,385,259,677,17,100,643,688,211,420,554,84,251,296,274,374,639,490,395,376,383,20,195,121,529,566,52,544,436,651,584,510,717,209,253,107,19,182,70,344,191,313,315,588,188,348,483,615,22,265,560,7,4,531,185,523,287,168,637,318,56,139,38,689,120,583,692,76,577,491,33,308,413,363,708,485,650,91,541,18,326,90,110,281,41,179,40,328,654,569,680,558,606,595,333,533,693,96,521,725,239,74,283,481,
250,113.9004499912262,162786.71272872252,158652.64653454197,135,513,13,155,430,511,201,538,539,706,526,216,192,126,423,412,419,270,34,656,465,540,235,422,468,518,212,250,578,77,15,310,618,123,36,492,740,635,611,676,435,128,388,63,744,559,495,21,682,645,281,41,549,509,364,316,627,162,719,609,613,58,9,197,150,166,62,180,570,334,42,707,504,671,517,660,607,602,445,743,244,178,499,312,206,433,78,416,460,728,217,464,322,230,373,161,427,534,455,372,49,219,361,67,417,320,6,241,424,158,229,452,742,5,196,668,124,260,72,704,234,242,85,466,712,453,80,354,272,467,378,240,365,291,394,98,527,366,703,477,691,572,147,590,66,94,183,603,8,567,471,749,258,720,324,64,628,359,476,31,585,519,557,353,323,224,683,723,724,163,501,207,342,619,516,141,551,449,652,325,111,69,171,705,12,218,187,573,568,208,589,14,60,160,738,696,249,331,148,730,684,105,214,746,131,43,223,279,176,106,631,57,317,327,642,532,245,282,731,26,391,458,670,140,480,446,130,622,736,685,200,362,37,431,335,718,591,95,104,54,600,463,664,138,571,487,621,404,604,747,205,418,285,379,228,461,113,537,548,580,506,552,213,543,369,614,357,173,341,267,748,47,118,167,83,414,347,462,528,432,710,415,711,482,28,666,307,175,343,116,701,82,679,88,739,193,726,498,136,429,502,612,290,233,525,351,112,457,169,165,53,408,92,368,443,451,715,119,44,3,587,626,340,152,159,305,254,486,638,377,515,280,428,129,73,410,263,447,157,35,189,667,716,633,97,727,360,472,387,186,734,336,29,294,456,321,292,345,524,10,349,547,156,273,629,109,221,450,729,338,640,1,198,284,714,401,497,675,143,398,65,237,295,257,288,311,289,177,444,71,686,632,51,0,231,227,735,142,440,687,286,556,441,737,555,625,636,154,236,210,79,553,332,469,243,563,699,605,695,630,648,562,246,68,411,301,599,484,406,48,496,520,581,644,380,426,133,300,59,277,565,439,146,608,488,561,114,304,202,674,741,454,473,722,151,505,329,87,616,262,702,721,32,2,470,184,596,164,302,658,434,545,371,397,662,409,597,448,576,145,330,678,350,586,125,24,101,601,181,275,75,508,204,403,303,25,89,653,579,399,659,623,546,238,582,144,407,269,127,393,382,475,663,55,108,132,400,507,620,370,594,593,149,172,170,493,45,535,102,610,657,732,220,319,203,442,681,575,624,39,23,713,425,646,690,655,268,673,542,733,255,356,661,190,438,247,514,50,592,474,115,386,694,489,61,402,271,384,199,174,134,355,698,697,137,293,700,672,352,337,437,297,479,194,252,649,314,339,46,494,550,226,122,709,522,261,564,225,309,232,11,358,647,99,256,86,512,264,117,405,396,306,389,278,459,634,298,222,153,375,530,617,266,536,390,598,574,478,215,81,16,381,346,669,392,367,421,30,503,500,93,745,276,248,103,641,665,299,27,385,259,677,17,100,643,688,211,420,554,84,251,296,274,374,639,490,395,376,383,20,195,121,529,566,52,544,436,651,584,510,717,209,253,107,19,182,70,344,191,313,315,588,188,348,483,615,22,265,560,7,4,531,185,523,287,168,637,318,56,139,38,689,120,583,692,76,577,491,33,308,413,363,708,485,650,91,541,18,326,90,110,179,40,328,654,569,680,558,606,595,333,533,693,96,521,725,239,74,283,481,
251,114.32046222686768,162976.49913177255,158586.63121074185,135,513,13,155,430,511,201,538,539,706,526,216,192,126,423,412,419,270,34,682,645,656,465,540,235,422,468,518,212,250,578,77,15,310,618,123,36,492,740,635,611,676,435,128,388,63,744,559,495,21,281,41,549,509,364,316,627,162,719,609,613,58,9,197,150,166,62,180,570,334,42,707,504,671,517,660,607,602,445,743,244,178,499,312,206,433,78,416,460,728,217,464,322,230,373,161,427,534,455,372,49,219,361,67,417,320,6,241,424,158,229,452,742,5,196,668,124,260,72,704,234,242,85,466,712,453,80,354,272,467,378,240,365,291,394,98,527,366,703,477,691,572,147,590,66,94,183,603,8,567,471,749,258,720,324,64,628,359,476,31,585,519,557,353,323,224,683,723,724,163,501,207,342,619,516,141,551,449,652,325,111,69,171,705,12,218,187,573,568,208,589,14,60,160,738,696,249,331,148,730,684,105,214,746,131,43,223,279,176,106,631,57,317,327,642,532,245,282,731,26,391,458,670,140,480,446,130,622,736,685,200,362,37,431,335,718,591,95,104,54,600,463,664,138,571,487,621,404,604,747,205,418,285,379,228,461,113,537,548,580,506,552,213,543,369,614,357,173,341,267,748,47,118,167,83,414,347,462,528,432,710,415,711,482,28,666,307,175,343,116,701,82,679,88,739,193,726,498,136,429,502,612,290,233,525,351,112,457,169,165,53,408,92,368,443,451,715,119,44,3,587,626,340,152,159,305,254,486,638,377,515,280,428,129,73,410,263,447,157,35,189,667,716,633,97,727,360,472,387,186,734,336,29,294,456,321,292,345,524,10,349,547,156,273,629,109,221,450,729,338,640,1,198,284,714,401,497,675,143,398,65,237,295,257,288,311,289,177,444,71,686,632,51,0,231,227,735,142,440,687,286,556,441,737,555,625,636,154,236,210,79,553,332,469,243,563,699,605,695,630,648,562,246,68,411,301,599,484,406,48,496,520,581,644,380,426,133,300,59,277,565,439,146,608,488,561,114,304,202,674,741,454,473,722,151,505,329,87,616,262,702,721,32,2,470,184,596,164,302,658,434,545,371,397,662,409,597,448,576,145,330,678,350,586,125,24,101,601,181,275,75,508,204,403,303,25,89,653,579,399,659,623,546,238,582,144,407,269,127,393,382,475,663,55,108,132,400,507,620,370,594,593,149,172,170,493,45,535,102,610,657,732,220,319,203,442,681,575,624,39,23,713,425,646,690,655,268,673,542,733,255,356,661,190,438,247,514,50,592,474,115,386,694,489,61,402,271,384,199,174,134,355,698,697,137,293,700,672,352,337,437,297,479,194,252,649,314,339,46,494,550,226,122,709,522,261,564,225,309,232,11,358,647,99,256,86,512,264,117,405,396,306,389,278,459,634,298,222,153,375,530,617,266,536,390,598,574,478,215,81,16,381,346,669,392,367,421,30,503,500,93,745,276,248,103,641,665,299,27,385,259,677,17,100,643,688,211,420,554,84,251,296,274,374,639,490,395,376,383,20,195,121,529,566,52,544,436,651,584,510,717,209,253,107,19,182,70,344,191,313,315,588,188,348,483,615,22,265,560,7,4,531,185,523,287,168,637,318,56,139,38,689,120,583,692,76,577,491,33,308,413,363,708,485,650,91,541,18,326,90,110,179,40,328,654,569,680,558,606,595,333,533,693,96,521,725,239,74,283,481,
252,114.7406976222992,162221.23228413408,158540.93006718834,704,234,242,85,466,712,453,80,354,272,467,378,240,365,291,394,98,527,366,703,477,691,572,147,590,66,94,183,603,8,567,471,749,258,720,324,64,628,359,476,31,585,519,557,353,323,224,683,723,724,163,501,207,342,619,516,141,551,449,652,325,111,69,171,705,12,218,187,573,568,208,589,14,60,160,738,696,249,331,148,730,684,105,214,746,131,43,223,279,176,106,631,57,317,327,642,532,245,282,731,26,391,458,670,140,480,446,130,622,736,685,200,362,37,431,335,718,591,95,104,54,600,463,664,138,571,487,621,404,604,747,205,418,285,379,228,461,113,537,548,580,506,552,213,543,369,614,357,173,341,267,748,47,118,167,83,414,347,462,528,432,710,415,711,107,253,482,28,666,307,175,343,116,701,82,679,88,739,193,726,498,136,429,502,612,290,233,525,351,112,457,169,165,53,408,92,368,443,451,715,119,44,3,587,626,340,152,159,305,254,486,638,377,515,280,428,129,73,410,263,447,157,35,189,667,716,633,97,727,360,472,387,186,734,336,29,294,456,321,292,345,524,10,349,547,156,273,629,109,221,450,729,338,640,1,198,284,714,401,497,675,143,398,65,237,295,257,288,311,289,177,444,71,686,632,51,0,231,227,735,142,440,687,286,556,441,737,555,625,636,154,236,210,79,553,332,469,243,563,699,605,695,630,648,562,246,68,411,301,599,484,406,48,496,520,581,644,380,426,133,300,59,277,565,439,146,608,488,561,114,304,202,674,741,454,473,722,151,505,329,87,616,262,702,721,32,2,470,184,596,164,302,658,434,545,371,397,662,409,597,448,576,145,330,678,350,586,125,24,101,601,181,275,75,508,204,403,303,25,89,653,579,399,659,623,546,238,582,144,407,269,127,393,382,475,663,55,108,132,400,507,620,370,594,593,149,172,170,493,45,535,102,610,657,732,220,319,203,442,681,575,624,39,23,713,425,646,690,655,268,673,542,733,115,386,694,489,61,402,271,384,199,174,134,355,356,661,190,438,247,514,50,592,474,255,196,668,124,260,698,697,137,293,700,672,352,337,437,297,479,194,252,649,314,339,46,494,550,226,122,709,522,261,564,225,309,232,11,358,647,99,256,86,512,264,117,405,396,306,389,278,459,634,298,222,153,375,530,617,266,536,390,598,574,478,215,81,16,381,346,669,392,367,421,30,503,500,93,745,276,248,103,641,665,299,27,385,259,677,17,100,643,688,211,420,554,84,251,296,274,374,639,490,395,376,383,20,195,121,529,566,52,544,436,651,584,510,717,209,19,182,70,344,191,313,315,588,188,348,483,615,22,265,560,7,4,531,185,523,287,168,637,318,56,139,38,689,120,583,692,76,577,491,33,308,413,363,708,485,650,91,541,18,326,90,110,281,179,40,328,654,569,680,558,606,595,333,533,693,96,521,725,239,74,283,481,135,513,13,155,430,511,201,538,539,706,526,216,192,126,423,412,419,270,465,540,235,422,468,518,212,250,578,77,15,310,618,123,36,492,740,635,611,676,435,128,388,63,744,559,495,21,682,645,656,34,41,549,509,364,316,627,162,719,609,613,58,9,197,150,166,62,180,570,334,42,707,504,671,517,660,607,602,445,743,244,178,499,312,206,433,78,416,460,728,217,464,322,230,373,161,427,534,455,372,49,219,361,67,417,320,6,241,424,158,229,452,742,5,72,
253,115.15754699707031,162080.26006001944,158508.1771900977,704,234,242,85,466,712,453,80,354,272,467,378,240,365,291,394,98,527,366,703,477,691,572,147,590,66,94,183,603,8,567,471,749,258,720,324,64,628,359,476,31,585,519,557,353,323,224,683,723,724,163,501,207,342,619,516,141,551,449,652,325,111,69,171,705,12,218,187,573,568,208,589,14,60,160,738,696,249,331,148,730,684,105,214,746,131,43,223,279,176,106,631,57,317,327,642,532,245,282,731,26,391,458,670,140,480,446,130,622,736,685,200,362,37,431,335,718,591,95,104,54,600,463,664,138,571,487,621,404,604,747,205,418,285,379,228,461,113,537,548,580,506,552,213,543,369,614,357,173,341,267,748,47,118,167,83,414,347,462,528,432,710,415,711,482,28,666,307,175,343,116,701,82,679,88,739,193,726,498,136,429,502,612,290,233,525,351,112,457,169,165,53,408,92,368,443,451,715,119,44,3,587,626,340,152,159,305,254,486,638,377,515,280,428,129,73,410,263,447,157,35,189,667,716,633,97,727,360,472,387,186,734,336,29,294,456,321,292,345,524,10,349,547,156,273,629,109,221,450,729,338,640,1,198,284,714,401,497,675,143,398,65,237,295,257,288,311,289,177,444,71,686,632,51,0,231,227,735,142,440,687,286,556,441,737,555,625,636,154,236,210,79,553,332,469,243,563,699,605,695,630,648,562,246,68,411,301,599,484,406,48,496,520,581,644,380,426,133,300,59,277,565,439,146,608,488,561,114,304,202,674,741,454,473,722,151,505,329,87,616,262,702,721,32,2,470,184,596,164,302,658,434,545,371,397,662,409,597,448,576,145,330,678,350,586,125,24,101,601,181,275,75,508,204,403,303,25,89,653,579,399,659,623,546,238,582,144,407,269,127,393,382,475,663,55,108,132,400,507,620,370,594,593,149,172,170,493,45,535,102,610,657,732,220,319,203,442,681,575,624,39,23,713,425,646,690,655,268,673,542,733,115,386,694,489,61,402,271,384,199,174,134,355,356,661,190,438,247,514,50,592,474,255,196,668,124,260,698,697,137,293,700,672,352,337,437,297,479,194,252,649,314,339,46,494,550,226,122,709,522,261,564,225,309,232,11,358,647,99,256,86,512,264,117,405,396,306,389,278,459,634,298,222,153,375,530,617,266,536,390,598,574,478,215,81,16,381,346,669,392,367,421,30,503,500,93,745,276,248,103,641,665,299,27,385,259,677,17,100,643,688,211,420,554,84,251,296,274,374,639,490,395,376,383,20,195,121,529,566,52,544,436,651,584,510,717,209,107,253,19,182,70,344,191,313,315,588,188,348,483,615,22,265,560,7,4,531,185,523,287,168,637,318,56,139,38,689,120,583,692,76,577,491,33,308,413,363,708,485,650,91,541,18,326,90,110,281,179,40,328,654,569,680,558,606,595,333,533,693,96,521,725,239,74,283,481,135,513,13,155,430,511,201,538,539,706,526,216,192,126,423,412,419,270,465,540,235,422,468,518,212,250,578,77,15,310,618,123,36,492,740,635,611,676,435,128,388,63,744,559,495,21,682,645,656,34,41,549,509,364,316,627,162,719,609,613,58,9,197,150,166,62,180,570,334,42,707,504,671,517,660,607,602,445,743,244,178,499,312,206,433,78,416,460,728,217,464,322,230,373,161,427,534,455,372,49,219,361,67,417,320,6,241,424,158,229,452,742,5,72,
254,115.57590842247009,162247.60530497777,158477.1081467514,704,234,242,85,466,712,453,80,354,272,467,378,240,365,291,394,98,527,366,703,477,691,572,147,590,66,94,183,603,8,567,471,749,258,720,324,64,628,359,476,31,585,519,557,353,323,224,683,723,724,163,501,207,342,619,516,141,551,449,652,325,111,69,171,705,12,218,187,573,568,208,589,14,60,160,738,696,249,331,148,730,684,105,214,746,131,43,223,279,176,106,631,57,317,327,642,532,245,282,731,26,391,458,670,140,480,446,130,622,736,685,200,362,37,431,335,718,591,95,104,54,600,463,664,138,571,487,621,404,604,747,205,418,285,379,228,461,113,537,548,580,506,552,213,543,369,614,357,173,341,267,748,47,118,167,83,414,347,462,528,432,710,415,711,482,28,666,307,175,343,116,701,82,679,88,739,193,726,498,136,429,502,612,290,233,525,351,112,457,169,165,53,408,92,368,443,451,715,119,44,3,587,626,340,152,159,305,254,486,638,377,515,280,428,129,73,410,263,447,157,35,189,667,716,633,97,727,360,472,387,186,734,336,29,294,456,321,292,345,524,10,349,547,156,273,629,109,221,450,729,338,640,1,198,284,714,401,497,675,143,398,65,237,295,257,288,311,289,177,444,71,686,632,51,0,231,227,735,142,440,687,286,556,441,737,555,625,636,154,236,210,79,553,332,469,243,563,699,605,695,630,648,562,246,68,411,301,599,484,406,48,496,520,581,644,380,426,133,300,59,277,565,439,146,608,488,561,114,304,202,674,741,454,473,722,151,505,329,87,616,262,702,721,32,2,470,184,596,164,302,658,434,545,371,397,662,409,597,448,576,145,330,678,350,586,125,24,101,601,181,275,75,508,204,403,303,25,89,653,579,399,659,623,546,238,582,144,407,269,127,393,382,475,663,55,108,132,400,507,620,370,594,593,149,172,170,493,45,535,102,610,657,732,220,319,203,442,681,575,624,39,23,713,425,646,690,655,268,673,542,733,115,386,694,489,61,402,271,384,199,174,134,355,356,661,190,438,247,514,50,592,474,255,196,668,124,260,698,697,137,293,700,672,352,337,437,297,479,194,252,649,314,339,46,494,550,226,122,709,522,261,564,225,309,232,11,358,647,99,256,86,512,264,117,405,396,306,389,278,459,634,298,222,153,375,530,617,266,536,390,598,574,478,215,81,16,381,346,669,392,367,421,30,503,500,93,745,276,248,103,641,665,299,27,385,259,677,17,100,643,688,211,420,554,84,251,296,274,374,639,490,395,376,383,20,195,121,529,566,52,544,436,651,584,510,717,209,253,107,19,182,70,344,191,313,315,588,188,348,483,615,22,265,560,7,4,531,185,523,287,168,637,318,56,139,38,689,120,583,692,76,577,491,33,308,413,363,708,485,650,91,541,18,326,90,110,281,179,40,328,654,569,680,558,606,595,333,533,693,96,521,725,239,74,283,481,135,513,13,155,430,511,201,538,539,706,526,216,192,126,423,412,419,270,465,540,235,422,468,518,212,250,578,77,15,310,618,123,36,492,740,635,611,676,435,128,388,63,744,559,495,21,682,645,656,34,41,549,509,364,316,627,162,719,609,613,58,9,197,150,166,62,180,570,334,42,707,504,671,517,660,607,602,445,743,244,178,499,312,206,433,78,416,460,728,217,464,322,230,373,161,427,534,455,372,49,219,361,67,417,320,6,241,424,158,229,452,742,5,72,
255,115.98611426353455,163721.2675443698,158477.1081467514,704,234,242,85,466,712,453,80,354,272,467,378,240,365,291,394,98,527,366,703,477,691,572,147,590,66,94,183,603,8,567,471,749,258,720,324,64,628,359,476,31,585,519,557,353,323,224,683,723,724,163,501,207,342,619,516,141,551,449,652,325,111,69,171,705,12,218,187,573,568,208,589,14,60,160,738,696,249,331,148,730,684,105,214,746,131,43,223,279,176,106,631,57,317,327,642,532,245,282,731,26,391,458,670,140,480,446,130,622,736,685,200,362,37,431,335,718,591,95,104,54,600,463,664,138,571,487,621,404,604,747,205,418,285,379,228,461,113,537,548,580,506,552,213,543,369,614,357,173,341,267,748,47,118,167,83,414,347,462,528,432,710,415,711,482,28,666,307,175,343,116,701,82,679,88,739,193,726,498,136,429,502,612,290,233,525,351,112,457,169,165,53,408,92,368,443,451,715,119,44,3,587,626,340,152,159,305,254,486,638,377,515,280,428,129,73,410,263,447,157,35,189,667,716,633,97,727,360,472,387,186,734,336,29,294,456,321,292,345,524,10,349,547,156,273,629,109,221,450,729,338,640,1,198,284,714,401,497,675,143,398,65,237,295,257,288,311,289,177,444,71,686,632,51,0,231,227,735,142,440,687,286,556,441,737,555,625,636,154,236,210,79,553,332,469,243,563,699,605,695,630,648,562,246,68,411,301,599,484,406,48,496,520,581,644,380,426,133,300,59,277,565,439,146,608,488,561,114,304,202,674,741,454,473,722,151,505,329,87,616,262,702,721,32,2,470,184,596,164,302,658,434,545,371,397,662,409,597,448,576,145,330,678,350,586,125,24,101,601,181,275,75,508,204,403,303,25,89,653,579,399,659,623,546,238,582,144,407,269,127,393,382,475,663,55,108,132,400,507,620,370,594,593,149,172,170,493,45,535,102,610,657,732,220,319,203,442,681,575,624,39,23,713,425,646,690,655,268,673,542,733,115,386,694,489,61,402,271,384,199,174,134,355,356,661,190,438,247,514,50,592,474,255,196,668,124,260,698,697,137,293,700,672,352,337,437,297,479,194,252,649,314,339,46,494,550,226,122,709,522,261,564,225,309,232,11,358,647,99,256,86,512,264,117,405,396,306,389,278,459,634,298,222,153,375,530,617,266,536,390,598,574,478,215,81,16,381,346,669,392,367,421,30,503,500,93,745,276,248,103,641,665,299,27,385,259,677,17,100,643,688,211,420,554,84,251,296,274,374,639,490,395,376,383,20,195,121,529,566,52,544,436,651,584,510,717,209,253,107,19,182,70,344,191,313,315,588,188,348,483,615,22,265,560,7,4,531,185,523,287,168,637,318,56,139,38,689,120,583,692,76,577,491,33,308,413,363,708,485,650,91,541,18,326,90,110,281,179,40,328,654,569,680,558,606,595,333,533,693,96,521,725,239,74,283,481,135,513,13,155,430,511,201,538,539,706,526,216,192,126,423,412,419,270,465,540,235,422,468,518,212,250,578,77,15,310,618,123,36,492,740,635,611,676,435,128,388,63,744,559,495,21,682,645,656,34,41,549,509,364,316,627,162,719,609,613,58,9,197,150,166,62,180,570,334,42,707,504,671,517,660,607,602,445,743,244,178,499,312,206,433,78,416,460,728,217,464,322,230,373,161,427,534,455,372,49,219,361,67,417,320,6,241,424,158,229,452,742,5,72,
256,116.35674691200256,164085.56288292835,158477.1081467514,704,234,242,85,466,712,453,80,354,272,467,378,240,365,291,394,98,527,366,703,477,691,572,147,590,66,94,183,603,8,567,471,749,258,720,324,64,628,359,476,31,585,519,557,353,323,224,683,723,724,163,501,207,342,619,516,141,551,449,652,325,111,69,171,705,12,218,187,573,568,208,589,14,60,160,738,696,249,331,148,730,684,105,214,746,131,43,223,279,176,106,631,57,317,327,642,532,245,282,731,26,391,458,670,140,480,446,130,622,736,685,200,362,37,431,335,718,591,95,104,54,600,463,664,138,571,487,621,404,604,747,205,418,285,379,228,461,113,537,548,580,506,552,213,543,369,614,357,173,341,267,748,47,118,167,83,414,347,462,528,432,710,415,711,482,28,666,307,175,343,116,701,82,679,88,739,193,726,498,136,429,502,612,290,233,525,351,112,457,169,165,53,408,92,368,443,451,715,119,44,3,587,626,340,152,159,305,254,486,638,377,515,280,428,129,73,410,263,447,157,35,189,667,716,633,97,727,360,472,387,186,734,336,29,294,456,321,292,345,524,10,349,547,156,273,629,109,221,450,729,338,640,1,198,284,714,401,497,675,143,398,65,237,295,257,288,311,289,177,444,71,686,632,51,0,231,227,735,142,440,687,286,556,441,737,555,625,636,154,236,210,79,553,332,469,243,563,699,605,695,630,648,562,246,68,411,301,599,484,406,48,496,520,581,644,380,426,133,300,59,277,565,439,146,608,488,561,114,304,202,674,741,454,473,722,151,505,329,87,616,262,702,721,32,2,470,184,596,164,302,658,434,545,371,397,662,409,597,448,576,145,330,678,350,586,125,24,101,601,181,275,75,508,204,403,303,25,89,653,579,399,659,623,546,238,582,144,407,269,127,393,382,475,663,55,108,132,400,507,620,370,594,593,149,172,170,493,45,535,102,610,657,732,220,319,203,442,681,575,624,39,23,713,425,646,690,655,268,673,542,733,115,386,694,489,61,402,271,384,199,174,134,355,356,661,190,438,247,514,50,592,474,255,196,668,124,260,698,697,137,293,700,672,352,337,437,297,479,194,252,649,314,339,46,494,550,226,122,709,522,261,564,225,309,232,11,358,647,99,256,86,512,264,117,405,396,306,389,278,459,634,298,222,153,375,530,617,266,536,390,598,574,478,215,81,16,381,346,669,392,367,421,30,503,500,93,745,276,248,103,641,665,299,27,385,259,677,17,100,643,688,211,420,554,84,251,296,274,374,639,490,395,376,383,20,195,121,529,566,52,544,436,651,584,510,717,209,253,107,19,182,70,344,191,313,315,588,188,348,483,615,22,265,560,7,4,531,185,523,287,168,637,318,56,139,38,689,120,583,692,76,577,491,33,308,413,363,708,485,650,91,541,18,326,90,110,281,179,40,328,654,569,680,558,606,595,333,533,693,96,521,725,239,74,283,481,135,513,13,155,430,511,201,538,539,706,526,216,192,126,423,412,419,270,465,540,235,422,468,518,212,250,578,77,15,310,618,123,36,492,740,635,611,676,435,128,388,63,744,559,495,21,682,645,656,34,41,549,509,364,316,627,162,719,609,613,58,9,197,150,166,62,180,570,334,42,707,504,671,517,660,607,602,445,743,244,178,499,312,206,433,78,416,460,728,217,464,322,230,373,161,427,534,455,372,49,219,361,67,417,320,6,241,424,158,229,452,742,5,72,
257,116.77925992012024,162227.68605278106,158305.83817710384,466,712,453,80,354,272,467,378,240,365,291,394,98,527,366,703,477,691,572,147,590,66,94,183,603,8,567,471,749,258,720,324,64,628,359,476,31,585,519,557,353,323,224,683,723,724,163,501,207,342,619,516,141,551,449,652,325,111,69,171,705,12,218,187,573,568,208,589,14,60,160,738,696,249,331,148,730,684,105,214,746,131,43,223,279,176,106,631,57,317,327,642,532,245,282,731,26,391,458,670,140,480,446,130,622,736,685,200,362,37,431,335,718,591,95,104,54,600,463,664,138,571,487,621,404,604,747,205,418,285,379,228,461,113,537,548,580,506,552,213,543,369,614,357,173,341,267,748,47,118,167,83,414,347,462,528,432,710,415,711,482,28,666,307,175,343,116,701,82,679,88,739,193,726,498,136,429,502,612,290,233,525,351,112,457,169,165,53,408,92,368,443,451,715,119,44,3,587,626,340,152,159,305,254,486,638,377,515,280,428,129,73,410,263,447,157,35,189,667,716,633,97,727,360,472,387,186,734,336,29,294,456,321,292,345,524,10,349,547,156,273,629,109,221,450,729,338,640,1,198,284,714,401,497,675,143,398,65,237,295,257,288,311,289,177,444,71,686,632,51,0,231,227,735,142,440,687,286,556,441,737,555,625,636,154,236,210,79,553,332,469,243,563,699,605,695,630,648,562,246,68,411,301,599,484,406,48,496,520,581,644,380,426,133,300,59,277,565,439,146,608,488,561,114,304,202,674,741,454,473,722,151,505,329,87,616,262,702,721,32,2,470,184,596,164,302,658,434,545,371,397,662,409,597,448,576,145,330,678,350,586,125,24,101,601,181,275,75,508,204,403,303,25,89,653,579,399,659,623,546,238,582,144,407,269,127,393,382,475,663,55,108,132,400,507,620,370,594,593,149,172,170,493,45,535,102,610,657,732,220,319,203,442,681,575,624,39,23,713,425,646,690,655,268,673,542,733,115,386,694,489,61,402,271,384,199,174,134,355,356,661,190,438,247,514,50,592,474,255,196,668,124,260,698,697,137,293,700,672,352,337,437,297,479,194,252,649,314,339,46,494,550,226,122,709,522,261,564,225,309,232,11,358,647,99,256,86,512,264,117,405,396,306,389,278,459,634,298,222,153,375,530,617,266,536,390,598,574,478,215,81,16,381,346,669,392,367,421,30,503,500,93,745,276,248,103,641,665,299,27,385,259,677,17,100,643,688,211,420,554,84,251,296,274,374,639,490,395,376,383,20,195,121,529,566,52,544,436,651,584,510,717,209,253,107,19,182,70,344,191,313,315,588,188,348,483,615,22,265,560,7,4,531,185,523,287,168,637,318,56,139,38,689,120,583,692,76,577,491,33,308,413,363,708,485,650,91,541,18,326,90,110,179,40,328,654,569,680,558,606,595,333,533,693,96,521,725,239,74,283,481,135,513,13,155,430,511,201,538,539,706,526,216,192,126,423,412,419,270,34,682,495,21,559,645,656,465,540,235,422,468,518,212,250,578,77,15,310,618,123,36,492,740,635,611,676,435,128,388,63,744,281,41,549,509,364,316,627,162,719,609,613,58,9,197,150,166,62,180,570,334,42,707,504,671,517,660,607,602,445,743,244,178,499,312,206,433,78,416,460,728,217,464,322,230,373,161,427,534,455,372,49,219,361,67,417,320,6,241,424,158,229,452,742,5,72,704,234,242,85,
258,117.29999566078186,160686.73712882522,158305.83817710384,466,712,453,80,354,272,467,378,240,365,291,394,98,527,366,703,477,691,572,147,590,66,94,183,603,8,567,471,749,258,720,324,64,628,359,476,31,585,519,557,353,323,224,683,723,724,163,501,207,342,619,516,141,551,449,652,325,111,69,171,705,12,218,187,573,568,208,589,14,60,160,738,696,249,331,148,730,684,105,214,746,131,43,223,279,176,106,631,57,317,327,642,532,245,282,731,26,391,458,670,140,480,446,130,622,736,685,200,362,37,431,335,718,591,95,104,54,600,463,664,138,571,487,621,404,604,747,205,418,285,379,228,461,113,537,548,580,506,552,213,543,369,614,357,173,341,267,748,47,118,167,83,414,347,462,528,432,710,415,711,482,28,666,307,175,343,116,701,82,679,88,739,193,726,498,136,429,502,612,290,233,525,351,112,457,169,165,53,408,92,368,443,451,715,119,44,3,587,626,340,152,159,305,254,486,638,377,515,280,428,129,73,410,263,447,157,35,189,667,716,633,97,727,360,472,387,186,734,336,29,294,456,321,292,345,524,10,349,547,156,273,629,109,221,450,729,338,640,1,198,284,714,401,497,675,143,398,65,237,295,257,288,311,289,177,444,71,686,632,51,0,231,227,735,142,440,687,286,556,441,737,555,625,636,154,236,210,79,553,332,469,243,563,699,605,695,630,648,562,246,68,411,301,599,484,406,48,496,520,581,644,380,426,133,300,59,277,565,439,146,608,488,561,114,304,202,674,741,454,473,722,151,505,329,87,616,262,702,721,32,2,470,184,596,164,302,658,434,545,371,397,662,409,597,448,576,145,330,678,350,586,125,24,101,601,181,275,75,508,204,403,303,25,89,653,579,399,659,623,546,238,582,144,407,269,127,393,382,475,663,55,108,132,400,507,620,370,594,593,149,172,170,493,45,535,102,610,657,732,220,319,203,442,681,575,624,39,23,713,425,646,690,655,268,673,542,733,115,386,694,489,61,402,271,384,199,174,134,355,356,661,190,438,247,514,50,592,474,255,196,668,124,260,698,697,137,293,700,672,352,337,437,297,479,194,252,649,314,339,46,494,550,226,122,709,522,261,564,225,309,232,11,358,647,99,256,86,512,264,117,405,396,306,389,278,459,634,298,222,153,375,530,617,266,536,390,598,574,478,215,81,16,381,346,669,392,367,421,30,503,500,93,745,276,248,103,641,665,299,27,385,259,677,17,100,643,688,211,420,554,84,251,296,274,374,639,490,395,376,383,20,195,121,529,566,52,544,436,651,584,510,717,209,253,107,19,182,70,344,191,313,315,588,188,348,483,615,22,265,560,7,4,531,185,523,287,168,637,318,56,139,38,689,120,583,692,76,577,491,33,308,413,363,708,485,650,91,541,18,326,90,110,179,40,328,654,569,680,558,606,595,333,533,693,96,521,725,239,74,283,481,135,513,13,155,430,511,201,538,539,706,526,216,192,126,423,412,419,270,34,682,495,21,559,645,656,465,540,235,422,468,518,212,250,578,77,15,310,618,123,36,492,740,635,611,676,435,128,388,63,744,281,41,549,509,364,316,627,162,719,609,613,58,9,197,150,166,62,180,570,334,42,707,504,671,517,660,607,602,445,743,244,178,499,312,206,433,78,416,460,728,217,464,322,230,373,161,427,534,455,372,49,219,361,67,417,320,6,241,424,158,229,452,742,5,72,704,234,242,85,
259,117.73055934906006,inf,158305.83817710384,466,712,453,80,354,272,467,378,240,365,291,394,98,527,366,703,477,691,572,147,590,66,94,183,603,8,567,471,749,258,720,324,64,628,359,476,31,585,519,557,353,323,224,683,723,724,163,501,207,342,619,516,141,551,449,652,325,111,69,171,705,12,218,187,573,568,208,589,14,60,160,738,696,249,331,148,730,684,105,214,746,131,43,223,279,176,106,631,57,317,327,642,532,245,282,731,26,391,458,670,140,480,446,130,622,736,685,200,362,37,431,335,718,591,95,104,54,600,463,664,138,571,487,621,404,604,747,205,418,285,379,228,461,113,537,548,580,506,552,213,543,369,614,357,173,341,267,748,47,118,167,83,414,347,462,528,432,710,415,711,482,28,666,307,175,343,116,701,82,679,88,739,193,726,498,136,429,502,612,290,233,525,351,112,457,169,165,53,408,92,368,443,451,715,119,44,3,587,626,340,152,159,305,254,486,638,377,515,280,428,129,73,410,263,447,157,35,189,667,716,633,97,727,360,472,387,186,734,336,29,294,456,321,292,345,524,10,349,547,156,273,629,109,221,450,729,338,640,1,198,284,714,401,497,675,143,398,65,237,295,257,288,311,289,177,444,71,686,632,51,0,231,227,735,142,440,687,286,556,441,737,555,625,636,154,236,210,79,553,332,469,243,563,699,605,695,630,648,562,246,68,411,301,599,484,406,48,496,520,581,644,380,426,133,300,59,277,565,439,146,608,488,561,114,304,202,674,741,454,473,722,151,505,329,87,616,262,702,721,32,2,470,184,596,164,302,658,434,545,371,397,662,409,597,448,576,145,330,678,350,586,125,24,101,601,181,275,75,508,204,403,303,25,89,653,579,399,659,623,546,238,582,144,407,269,127,393,382,475,663,55,108,132,400,507,620,370,594,593,149,172,170,493,45,535,102,610,657,732,220,319,203,442,681,575,624,39,23,713,425,646,690,655,268,673,542,733,115,386,694,489,61,402,271,384,199,174,134,355,356,661,190,438,247,514,50,592,474,255,196,668,124,260,698,697,137,293,700,672,352,337,437,297,479,194,252,649,314,339,46,494,550,226,122,709,522,261,564,225,309,232,11,358,647,99,256,86,512,264,117,405,396,306,389,278,459,634,298,222,153,375,530,617,266,536,390,598,574,478,215,81,16,381,346,669,392,367,421,30,503,500,93,745,276,248,103,641,665,299,27,385,259,677,17,100,643,688,211,420,554,84,251,296,274,374,639,490,395,376,383,20,195,121,529,566,52,544,436,651,584,510,717,209,253,107,19,182,70,344,191,313,315,588,188,348,483,615,22,265,560,7,4,531,185,523,287,168,637,318,56,139,38,689,120,583,692,76,577,491,33,308,413,363,708,485,650,91,541,18,326,90,110,179,40,328,654,569,680,558,606,595,333,533,693,96,521,725,239,74,283,481,135,513,13,155,430,511,201,538,539,706,526,216,192,126,423,412,419,270,34,682,495,21,559,645,656,465,540,235,422,468,518,212,250,578,77,15,310,618,123,36,492,740,635,611,676,435,128,388,63,744,281,41,549,509,364,316,627,162,719,609,613,58,9,197,150,166,62,180,570,334,42,707,504,671,517,660,607,602,445,743,244,178,499,312,206,433,78,416,460,728,217,464,322,230,373,161,427,534,455,372,49,219,361,67,417,320,6,241,424,158,229,452,742,5,72,704,234,242,85,
260,118.10406517982483,163593.5867241023,158305.83817710384,466,712,453,80,354,272,467,378,240,365,291,394,98,527,366,703,477,691,572,147,590,66,94,183,603,8,567,471,749,258,720,324,64,628,359,476,31,585,519,557,353,323,224,683,723,724,163,501,207,342,619,516,141,551,449,652,325,111,69,171,705,12,218,187,573,568,208,589,14,60,160,738,696,249,331,148,730,684,105,214,746,131,43,223,279,176,106,631,57,317,327,642,532,245,282,731,26,391,458,670,140,480,446,130,622,736,685,200,362,37,431,335,718,591,95,104,54,600,463,664,138,571,487,621,404,604,747,205,418,285,379,228,461,113,537,548,580,506,552,213,543,369,614,357,173,341,267,748,47,118,167,83,414,347,462,528,432,710,415,711,482,28,666,307,175,343,116,701,82,679,88,739,193,726,498,136,429,502,612,290,233,525,351,112,457,169,165,53,408,92,368,443,451,715,119,44,3,587,626,340,152,159,305,254,486,638,377,515,280,428,129,73,410,263,447,157,35,189,667,716,633,97,727,360,472,387,186,734,336,29,294,456,321,292,345,524,10,349,547,156,273,629,109,221,450,729,338,640,1,198,284,714,401,497,675,143,398,65,237,295,257,288,311,289,177,444,71,686,632,51,0,231,227,735,142,440,687,286,556,441,737,555,625,636,154,236,210,79,553,332,469,243,563,699,605,695,630,648,562,246,68,411,301,599,484,406,48,496,520,581,644,380,426,133,300,59,277,565,439,146,608,488,561,114,304,202,674,741,454,473,722,151,505,329,87,616,262,702,721,32,2,470,184,596,164,302,658,434,545,371,397,662,409,597,448,576,145,330,678,350,586,125,24,101,601,181,275,75,508,204,403,303,25,89,653,579,399,659,623,546,238,582,144,407,269,127,393,382,475,663,55,108,132,400,507,620,370,594,593,149,172,170,493,45,535,102,610,657,732,220,319,203,442,681,575,624,39,23,713,425,646,690,655,268,673,542,733,115,386,694,489,61,402,271,384,199,174,134,355,356,661,190,438,247,514,50,592,474,255,196,668,124,260,698,697,137,293,700,672,352,337,437,297,479,194,252,649,314,339,46,494,550,226,122,709,522,261,564,225,309,232,11,358,647,99,256,86,512,264,117,405,396,306,389,278,459,634,298,222,153,375,530,617,266,536,390,598,574,478,215,81,16,381,346,669,392,367,421,30,503,500,93,745,276,248,103,641,665,299,27,385,259,677,17,100,643,688,211,420,554,84,251,296,274,374,639,490,395,376,383,20,195,121,529,566,52,544,436,651,584,510,717,209,253,107,19,182,70,344,191,313,315,588,188,348,483,615,22,265,560,7,4,531,185,523,287,168,637,318,56,139,38,689,120,583,692,76,577,491,33,308,413,363,708,485,650,91,541,18,326,90,110,179,40,328,654,569,680,558,606,595,333,533,693,96,521,725,239,74,283,481,135,513,13,155,430,511,201,538,539,706,526,216,192,126,423,412,419,270,34,682,495,21,559,645,656,465,540,235,422,468,518,212,250,578,77,15,310,618,123,36,492,740,635,611,676,435,128,388,63,744,281,41,549,509,364,316,627,162,719,609,613,58,9,197,150,166,62,180,570,334,42,707,504,671,517,660,607,602,445,743,244,178,499,312,206,433,78,416,460,728,217,464,322,230,373,161,427,534,455,372,49,219,361,67,417,320,6,241,424,158,229,452,742,5,72,704,234,242,85,
261,118.60233616828918,163718.54484250027,158305.83817710384,466,712,453,80,354,272,467,378,240,365,291,394,98,527,366,703,477,691,572,147,590,66,94,183,603,8,567,471,749,258,720,324,64,628,359,476,31,585,519,557,353,323,224,683,723,724,163,501,207,342,619,516,141,551,449,652,325,111,69,171,705,12,218,187,573,568,208,589,14,60,160,738,696,249,331,148,730,684,105,214,746,131,43,223,279,176,106,631,57,317,327,642,532,245,282,731,26,391,458,670,140,480,446,130,622,736,685,200,362,37,431,335,718,591,95,104,54,600,463,664,138,571,487,621,404,604,747,205,418,285,379,228,461,113,537,548,580,506,552,213,543,369,614,357,173,341,267,748,47,118,167,83,414,347,462,528,432,710,415,711,482,28,666,307,175,343,116,701,82,679,88,739,193,726,498,136,429,502,612,290,233,525,351,112,457,169,165,53,408,92,368,443,451,715,119,44,3,587,626,340,152,159,305,254,486,638,377,515,280,428,129,73,410,263,447,157,35,189,667,716,633,97,727,360,472,387,186,734,336,29,294,456,321,292,345,524,10,349,547,156,273,629,109,221,450,729,338,640,1,198,284,714,401,497,675,143,398,65,237,295,257,288,311,289,177,444,71,686,632,51,0,231,227,735,142,440,687,286,556,441,737,555,625,636,154,236,210,79,553,332,469,243,563,699,605,695,630,648,562,246,68,411,301,599,484,406,48,496,520,581,644,380,426,133,300,59,277,565,439,146,608,488,561,114,304,202,674,741,454,473,722,151,505,329,87,616,262,702,721,32,2,470,184,596,164,302,658,434,545,371,397,662,409,597,448,576,145,330,678,350,586,125,24,101,601,181,275,75,508,204,403,303,25,89,653,579,399,659,623,546,238,582,144,407,269,127,393,382,475,663,55,108,132,400,507,620,370,594,593,149,172,170,493,45,535,102,610,657,732,220,319,203,442,681,575,624,39,23,713,425,646,690,655,268,673,542,733,115,386,694,489,61,402,271,384,199,174,134,355,356,661,190,438,247,514,50,592,474,255,196,668,124,260,698,697,137,293,700,672,352,337,437,297,479,194,252,649,314,339,46,494,550,226,122,709,522,261,564,225,309,232,11,358,647,99,256,86,512,264,117,405,396,306,389,278,459,634,298,222,153,375,530,617,266,536,390,598,574,478,215,81,16,381,346,669,392,367,421,30,503,500,93,745,276,248,103,641,665,299,27,385,259,677,17,100,643,688,211,420,554,84,251,296,274,374,639,490,395,376,383,20,195,121,529,566,52,544,436,651,584,510,717,209,253,107,19,182,70,344,191,313,315,588,188,348,483,615,22,265,560,7,4,531,185,523,287,168,637,318,56,139,38,689,120,583,692,76,577,491,33,308,413,363,708,485,650,91,541,18,326,90,110,179,40,328,654,569,680,558,606,595,333,533,693,96,521,725,239,74,283,481,135,513,13,155,430,511,201,538,539,706,526,216,192,126,423,412,419,270,34,682,495,21,559,645,656,465,540,235,422,468,518,212,250,578,77,15,310,618,123,36,492,740,635,611,676,435,128,388,63,744,281,41,549,509,364,316,627,162,719,609,613,58,9,197,150,166,62,180,570,334,42,707,504,671,517,660,607,602,445,743,244,178,499,312,206,433,78,416,460,728,217,464,322,230,373,161,427,534,455,372,49,219,361,67,417,320,6,241,424,158,229,452,742,5,72,704,234,242,85,
262,119.04269099235535,163019.32159528966,158305.83817710384,466,712,453,80,354,272,467,378,240,365,291,394,98,527,366,703,477,691,572,147,590,66,94,183,603,8,567,471,749,258,720,324,64,628,359,476,31,585,519,557,353,323,224,683,723,724,163,501,207,342,619,516,141,551,449,652,325,111,69,171,705,12,218,187,573,568,208,589,14,60,160,738,696,249,331,148,730,684,105,214,746,131,43,223,279,176,106,631,57,317,327,642,532,245,282,731,26,391,458,670,140,480,446,130,622,736,685,200,362,37,431,335,718,591,95,104,54,600,463,664,138,571,487,621,404,604,747,205,418,285,379,228,461,113,537,548,580,506,552,213,543,369,614,357,173,341,267,748,47,118,167,83,414,347,462,528,432,710,415,711,482,28,666,307,175,343,116,701,82,679,88,739,193,726,498,136,429,502,612,290,233,525,351,112,457,169,165,53,408,92,368,443,451,715,119,44,3,587,626,340,152,159,305,254,486,638,377,515,280,428,129,73,410,263,447,157,35,189,667,716,633,97,727,360,472,387,186,734,336,29,294,456,321,292,345,524,10,349,547,156,273,629,109,221,450,729,338,640,1,198,284,714,401,497,675,143,398,65,237,295,257,288,311,289,177,444,71,686,632,51,0,231,227,735,142,440,687,286,556,441,737,555,625,636,154,236,210,79,553,332,469,243,563,699,605,695,630,648,562,246,68,411,301,599,484,406,48,496,520,581,644,380,426,133,300,59,277,565,439,146,608,488,561,114,304,202,674,741,454,473,722,151,505,329,87,616,262,702,721,32,2,470,184,596,164,302,658,434,545,371,397,662,409,597,448,576,145,330,678,350,586,125,24,101,601,181,275,75,508,204,403,303,25,89,653,579,399,659,623,546,238,582,144,407,269,127,393,382,475,663,55,108,132,400,507,620,370,594,593,149,172,170,493,45,535,102,610,657,732,220,319,203,442,681,575,624,39,23,713,425,646,690,655,268,673,542,733,115,386,694,489,61,402,271,384,199,174,134,355,356,661,190,438,247,514,50,592,474,255,196,668,124,260,698,697,137,293,700,672,352,337,437,297,479,194,252,649,314,339,46,494,550,226,122,709,522,261,564,225,309,232,11,358,647,99,256,86,512,264,117,405,396,306,389,278,459,634,298,222,153,375,530,617,266,536,390,598,574,478,215,81,16,381,346,669,392,367,421,30,503,500,93,745,276,248,103,641,665,299,27,385,259,677,17,100,643,688,211,420,554,84,251,296,274,374,639,490,395,376,383,20,195,121,529,566,52,544,436,651,584,510,717,209,253,107,19,182,70,344,191,313,315,588,188,348,483,615,22,265,560,7,4,531,185,523,287,168,637,318,56,139,38,689,120,583,692,76,577,491,33,308,413,363,708,485,650,91,541,18,326,90,110,179,40,328,654,569,680,558,606,595,333,533,693,96,521,725,239,74,283,481,135,513,13,155,430,511,201,538,539,706,526,216,192,126,423,412,419,270,34,682,495,21,559,645,656,465,540,235,422,468,518,212,250,578,77,15,310,618,123,36,492,740,635,611,676,435,128,388,63,744,281,41,549,509,364,316,627,162,719,609,613,58,9,197,150,166,62,180,570,334,42,707,504,671,517,660,607,602,445,743,244,178,499,312,206,433,78,416,460,728,217,464,322,230,373,161,427,534,455,372,49,219,361,67,417,320,6,241,424,158,229,452,742,5,72,704,234,242,85,
263,119.51945614814758,162452.62761178322,158305.83817710384,466,712,453,80,354,272,467,378,240,365,291,394,98,527,366,703,477,691,572,147,590,66,94,183,603,8,567,471,749,258,720,324,64,628,359,476,31,585,519,557,353,323,224,683,723,724,163,501,207,342,619,516,141,551,449,652,325,111,69,171,705,12,218,187,573,568,208,589,14,60,160,738,696,249,331,148,730,684,105,214,746,131,43,223,279,176,106,631,57,317,327,642,532,245,282,731,26,391,458,670,140,480,446,130,622,736,685,200,362,37,431,335,718,591,95,104,54,600,463,664,138,571,487,621,404,604,747,205,418,285,379,228,461,113,537,548,580,506,552,213,543,369,614,357,173,341,267,748,47,118,167,83,414,347,462,528,432,710,415,711,482,28,666,307,175,343,116,701,82,679,88,739,193,726,498,136,429,502,612,290,233,525,351,112,457,169,165,53,408,92,368,443,451,715,119,44,3,587,626,340,152,159,305,254,486,638,377,515,280,428,129,73,410,263,447,157,35,189,667,716,633,97,727,360,472,387,186,734,336,29,294,456,321,292,345,524,10,349,547,156,273,629,109,221,450,729,338,640,1,198,284,714,401,497,675,143,398,65,237,295,257,288,311,289,177,444,71,686,632,51,0,231,227,735,142,440,687,286,556,441,737,555,625,636,154,236,210,79,553,332,469,243,563,699,605,695,630,648,562,246,68,411,301,599,484,406,48,496,520,581,644,380,426,133,300,59,277,565,439,146,608,488,561,114,304,202,674,741,454,473,722,151,505,329,87,616,262,702,721,32,2,470,184,596,164,302,658,434,545,371,397,662,409,597,448,576,145,330,678,350,586,125,24,101,601,181,275,75,508,204,403,303,25,89,653,579,399,659,623,546,238,582,144,407,269,127,393,382,475,663,55,108,132,400,507,620,370,594,593,149,172,170,493,45,535,102,610,657,732,220,319,203,442,681,575,624,39,23,713,425,646,690,655,268,673,542,733,115,386,694,489,61,402,271,384,199,174,134,355,356,661,190,438,247,514,50,592,474,255,196,668,124,260,698,697,137,293,700,672,352,337,437,297,479,194,252,649,314,339,46,494,550,226,122,709,522,261,564,225,309,232,11,358,647,99,256,86,512,264,117,405,396,306,389,278,459,634,298,222,153,375,530,617,266,536,390,598,574,478,215,81,16,381,346,669,392,367,421,30,503,500,93,745,276,248,103,641,665,299,27,385,259,677,17,100,643,688,211,420,554,84,251,296,274,374,639,490,395,376,383,20,195,121,529,566,52,544,436,651,584,510,717,209,253,107,19,182,70,344,191,313,315,588,188,348,483,615,22,265,560,7,4,531,185,523,287,168,637,318,56,139,38,689,120,583,692,76,577,491,33,308,413,363,708,485,650,91,541,18,326,90,110,179,40,328,654,569,680,558,606,595,333,533,693,96,521,725,239,74,283,481,135,513,13,155,430,511,201,538,539,706,526,216,192,126,423,412,419,270,34,682,495,21,559,645,656,465,540,235,422,468,518,212,250,578,77,15,310,618,123,36,492,740,635,611,676,435,128,388,63,744,281,41,549,509,364,316,627,162,719,609,613,58,9,197,150,166,62,180,570,334,42,707,504,671,517,660,607,602,445,743,244,178,499,312,206,433,78,416,460,728,217,464,322,230,373,161,427,534,455,372,49,219,361,67,417,320,6,241,424,158,229,452,742,5,72,704,234,242,85,
264,119.98342490196228,inf,158305.83817710384,466,712,453,80,354,272,467,378,240,365,291,394,98,527,366,703,477,691,572,147,590,66,94,183,603,8,567,471,749,258,720,324,64,628,359,476,31,585,519,557,353,323,224,683,723,724,163,501,207,342,619,516,141,551,449,652,325,111,69,171,705,12,218,187,573,568,208,589,14,60,160,738,696,249,331,148,730,684,105,214,746,131,43,223,279,176,106,631,57,317,327,642,532,245,282,731,26,391,458,670,140,480,446,130,622,736,685,200,362,37,431,335,718,591,95,104,54,600,463,664,138,571,487,621,404,604,747,205,418,285,379,228,461,113,537,548,580,506,552,213,543,369,614,357,173,341,267,748,47,118,167,83,414,347,462,528,432,710,415,711,482,28,666,307,175,343,116,701,82,679,88,739,193,726,498,136,429,502,612,290,233,525,351,112,457,169,165,53,408,92,368,443,451,715,119,44,3,587,626,340,152,159,305,254,486,638,377,515,280,428,129,73,410,263,447,157,35,189,667,716,633,97,727,360,472,387,186,734,336,29,294,456,321,292,345,524,10,349,547,156,273,629,109,221,450,729,338,640,1,198,284,714,401,497,675,143,398,65,237,295,257,288,311,289,177,444,71,686,632,51,0,231,227,735,142,440,687,286,556,441,737,555,625,636,154,236,210,79,553,332,469,243,563,699,605,695,630,648,562,246,68,411,301,599,484,406,48,496,520,581,644,380,426,133,300,59,277,565,439,146,608,488,561,114,304,202,674,741,454,473,722,151,505,329,87,616,262,702,721,32,2,470,184,596,164,302,658,434,545,371,397,662,409,597,448,576,145,330,678,350,586,125,24,101,601,181,275,75,508,204,403,303,25,89,653,579,399,659,623,546,238,582,144,407,269,127,393,382,475,663,55,108,132,400,507,620,370,594,593,149,172,170,493,45,535,102,610,657,732,220,319,203,442,681,575,624,39,23,713,425,646,690,655,268,673,542,733,115,386,694,489,61,402,271,384,199,174,134,355,356,661,190,438,247,514,50,592,474,255,196,668,124,260,698,697,137,293,700,672,352,337,437,297,479,194,252,649,314,339,46,494,550,226,122,709,522,261,564,225,309,232,11,358,647,99,256,86,512,264,117,405,396,306,389,278,459,634,298,222,153,375,530,617,266,536,390,598,574,478,215,81,16,381,346,669,392,367,421,30,503,500,93,745,276,248,103,641,665,299,27,385,259,677,17,100,643,688,211,420,554,84,251,296,274,374,639,490,395,376,383,20,195,121,529,566,52,544,436,651,584,510,717,209,253,107,19,182,70,344,191,313,315,588,188,348,483,615,22,265,560,7,4,531,185,523,287,168,637,318,56,139,38,689,120,583,692,76,577,491,33,308,413,363,708,485,650,91,541,18,326,90,110,179,40,328,654,569,680,558,606,595,333,533,693,96,521,725,239,74,283,481,135,513,13,155,430,511,201,538,539,706,526,216,192,126,423,412,419,270,34,682,495,21,559,645,656,465,540,235,422,468,518,212,250,578,77,15,310,618,123,36,492,740,635,611,676,435,128,388,63,744,281,41,549,509,364,316,627,162,719,609,613,58,9,197,150,166,62,180,570,334,42,707,504,671,517,660,607,602,445,743,244,178,499,312,206,433,78,416,460,728,217,464,322,230,373,161,427,534,455,372,49,219,361,67,417,320,6,241,424,158,229,452,742,5,72,704,234,242,85,
265,120.38982367515564,inf,158305.83817710384,466,712,453,80,354,272,467,378,240,365,291,394,98,527,366,703,477,691,572,147,590,66,94,183,603,8,567,471,749,258,720,324,64,628,359,476,31,585,519,557,353,323,224,683,723,724,163,501,207,342,619,516,141,551,449,652,325,111,69,171,705,12,218,187,573,568,208,589,14,60,160,738,696,249,331,148,730,684,105,214,746,131,43,223,279,176,106,631,57,317,327,642,532,245,282,731,26,391,458,670,140,480,446,130,622,736,685,200,362,37,431,335,718,591,95,104,54,600,463,664,138,571,487,621,404,604,747,205,418,285,379,228,461,113,537,548,580,506,552,213,543,369,614,357,173,341,267,748,47,118,167,83,414,347,462,528,432,710,415,711,482,28,666,307,175,343,116,701,82,679,88,739,193,726,498,136,429,502,612,290,233,525,351,112,457,169,165,53,408,92,368,443,451,715,119,44,3,587,626,340,152,159,305,254,486,638,377,515,280,428,129,73,410,263,447,157,35,189,667,716,633,97,727,360,472,387,186,734,336,29,294,456,321,292,345,524,10,349,547,156,273,629,109,221,450,729,338,640,1,198,284,714,401,497,675,143,398,65,237,295,257,288,311,289,177,444,71,686,632,51,0,231,227,735,142,440,687,286,556,441,737,555,625,636,154,236,210,79,553,332,469,243,563,699,605,695,630,648,562,246,68,411,301,599,484,406,48,496,520,581,644,380,426,133,300,59,277,565,439,146,608,488,561,114,304,202,674,741,454,473,722,151,505,329,87,616,262,702,721,32,2,470,184,596,164,302,658,434,545,371,397,662,409,597,448,576,145,330,678,350,586,125,24,101,601,181,275,75,508,204,403,303,25,89,653,579,399,659,623,546,238,582,144,407,269,127,393,382,475,663,55,108,132,400,507,620,370,594,593,149,172,170,493,45,535,102,610,657,732,220,319,203,442,681,575,624,39,23,713,425,646,690,655,268,673,542,733,115,386,694,489,61,402,271,384,199,174,134,355,356,661,190,438,247,514,50,592,474,255,196,668,124,260,698,697,137,293,700,672,352,337,437,297,479,194,252,649,314,339,46,494,550,226,122,709,522,261,564,225,309,232,11,358,647,99,256,86,512,264,117,405,396,306,389,278,459,634,298,222,153,375,530,617,266,536,390,598,574,478,215,81,16,381,346,669,392,367,421,30,503,500,93,745,276,248,103,641,665,299,27,385,259,677,17,100,643,688,211,420,554,84,251,296,274,374,639,490,395,376,383,20,195,121,529,566,52,544,436,651,584,510,717,209,253,107,19,182,70,344,191,313,315,588,188,348,483,615,22,265,560,7,4,531,185,523,287,168,637,318,56,139,38,689,120,583,692,76,577,491,33,308,413,363,708,485,650,91,541,18,326,90,110,179,40,328,654,569,680,558,606,595,333,533,693,96,521,725,239,74,283,481,135,513,13,155,430,511,201,538,539,706,526,216,192,126,423,412,419,270,34,682,495,21,559,645,656,465,540,235,422,468,518,212,250,578,77,15,310,618,123,36,492,740,635,611,676,435,128,388,63,744,281,41,549,509,364,316,627,162,719,609,613,58,9,197,150,166,62,180,570,334,42,707,504,671,517,660,607,602,445,743,244,178,499,312,206,433,78,416,460,728,217,464,322,230,373,161,427,534,455,372,49,219,361,67,417,320,6,241,424,158,229,452,742,5,72,704,234,242,85,
266,120.78853917121887,inf,158305.83817710384,466,712,453,80,354,272,467,378,240,365,291,394,98,527,366,703,477,691,572,147,590,66,94,183,603,8,567,471,749,258,720,324,64,628,359,476,31,585,519,557,353,323,224,683,723,724,163,501,207,342,619,516,141,551,449,652,325,111,69,171,705,12,218,187,573,568,208,589,14,60,160,738,696,249,331,148,730,684,105,214,746,131,43,223,279,176,106,631,57,317,327,642,532,245,282,731,26,391,458,670,140,480,446,130,622,736,685,200,362,37,431,335,718,591,95,104,54,600,463,664,138,571,487,621,404,604,747,205,418,285,379,228,461,113,537,548,580,506,552,213,543,369,614,357,173,341,267,748,47,118,167,83,414,347,462,528,432,710,415,711,482,28,666,307,175,343,116,701,82,679,88,739,193,726,498,136,429,502,612,290,233,525,351,112,457,169,165,53,408,92,368,443,451,715,119,44,3,587,626,340,152,159,305,254,486,638,377,515,280,428,129,73,410,263,447,157,35,189,667,716,633,97,727,360,472,387,186,734,336,29,294,456,321,292,345,524,10,349,547,156,273,629,109,221,450,729,338,640,1,198,284,714,401,497,675,143,398,65,237,295,257,288,311,289,177,444,71,686,632,51,0,231,227,735,142,440,687,286,556,441,737,555,625,636,154,236,210,79,553,332,469,243,563,699,605,695,630,648,562,246,68,411,301,599,484,406,48,496,520,581,644,380,426,133,300,59,277,565,439,146,608,488,561,114,304,202,674,741,454,473,722,151,505,329,87,616,262,702,721,32,2,470,184,596,164,302,658,434,545,371,397,662,409,597,448,576,145,330,678,350,586,125,24,101,601,181,275,75,508,204,403,303,25,89,653,579,399,659,623,546,238,582,144,407,269,127,393,382,475,663,55,108,132,400,507,620,370,594,593,149,172,170,493,45,535,102,610,657,732,220,319,203,442,681,575,624,39,23,713,425,646,690,655,268,673,542,733,115,386,694,489,61,402,271,384,199,174,134,355,356,661,190,438,247,514,50,592,474,255,196,668,124,260,698,697,137,293,700,672,352,337,437,297,479,194,252,649,314,339,46,494,550,226,122,709,522,261,564,225,309,232,11,358,647,99,256,86,512,264,117,405,396,306,389,278,459,634,298,222,153,375,530,617,266,536,390,598,574,478,215,81,16,381,346,669,392,367,421,30,503,500,93,745,276,248,103,641,665,299,27,385,259,677,17,100,643,688,211,420,554,84,251,296,274,374,639,490,395,376,383,20,195,121,529,566,52,544,436,651,584,510,717,209,253,107,19,182,70,344,191,313,315,588,188,348,483,615,22,265,560,7,4,531,185,523,287,168,637,318,56,139,38,689,120,583,692,76,577,491,33,308,413,363,708,485,650,91,541,18,326,90,110,179,40,328,654,569,680,558,606,595,333,533,693,96,521,725,239,74,283,481,135,513,13,155,430,511,201,538,539,706,526,216,192,126,423,412,419,270,34,682,495,21,559,645,656,465,540,235,422,468,518,212,250,578,77,15,310,618,123,36,492,740,635,611,676,435,128,388,63,744,281,41,549,509,364,316,627,162,719,609,613,58,9,197,150,166,62,180,570,334,42,707,504,671,517,660,607,602,445,743,244,178,499,312,206,433,78,416,460,728,217,464,322,230,373,161,427,534,455,372,49,219,361,67,417,320,6,241,424,158,229,452,742,5,72,704,234,242,85,
267,121.23358726501465,inf,158305.83817710384,466,712,453,80,354,272,467,378,240,365,291,394,98,527,366,703,477,691,572,147,590,66,94,183,603,8,567,471,749,258,720,324,64,628,359,476,31,585,519,557,353,323,224,683,723,724,163,501,207,342,619,516,141,551,449,652,325,111,69,171,705,12,218,187,573,568,208,589,14,60,160,738,696,249,331,148,730,684,105,214,746,131,43,223,279,176,106,631,57,317,327,642,532,245,282,731,26,391,458,670,140,480,446,130,622,736,685,200,362,37,431,335,718,591,95,104,54,600,463,664,138,571,487,621,404,604,747,205,418,285,379,228,461,113,537,548,580,506,552,213,543,369,614,357,173,341,267,748,47,118,167,83,414,347,462,528,432,710,415,711,482,28,666,307,175,343,116,701,82,679,88,739,193,726,498,136,429,502,612,290,233,525,351,112,457,169,165,53,408,92,368,443,451,715,119,44,3,587,626,340,152,159,305,254,486,638,377,515,280,428,129,73,410,263,447,157,35,189,667,716,633,97,727,360,472,387,186,734,336,29,294,456,321,292,345,524,10,349,547,156,273,629,109,221,450,729,338,640,1,198,284,714,401,497,675,143,398,65,237,295,257,288,311,289,177,444,71,686,632,51,0,231,227,735,142,440,687,286,556,441,737,555,625,636,154,236,210,79,553,332,469,243,563,699,605,695,630,648,562,246,68,411,301,599,484,406,48,496,520,581,644,380,426,133,300,59,277,565,439,146,608,488,561,114,304,202,674,741,454,473,722,151,505,329,87,616,262,702,721,32,2,470,184,596,164,302,658,434,545,371,397,662,409,597,448,576,145,330,678,350,586,125,24,101,601,181,275,75,508,204,403,303,25,89,653,579,399,659,623,546,238,582,144,407,269,127,393,382,475,663,55,108,132,400,507,620,370,594,593,149,172,170,493,45,535,102,610,657,732,220,319,203,442,681,575,624,39,23,713,425,646,690,655,268,673,542,733,115,386,694,489,61,402,271,384,199,174,134,355,356,661,190,438,247,514,50,592,474,255,196,668,124,260,698,697,137,293,700,672,352,337,437,297,479,194,252,649,314,339,46,494,550,226,122,709,522,261,564,225,309,232,11,358,647,99,256,86,512,264,117,405,396,306,389,278,459,634,298,222,153,375,530,617,266,536,390,598,574,478,215,81,16,381,346,669,392,367,421,30,503,500,93,745,276,248,103,641,665,299,27,385,259,677,17,100,643,688,211,420,554,84,251,296,274,374,639,490,395,376,383,20,195,121,529,566,52,544,436,651,584,510,717,209,253,107,19,182,70,344,191,313,315,588,188,348,483,615,22,265,560,7,4,531,185,523,287,168,637,318,56,139,38,689,120,583,692,76,577,491,33,308,413,363,708,485,650,91,541,18,326,90,110,179,40,328,654,569,680,558,606,595,333,533,693,96,521,725,239,74,283,481,135,513,13,155,430,511,201,538,539,706,526,216,192,126,423,412,419,270,34,682,495,21,559,645,656,465,540,235,422,468,518,212,250,578,77,15,310,618,123,36,492,740,635,611,676,435,128,388,63,744,281,41,549,509,364,316,627,162,719,609,613,58,9,197,150,166,62,180,570,334,42,707,504,671,517,660,607,602,445,743,244,178,499,312,206,433,78,416,460,728,217,464,322,230,373,161,427,534,455,372,49,219,361,67,417,320,6,241,424,158,229,452,742,5,72,704,234,242,85,
268,121.6474781036377,161111.18932955607,158305.83817710384,466,712,453,80,354,272,467,378,240,365,291,394,98,527,366,703,477,691,572,147,590,66,94,183,603,8,567,471,749,258,720,324,64,628,359,476,31,585,519,557,353,323,224,683,723,724,163,501,207,342,619,516,141,551,449,652,325,111,69,171,705,12,218,187,573,568,208,589,14,60,160,738,696,249,331,148,730,684,105,214,746,131,43,223,279,176,106,631,57,317,327,642,532,245,282,731,26,391,458,670,140,480,446,130,622,736,685,200,362,37,431,335,718,591,95,104,54,600,463,664,138,571,487,621,404,604,747,205,418,285,379,228,461,113,537,548,580,506,552,213,543,369,614,357,173,341,267,748,47,118,167,83,414,347,462,528,432,710,415,711,482,28,666,307,175,343,116,701,82,679,88,739,193,726,498,136,429,502,612,290,233,525,351,112,457,169,165,53,408,92,368,443,451,715,119,44,3,587,626,340,152,159,305,254,486,638,377,515,280,428,129,73,410,263,447,157,35,189,667,716,633,97,727,360,472,387,186,734,336,29,294,456,321,292,345,524,10,349,547,156,273,629,109,221,450,729,338,640,1,198,284,714,401,497,675,143,398,65,237,295,257,288,311,289,177,444,71,686,632,51,0,231,227,735,142,440,687,286,556,441,737,555,625,636,154,236,210,79,553,332,469,243,563,699,605,695,630,648,562,246,68,411,301,599,484,406,48,496,520,581,644,380,426,133,300,59,277,565,439,146,608,488,561,114,304,202,674,741,454,473,722,151,505,329,87,616,262,702,721,32,2,470,184,596,164,302,658,434,545,371,397,662,409,597,448,576,145,330,678,350,586,125,24,101,601,181,275,75,508,204,403,303,25,89,653,579,399,659,623,546,238,582,144,407,269,127,393,382,475,663,55,108,132,400,507,620,370,594,593,149,172,170,493,45,535,102,610,657,732,220,319,203,442,681,575,624,39,23,713,425,646,690,655,268,673,542,733,115,386,694,489,61,402,271,384,199,174,134,355,356,661,190,438,247,514,50,592,474,255,196,668,124,260,698,697,137,293,700,672,352,337,437,297,479,194,252,649,314,339,46,494,550,226,122,709,522,261,564,225,309,232,11,358,647,99,256,86,512,264,117,405,396,306,389,278,459,634,298,222,153,375,530,617,266,536,390,598,574,478,215,81,16,381,346,669,392,367,421,30,503,500,93,745,276,248,103,641,665,299,27,385,259,677,17,100,643,688,211,420,554,84,251,296,274,374,639,490,395,376,383,20,195,121,529,566,52,544,436,651,584,510,717,209,253,107,19,182,70,344,191,313,315,588,188,348,483,615,22,265,560,7,4,531,185,523,287,168,637,318,56,139,38,689,120,583,692,76,577,491,33,308,413,363,708,485,650,91,541,18,326,90,110,179,40,328,654,569,680,558,606,595,333,533,693,96,521,725,239,74,283,481,135,513,13,155,430,511,201,538,539,706,526,216,192,126,423,412,419,270,34,682,495,21,559,645,656,465,540,235,422,468,518,212,250,578,77,15,310,618,123,36,492,740,635,611,676,435,128,388,63,744,281,41,549,509,364,316,627,162,719,609,613,58,9,197,150,166,62,180,570,334,42,707,504,671,517,660,607,602,445,743,244,178,499,312,206,433,78,416,460,728,217,464,322,230,373,161,427,534,455,372,49,219,361,67,417,320,6,241,424,158,229,452,742,5,72,704,234,242,85,
269,122.06347918510437,160677.4831743162,158305.8381771038,607,602,445,743,244,178,499,312,206,433,78,416,460,728,217,464,322,230,373,161,427,534,455,372,49,219,361,67,417,320,6,241,424,158,229,452,742,5,72,704,234,242,85,466,712,453,80,354,272,467,378,240,365,291,394,98,527,366,703,477,691,572,147,590,66,94,183,603,8,567,471,749,258,720,324,64,628,359,476,31,585,519,557,353,323,224,683,723,724,163,501,207,342,619,516,141,551,449,652,325,111,69,171,705,12,218,187,573,568,208,589,14,60,160,738,696,249,331,148,730,684,105,214,746,131,43,223,279,176,106,631,57,317,327,642,532,245,282,731,26,391,458,670,140,480,446,130,622,736,685,200,362,37,431,335,718,591,95,104,54,600,463,664,138,571,487,621,404,604,747,205,418,285,379,228,461,113,537,548,580,506,552,213,543,369,614,357,173,341,267,748,47,118,167,83,414,347,462,528,432,710,415,711,482,28,666,307,175,343,116,701,82,679,88,739,193,726,498,136,429,502,612,290,233,525,351,112,457,169,165,53,408,92,368,443,451,715,119,44,3,587,626,340,152,159,305,254,486,638,377,515,280,428,129,73,410,263,447,157,35,189,667,716,633,97,727,360,472,387,186,734,336,29,294,456,321,292,345,524,10,349,547,156,273,629,109,221,450,729,338,640,1,198,284,714,401,497,675,143,398,65,237,295,257,288,311,289,177,444,71,686,632,51,0,231,227,735,142,440,687,286,556,441,737,555,625,636,154,236,210,79,553,332,469,243,563,699,605,695,630,648,562,246,68,411,301,599,484,406,48,496,520,581,644,380,426,133,300,59,277,565,439,146,608,488,561,114,304,202,674,741,454,473,722,151,505,329,87,616,262,702,721,32,2,470,184,596,164,302,658,434,545,371,397,662,409,597,448,576,145,330,678,350,586,125,24,101,601,181,275,75,508,204,403,303,25,89,653,579,399,659,623,546,238,582,144,407,269,127,393,382,475,663,55,108,132,400,507,620,370,594,593,149,172,170,493,45,535,102,610,657,732,220,319,203,442,681,575,624,39,23,713,425,646,690,655,268,673,542,733,115,386,694,489,61,402,271,384,199,174,134,355,356,661,190,438,247,514,50,592,474,255,196,668,124,260,698,697,137,293,700,672,352,337,437,297,479,194,252,649,314,339,46,494,550,226,122,709,522,261,564,225,309,232,11,358,647,99,256,86,512,264,117,405,396,306,389,278,459,634,298,222,153,375,530,617,266,536,390,598,574,478,215,81,16,381,346,669,392,367,421,30,503,500,93,745,276,248,103,641,665,299,27,385,259,677,17,100,643,688,211,420,554,84,251,296,274,374,639,490,395,376,383,20,195,121,529,566,52,544,436,651,584,510,717,209,253,107,19,182,70,344,191,313,315,588,188,348,483,615,22,265,560,7,4,531,185,523,287,168,637,318,56,139,38,689,120,583,692,76,577,491,33,308,413,363,708,485,650,91,541,18,326,90,110,179,40,328,654,569,680,558,606,595,333,533,693,96,521,725,239,74,283,481,135,513,13,155,430,511,201,538,539,706,526,216,192,126,423,412,419,270,34,682,495,21,559,645,656,465,540,235,422,468,518,212,250,578,77,15,310,618,123,36,492,740,635,611,676,435,128,388,63,744,281,41,549,509,364,316,627,162,719,609,613,58,9,197,150,166,62,180,570,334,42,707,504,671,517,660,
270,122.55514097213745,162384.49227053765,158305.8381771038,607,602,445,743,244,178,499,312,206,433,78,416,460,728,217,464,322,230,373,161,427,534,455,372,49,219,361,67,417,320,6,241,424,158,229,452,742,5,72,704,234,242,85,466,712,453,80,354,272,467,378,240,365,291,394,98,527,366,703,477,691,572,147,590,66,94,183,603,8,567,471,749,258,720,324,64,628,359,476,31,585,519,557,353,323,224,683,723,724,163,501,207,342,619,516,141,551,449,652,325,111,69,171,705,12,218,187,573,568,208,589,14,60,160,738,696,249,331,148,730,684,105,214,746,131,43,223,279,176,106,631,57,317,327,642,532,245,282,731,26,391,458,670,140,480,446,130,622,736,685,200,362,37,431,335,718,591,95,104,54,600,463,664,138,571,487,621,404,604,747,205,418,285,379,228,461,113,537,548,580,506,552,213,543,369,614,357,173,341,267,748,47,118,167,83,414,347,462,528,432,710,415,711,482,28,666,307,175,343,116,701,82,679,88,739,193,726,498,136,429,502,612,290,233,525,351,112,457,169,165,53,408,92,368,443,451,715,119,44,3,587,626,340,152,159,305,254,486,638,377,515,280,428,129,73,410,263,447,157,35,189,667,716,633,97,727,360,472,387,186,734,336,29,294,456,321,292,345,524,10,349,547,156,273,629,109,221,450,729,338,640,1,198,284,714,401,497,675,143,398,65,237,295,257,288,311,289,177,444,71,686,632,51,0,231,227,735,142,440,687,286,556,441,737,555,625,636,154,236,210,79,553,332,469,243,563,699,605,695,630,648,562,246,68,411,301,599,484,406,48,496,520,581,644,380,426,133,300,59,277,565,439,146,608,488,561,114,304,202,674,741,454,473,722,151,505,329,87,616,262,702,721,32,2,470,184,596,164,302,658,434,545,371,397,662,409,597,448,576,145,330,678,350,586,125,24,101,601,181,275,75,508,204,403,303,25,89,653,579,399,659,623,546,238,582,144,407,269,127,393,382,475,663,55,108,132,400,507,620,370,594,593,149,172,170,493,45,535,102,610,657,732,220,319,203,442,681,575,624,39,23,713,425,646,690,655,268,673,542,733,115,386,694,489,61,402,271,384,199,174,134,355,356,661,190,438,247,514,50,592,474,255,196,668,124,260,698,697,137,293,700,672,352,337,437,297,479,194,252,649,314,339,46,494,550,226,122,709,522,261,564,225,309,232,11,358,647,99,256,86,512,264,117,405,396,306,389,278,459,634,298,222,153,375,530,617,266,536,390,598,574,478,215,81,16,381,346,669,392,367,421,30,503,500,93,745,276,248,103,641,665,299,27,385,259,677,17,100,643,688,211,420,554,84,251,296,274,374,639,490,395,376,383,20,195,121,529,566,52,544,436,651,584,510,717,209,253,107,19,182,70,344,191,313,315,588,188,348,483,615,22,265,560,7,4,531,185,523,287,168,637,318,56,139,38,689,120,583,692,76,577,491,33,308,413,363,708,485,650,91,541,18,326,90,110,179,40,328,654,569,680,558,606,595,333,533,693,96,521,725,239,74,283,481,135,513,13,155,430,511,201,538,539,706,526,216,192,126,423,412,419,270,34,682,495,21,559,645,656,465,540,235,422,468,518,212,250,578,77,15,310,618,123,36,492,740,635,611,676,435,128,388,63,744,281,41,549,509,364,316,627,162,719,609,613,58,9,197,150,166,62,180,570,334,42,707,504,671,517,660,
271,122.94992136955261,162679.33076433974,158305.8381771038,607,602,445,743,244,178,499,312,206,433,78,416,460,728,217,464,322,230,373,161,427,534,455,372,49,219,361,67,417,320,6,241,424,158,229,452,742,5,72,704,234,242,85,466,712,453,80,354,272,467,378,240,365,291,394,98,527,366,703,477,691,572,147,590,66,94,183,603,8,567,471,749,258,720,324,64,628,359,476,31,585,519,557,353,323,224,683,723,724,163,501,207,342,619,516,141,551,449,652,325,111,69,171,705,12,218,187,573,568,208,589,14,60,160,738,696,249,331,148,730,684,105,214,746,131,43,223,279,176,106,631,57,317,327,642,532,245,282,731,26,391,458,670,140,480,446,130,622,736,685,200,362,37,431,335,718,591,95,104,54,600,463,664,138,571,487,621,404,604,747,205,418,285,379,228,461,113,537,548,580,506,552,213,543,369,614,357,173,341,267,748,47,118,167,83,414,347,462,528,432,710,415,711,482,28,666,307,175,343,116,701,82,679,88,739,193,726,498,136,429,502,612,290,233,525,351,112,457,169,165,53,408,92,368,443,451,715,119,44,3,587,626,340,152,159,305,254,486,638,377,515,280,428,129,73,410,263,447,157,35,189,667,716,633,97,727,360,472,387,186,734,336,29,294,456,321,292,345,524,10,349,547,156,273,629,109,221,450,729,338,640,1,198,284,714,401,497,675,143,398,65,237,295,257,288,311,289,177,444,71,686,632,51,0,231,227,735,142,440,687,286,556,441,737,555,625,636,154,236,210,79,553,332,469,243,563,699,605,695,630,648,562,246,68,411,301,599,484,406,48,496,520,581,644,380,426,133,300,59,277,565,439,146,608,488,561,114,304,202,674,741,454,473,722,151,505,329,87,616,262,702,721,32,2,470,184,596,164,302,658,434,545,371,397,662,409,597,448,576,145,330,678,350,586,125,24,101,601,181,275,75,508,204,403,303,25,89,653,579,399,659,623,546,238,582,144,407,269,127,393,382,475,663,55,108,132,400,507,620,370,594,593,149,172,170,493,45,535,102,610,657,732,220,319,203,442,681,575,624,39,23,713,425,646,690,655,268,673,542,733,115,386,694,489,61,402,271,384,199,174,134,355,356,661,190,438,247,514,50,592,474,255,196,668,124,260,698,697,137,293,700,672,352,337,437,297,479,194,252,649,314,339,46,494,550,226,122,709,522,261,564,225,309,232,11,358,647,99,256,86,512,264,117,405,396,306,389,278,459,634,298,222,153,375,530,617,266,536,390,598,574,478,215,81,16,381,346,669,392,367,421,30,503,500,93,745,276,248,103,641,665,299,27,385,259,677,17,100,643,688,211,420,554,84,251,296,274,374,639,490,395,376,383,20,195,121,529,566,52,544,436,651,584,510,717,209,253,107,19,182,70,344,191,313,315,588,188,348,483,615,22,265,560,7,4,531,185,523,287,168,637,318,56,139,38,689,120,583,692,76,577,491,33,308,413,363,708,485,650,91,541,18,326,90,110,179,40,328,654,569,680,558,606,595,333,533,693,96,521,725,239,74,283,481,135,513,13,155,430,511,201,538,539,706,526,216,192,126,423,412,419,270,34,682,495,21,559,645,656,465,540,235,422,468,518,212,250,578,77,15,310,618,123,36,492,740,635,611,676,435,128,388,63,744,281,41,549,509,364,316,627,162,719,609,613,58,9,197,150,166,62,180,570,334,42,707,504,671,517,660,
272,123.33608889579773,162312.20219075892,158305.8381771038,607,602,445,743,244,178,499,312,206,433,78,416,460,728,217,464,322,230,373,161,427,534,455,372,49,219,361,67,417,320,6,241,424,158,229,452,742,5,72,704,234,242,85,466,712,453,80,354,272,467,378,240,365,291,394,98,527,366,703,477,691,572,147,590,66,94,183,603,8,567,471,749,258,720,324,64,628,359,476,31,585,519,557,353,323,224,683,723,724,163,501,207,342,619,516,141,551,449,652,325,111,69,171,705,12,218,187,573,568,208,589,14,60,160,738,696,249,331,148,730,684,105,214,746,131,43,223,279,176,106,631,57,317,327,642,532,245,282,731,26,391,458,670,140,480,446,130,622,736,685,200,362,37,431,335,718,591,95,104,54,600,463,664,138,571,487,621,404,604,747,205,418,285,379,228,461,113,537,548,580,506,552,213,543,369,614,357,173,341,267,748,47,118,167,83,414,347,462,528,432,710,415,711,482,28,666,307,175,343,116,701,82,679,88,739,193,726,498,136,429,502,612,290,233,525,351,112,457,169,165,53,408,92,368,443,451,715,119,44,3,587,626,340,152,159,305,254,486,638,377,515,280,428,129,73,410,263,447,157,35,189,667,716,633,97,727,360,472,387,186,734,336,29,294,456,321,292,345,524,10,349,547,156,273,629,109,221,450,729,338,640,1,198,284,714,401,497,675,143,398,65,237,295,257,288,311,289,177,444,71,686,632,51,0,231,227,735,142,440,687,286,556,441,737,555,625,636,154,236,210,79,553,332,469,243,563,699,605,695,630,648,562,246,68,411,301,599,484,406,48,496,520,581,644,380,426,133,300,59,277,565,439,146,608,488,561,114,304,202,674,741,454,473,722,151,505,329,87,616,262,702,721,32,2,470,184,596,164,302,658,434,545,371,397,662,409,597,448,576,145,330,678,350,586,125,24,101,601,181,275,75,508,204,403,303,25,89,653,579,399,659,623,546,238,582,144,407,269,127,393,382,475,663,55,108,132,400,507,620,370,594,593,149,172,170,493,45,535,102,610,657,732,220,319,203,442,681,575,624,39,23,713,425,646,690,655,268,673,542,733,115,386,694,489,61,402,271,384,199,174,134,355,356,661,190,438,247,514,50,592,474,255,196,668,124,260,698,697,137,293,700,672,352,337,437,297,479,194,252,649,314,339,46,494,550,226,122,709,522,261,564,225,309,232,11,358,647,99,256,86,512,264,117,405,396,306,389,278,459,634,298,222,153,375,530,617,266,536,390,598,574,478,215,81,16,381,346,669,392,367,421,30,503,500,93,745,276,248,103,641,665,299,27,385,259,677,17,100,643,688,211,420,554,84,251,296,274,374,639,490,395,376,383,20,195,121,529,566,52,544,436,651,584,510,717,209,253,107,19,182,70,344,191,313,315,588,188,348,483,615,22,265,560,7,4,531,185,523,287,168,637,318,56,139,38,689,120,583,692,76,577,491,33,308,413,363,708,485,650,91,541,18,326,90,110,179,40,328,654,569,680,558,606,595,333,533,693,96,521,725,239,74,283,481,135,513,13,155,430,511,201,538,539,706,526,216,192,126,423,412,419,270,34,682,495,21,559,645,656,465,540,235,422,468,518,212,250,578,77,15,310,618,123,36,492,740,635,611,676,435,128,388,63,744,281,41,549,509,364,316,627,162,719,609,613,58,9,197,150,166,62,180,570,334,42,707,504,671,517,660,
273,123.75520825386047,161314.60789635996,158305.8381771038,607,602,445,743,244,178,499,312,206,433,78,416,460,728,217,464,322,230,373,161,427,534,455,372,49,219,361,67,417,320,6,241,424,158,229,452,742,5,72,704,234,242,85,466,712,453,80,354,272,467,378,240,365,291,394,98,527,366,703,477,691,572,147,590,66,94,183,603,8,567,471,749,258,720,324,64,628,359,476,31,585,519,557,353,323,224,683,723,724,163,501,207,342,619,516,141,551,449,652,325,111,69,171,705,12,218,187,573,568,208,589,14,60,160,738,696,249,331,148,730,684,105,214,746,131,43,223,279,176,106,631,57,317,327,642,532,245,282,731,26,391,458,670,140,480,446,130,622,736,685,200,362,37,431,335,718,591,95,104,54,600,463,664,138,571,487,621,404,604,747,205,418,285,379,228,461,113,537,548,580,506,552,213,543,369,614,357,173,341,267,748,47,118,167,83,414,347,462,528,432,710,415,711,482,28,666,307,175,343,116,701,82,679,88,739,193,726,498,136,429,502,612,290,233,525,351,112,457,169,165,53,408,92,368,443,451,715,119,44,3,587,626,340,152,159,305,254,486,638,377,515,280,428,129,73,410,263,447,157,35,189,667,716,633,97,727,360,472,387,186,734,336,29,294,456,321,292,345,524,10,349,547,156,273,629,109,221,450,729,338,640,1,198,284,714,401,497,675,143,398,65,237,295,257,288,311,289,177,444,71,686,632,51,0,231,227,735,142,440,687,286,556,441,737,555,625,636,154,236,210,79,553,332,469,243,563,699,605,695,630,648,562,246,68,411,301,599,484,406,48,496,520,581,644,380,426,133,300,59,277,565,439,146,608,488,561,114,304,202,674,741,454,473,722,151,505,329,87,616,262,702,721,32,2,470,184,596,164,302,658,434,545,371,397,662,409,597,448,576,145,330,678,350,586,125,24,101,601,181,275,75,508,204,403,303,25,89,653,579,399,659,623,546,238,582,144,407,269,127,393,382,475,663,55,108,132,400,507,620,370,594,593,149,172,170,493,45,535,102,610,657,732,220,319,203,442,681,575,624,39,23,713,425,646,690,655,268,673,542,733,115,386,694,489,61,402,271,384,199,174,134,355,356,661,190,438,247,514,50,592,474,255,196,668,124,260,698,697,137,293,700,672,352,337,437,297,479,194,252,649,314,339,46,494,550,226,122,709,522,261,564,225,309,232,11,358,647,99,256,86,512,264,117,405,396,306,389,278,459,634,298,222,153,375,530,617,266,536,390,598,574,478,215,81,16,381,346,669,392,367,421,30,503,500,93,745,276,248,103,641,665,299,27,385,259,677,17,100,643,688,211,420,554,84,251,296,274,374,639,490,395,376,383,20,195,121,529,566,52,544,436,651,584,510,717,209,253,107,19,182,70,344,191,313,315,588,188,348,483,615,22,265,560,7,4,531,185,523,287,168,637,318,56,139,38,689,120,583,692,76,577,491,33,308,413,363,708,485,650,91,541,18,326,90,110,179,40,328,654,569,680,558,606,595,333,533,693,96,521,725,239,74,283,481,135,513,13,155,430,511,201,538,539,706,526,216,192,126,423,412,419,270,34,682,495,21,559,645,656,465,540,235,422,468,518,212,250,578,77,15,310,618,123,36,492,740,635,611,676,435,128,388,63,744,281,41,549,509,364,316,627,162,719,609,613,58,9,197,150,166,62,180,570,334,42,707,504,671,517,660,
274,124.16235327720642,161263.09588502883,158305.8381771038,607,602,445,743,244,178,499,312,206,433,78,416,460,728,217,464,322,230,373,161,427,534,455,372,49,219,361,67,417,320,6,241,424,158,229,452,742,5,72,704,234,242,85,466,712,453,80,354,272,467,378,240,365,291,394,98,527,366,703,477,691,572,147,590,66,94,183,603,8,567,471,749,258,720,324,64,628,359,476,31,585,519,557,353,323,224,683,723,724,163,501,207,342,619,516,141,551,449,652,325,111,69,171,705,12,218,187,573,568,208,589,14,60,160,738,696,249,331,148,730,684,105,214,746,131,43,223,279,176,106,631,57,317,327,642,532,245,282,731,26,391,458,670,140,480,446,130,622,736,685,200,362,37,431,335,718,591,95,104,54,600,463,664,138,571,487,621,404,604,747,205,418,285,379,228,461,113,537,548,580,506,552,213,543,369,614,357,173,341,267,748,47,118,167,83,414,347,462,528,432,710,415,711,482,28,666,307,175,343,116,701,82,679,88,739,193,726,498,136,429,502,612,290,233,525,351,112,457,169,165,53,408,92,368,443,451,715,119,44,3,587,626,340,152,159,305,254,486,638,377,515,280,428,129,73,410,263,447,157,35,189,667,716,633,97,727,360,472,387,186,734,336,29,294,456,321,292,345,524,10,349,547,156,273,629,109,221,450,729,338,640,1,198,284,714,401,497,675,143,398,65,237,295,257,288,311,289,177,444,71,686,632,51,0,231,227,735,142,440,687,286,556,441,737,555,625,636,154,236,210,79,553,332,469,243,563,699,605,695,630,648,562,246,68,411,301,599,484,406,48,496,520,581,644,380,426,133,300,59,277,565,439,146,608,488,561,114,304,202,674,741,454,473,722,151,505,329,87,616,262,702,721,32,2,470,184,596,164,302,658,434,545,371,397,662,409,597,448,576,145,330,678,350,586,125,24,101,601,181,275,75,508,204,403,303,25,89,653,579,399,659,623,546,238,582,144,407,269,127,393,382,475,663,55,108,132,400,507,620,370,594,593,149,172,170,493,45,535,102,610,657,732,220,319,203,442,681,575,624,39,23,713,425,646,690,655,268,673,542,733,115,386,694,489,61,402,271,384,199,174,134,355,356,661,190,438,247,514,50,592,474,255,196,668,124,260,698,697,137,293,700,672,352,337,437,297,479,194,252,649,314,339,46,494,550,226,122,709,522,261,564,225,309,232,11,358,647,99,256,86,512,264,117,405,396,306,389,278,459,634,298,222,153,375,530,617,266,536,390,598,574,478,215,81,16,381,346,669,392,367,421,30,503,500,93,745,276,248,103,641,665,299,27,385,259,677,17,100,643,688,211,420,554,84,251,296,274,374,639,490,395,376,383,20,195,121,529,566,52,544,436,651,584,510,717,209,253,107,19,182,70,344,191,313,315,588,188,348,483,615,22,265,560,7,4,531,185,523,287,168,637,318,56,139,38,689,120,583,692,76,577,491,33,308,413,363,708,485,650,91,541,18,326,90,110,179,40,328,654,569,680,558,606,595,333,533,693,96,521,725,239,74,283,481,135,513,13,155,430,511,201,538,539,706,526,216,192,126,423,412,419,270,34,682,495,21,559,645,656,465,540,235,422,468,518,212,250,578,77,15,310,618,123,36,492,740,635,611,676,435,128,388,63,744,281,41,549,509,364,316,627,162,719,609,613,58,9,197,150,166,62,180,570,334,42,707,504,671,517,660,
275,124.63603472709656,160355.94522577093,158305.8381771038,607,602,445,743,244,178,499,312,206,433,78,416,460,728,217,464,322,230,373,161,427,534,455,372,49,219,361,67,417,320,6,241,424,158,229,452,742,5,72,704,234,242,85,466,712,453,80,354,272,467,378,240,365,291,394,98,527,366,703,477,691,572,147,590,66,94,183,603,8,567,471,749,258,720,324,64,628,359,476,31,585,519,557,353,323,224,683,723,724,163,501,207,342,619,516,141,551,449,652,325,111,69,171,705,12,218,187,573,568,208,589,14,60,160,738,696,249,331,148,730,684,105,214,746,131,43,223,279,176,106,631,57,317,327,642,532,245,282,731,26,391,458,670,140,480,446,130,622,736,685,200,362,37,431,335,718,591,95,104,54,600,463,664,138,571,487,621,404,604,747,205,418,285,379,228,461,113,537,548,580,506,552,213,543,369,614,357,173,341,267,748,47,118,167,83,414,347,462,528,432,710,415,711,482,28,666,307,175,343,116,701,82,679,88,739,193,726,498,136,429,502,612,290,233,525,351,112,457,169,165,53,408,92,368,443,451,715,119,44,3,587,626,340,152,159,305,254,486,638,377,515,280,428,129,73,410,263,447,157,35,189,667,716,633,97,727,360,472,387,186,734,336,29,294,456,321,292,345,524,10,349,547,156,273,629,109,221,450,729,338,640,1,198,284,714,401,497,675,143,398,65,237,295,257,288,311,289,177,444,71,686,632,51,0,231,227,735,142,440,687,286,556,441,737,555,625,636,154,236,210,79,553,332,469,243,563,699,605,695,630,648,562,246,68,411,301,599,484,406,48,496,520,581,644,380,426,133,300,59,277,565,439,146,608,488,561,114,304,202,674,741,454,473,722,151,505,329,87,616,262,702,721,32,2,470,184,596,164,302,658,434,545,371,397,662,409,597,448,576,145,330,678,350,586,125,24,101,601,181,275,75,508,204,403,303,25,89,653,579,399,659,623,546,238,582,144,407,269,127,393,382,475,663,55,108,132,400,507,620,370,594,593,149,172,170,493,45,535,102,610,657,732,220,319,203,442,681,575,624,39,23,713,425,646,690,655,268,673,542,733,115,386,694,489,61,402,271,384,199,174,134,355,356,661,190,438,247,514,50,592,474,255,196,668,124,260,698,697,137,293,700,672,352,337,437,297,479,194,252,649,314,339,46,494,550,226,122,709,522,261,564,225,309,232,11,358,647,99,256,86,512,264,117,405,396,306,389,278,459,634,298,222,153,375,530,617,266,536,390,598,574,478,215,81,16,381,346,669,392,367,421,30,503,500,93,745,276,248,103,641,665,299,27,385,259,677,17,100,643,688,211,420,554,84,251,296,274,374,639,490,395,376,383,20,195,121,529,566,52,544,436,651,584,510,717,209,253,107,19,182,70,344,191,313,315,588,188,348,483,615,22,265,560,7,4,531,185,523,287,168,637,318,56,139,38,689,120,583,692,76,577,491,33,308,413,363,708,485,650,91,541,18,326,90,110,179,40,328,654,569,680,558,606,595,333,533,693,96,521,725,239,74,283,481,135,513,13,155,430,511,201,538,539,706,526,216,192,126,423,412,419,270,34,682,495,21,559,645,656,465,540,235,422,468,518,212,250,578,77,15,310,618,123,36,492,740,635,611,676,435,128,388,63,744,281,41,549,509,364,316,627,162,719,609,613,58,9,197,150,166,62,180,570,334,42,707,504,671,517,660,
276,125.06995677947998,162191.00599107947,158305.8381771038,607,602,445,743,244,178,499,312,206,433,78,416,460,728,217,464,322,230,373,161,427,534,455,372,49,219,361,67,417,320,6,241,424,158,229,452,742,5,72,704,234,242,85,466,712,453,80,354,272,467,378,240,365,291,394,98,527,366,703,477,691,572,147,590,66,94,183,603,8,567,471,749,258,720,324,64,628,359,476,31,585,519,557,353,323,224,683,723,724,163,501,207,342,619,516,141,551,449,652,325,111,69,171,705,12,218,187,573,568,208,589,14,60,160,738,696,249,331,148,730,684,105,214,746,131,43,223,279,176,106,631,57,317,327,642,532,245,282,731,26,391,458,670,140,480,446,130,622,736,685,200,362,37,431,335,718,591,95,104,54,600,463,664,138,571,487,621,404,604,747,205,418,285,379,228,461,113,537,548,580,506,552,213,543,369,614,357,173,341,267,748,47,118,167,83,414,347,462,528,432,710,415,711,482,28,666,307,175,343,116,701,82,679,88,739,193,726,498,136,429,502,612,290,233,525,351,112,457,169,165,53,408,92,368,443,451,715,119,44,3,587,626,340,152,159,305,254,486,638,377,515,280,428,129,73,410,263,447,157,35,189,667,716,633,97,727,360,472,387,186,734,336,29,294,456,321,292,345,524,10,349,547,156,273,629,109,221,450,729,338,640,1,198,284,714,401,497,675,143,398,65,237,295,257,288,311,289,177,444,71,686,632,51,0,231,227,735,142,440,687,286,556,441,737,555,625,636,154,236,210,79,553,332,469,243,563,699,605,695,630,648,562,246,68,411,301,599,484,406,48,496,520,581,644,380,426,133,300,59,277,565,439,146,608,488,561,114,304,202,674,741,454,473,722,151,505,329,87,616,262,702,721,32,2,470,184,596,164,302,658,434,545,371,397,662,409,597,448,576,145,330,678,350,586,125,24,101,601,181,275,75,508,204,403,303,25,89,653,579,399,659,623,546,238,582,144,407,269,127,393,382,475,663,55,108,132,400,507,620,370,594,593,149,172,170,493,45,535,102,610,657,732,220,319,203,442,681,575,624,39,23,713,425,646,690,655,268,673,542,733,115,386,694,489,61,402,271,384,199,174,134,355,356,661,190,438,247,514,50,592,474,255,196,668,124,260,698,697,137,293,700,672,352,337,437,297,479,194,252,649,314,339,46,494,550,226,122,709,522,261,564,225,309,232,11,358,647,99,256,86,512,264,117,405,396,306,389,278,459,634,298,222,153,375,530,617,266,536,390,598,574,478,215,81,16,381,346,669,392,367,421,30,503,500,93,745,276,248,103,641,665,299,27,385,259,677,17,100,643,688,211,420,554,84,251,296,274,374,639,490,395,376,383,20,195,121,529,566,52,544,436,651,584,510,717,209,253,107,19,182,70,344,191,313,315,588,188,348,483,615,22,265,560,7,4,531,185,523,287,168,637,318,56,139,38,689,120,583,692,76,577,491,33,308,413,363,708,485,650,91,541,18,326,90,110,179,40,328,654,569,680,558,606,595,333,533,693,96,521,725,239,74,283,481,135,513,13,155,430,511,201,538,539,706,526,216,192,126,423,412,419,270,34,682,495,21,559,645,656,465,540,235,422,468,518,212,250,578,77,15,310,618,123,36,492,740,635,611,676,435,128,388,63,744,281,41,549,509,364,316,627,162,719,609,613,58,9,197,150,166,62,180,570,334,42,707,504,671,517,660,
277,125.6437578201294,163892.80878673782,158305.8381771038,607,602,445,743,244,178,499,312,206,433,78,416,460,728,217,464,322,230,373,161,427,534,455,372,49,219,361,67,417,320,6,241,424,158,229,452,742,5,72,704,234,242,85,466,712,453,80,354,272,467,378,240,365,291,394,98,527,366,703,477,691,572,147,590,66,94,183,603,8,567,471,749,258,720,324,64,628,359,476,31,585,519,557,353,323,224,683,723,724,163,501,207,342,619,516,141,551,449,652,325,111,69,171,705,12,218,187,573,568,208,589,14,60,160,738,696,249,331,148,730,684,105,214,746,131,43,223,279,176,106,631,57,317,327,642,532,245,282,731,26,391,458,670,140,480,446,130,622,736,685,200,362,37,431,335,718,591,95,104,54,600,463,664,138,571,487,621,404,604,747,205,418,285,379,228,461,113,537,548,580,506,552,213,543,369,614,357,173,341,267,748,47,118,167,83,414,347,462,528,432,710,415,711,482,28,666,307,175,343,116,701,82,679,88,739,193,726,498,136,429,502,612,290,233,525,351,112,457,169,165,53,408,92,368,443,451,715,119,44,3,587,626,340,152,159,305,254,486,638,377,515,280,428,129,73,410,263,447,157,35,189,667,716,633,97,727,360,472,387,186,734,336,29,294,456,321,292,345,524,10,349,547,156,273,629,109,221,450,729,338,640,1,198,284,714,401,497,675,143,398,65,237,295,257,288,311,289,177,444,71,686,632,51,0,231,227,735,142,440,687,286,556,441,737,555,625,636,154,236,210,79,553,332,469,243,563,699,605,695,630,648,562,246,68,411,301,599,484,406,48,496,520,581,644,380,426,133,300,59,277,565,439,146,608,488,561,114,304,202,674,741,454,473,722,151,505,329,87,616,262,702,721,32,2,470,184,596,164,302,658,434,545,371,397,662,409,597,448,576,145,330,678,350,586,125,24,101,601,181,275,75,508,204,403,303,25,89,653,579,399,659,623,546,238,582,144,407,269,127,393,382,475,663,55,108,132,400,507,620,370,594,593,149,172,170,493,45,535,102,610,657,732,220,319,203,442,681,575,624,39,23,713,425,646,690,655,268,673,542,733,115,386,694,489,61,402,271,384,199,174,134,355,356,661,190,438,247,514,50,592,474,255,196,668,124,260,698,697,137,293,700,672,352,337,437,297,479,194,252,649,314,339,46,494,550,226,122,709,522,261,564,225,309,232,11,358,647,99,256,86,512,264,117,405,396,306,389,278,459,634,298,222,153,375,530,617,266,536,390,598,574,478,215,81,16,381,346,669,392,367,421,30,503,500,93,745,276,248,103,641,665,299,27,385,259,677,17,100,643,688,211,420,554,84,251,296,274,374,639,490,395,376,383,20,195,121,529,566,52,544,436,651,584,510,717,209,253,107,19,182,70,344,191,313,315,588,188,348,483,615,22,265,560,7,4,531,185,523,287,168,637,318,56,139,38,689,120,583,692,76,577,491,33,308,413,363,708,485,650,91,541,18,326,90,110,179,40,328,654,569,680,558,606,595,333,533,693,96,521,725,239,74,283,481,135,513,13,155,430,511,201,538,539,706,526,216,192,126,423,412,419,270,34,682,495,21,559,645,656,465,540,235,422,468,518,212,250,578,77,15,310,618,123,36,492,740,635,611,676,435,128,388,63,744,281,41,549,509,364,316,627,162,719,609,613,58,9,197,150,166,62,180,570,334,42,707,504,671,517,660,
278,126.11114239692688,163837.74818074505,158305.83817710378,234,242,85,466,712,453,80,354,272,467,378,240,365,291,394,98,527,366,703,477,691,572,147,590,66,94,183,603,8,567,471,749,258,720,324,64,628,359,476,31,585,519,557,353,323,224,683,723,724,163,501,207,342,619,516,141,551,449,652,325,111,69,171,705,12,218,187,573,568,208,589,14,60,160,738,696,249,331,148,730,684,105,214,746,131,43,223,279,176,106,631,57,317,327,642,532,245,282,731,26,391,458,670,140,480,446,130,622,736,685,200,362,37,431,335,718,591,95,104,54,600,463,664,138,571,487,621,404,604,747,205,418,285,379,228,461,113,537,548,580,506,552,213,543,369,614,357,173,341,267,748,47,118,167,83,414,347,462,528,432,710,415,711,482,28,666,307,175,343,116,701,82,679,88,739,193,726,498,136,429,502,612,290,233,525,351,112,457,169,165,53,408,92,368,443,451,715,119,44,3,587,626,340,152,159,305,254,486,638,377,515,280,428,129,73,410,263,447,157,35,189,667,716,633,97,727,360,472,387,186,734,336,29,294,456,321,292,345,524,10,349,547,156,273,629,109,221,450,729,338,640,1,198,284,714,401,497,675,143,398,65,237,295,257,288,311,289,177,444,71,686,632,51,0,231,227,735,142,440,687,286,556,441,737,555,625,636,154,236,210,79,553,332,469,243,563,699,605,695,630,648,562,246,68,411,301,599,484,406,48,496,520,581,644,380,426,133,300,59,277,565,439,146,608,488,561,114,304,202,674,741,454,473,722,151,505,329,87,616,262,702,721,32,2,470,184,596,164,302,658,434,545,371,397,662,409,597,448,576,145,330,678,350,586,125,24,101,601,181,275,75,508,204,403,303,25,89,653,579,399,659,623,546,238,582,144,407,269,127,393,382,475,663,55,108,132,400,507,620,370,594,593,149,172,170,493,45,535,102,610,657,732,220,319,203,442,681,575,624,39,23,713,425,646,690,655,268,673,542,733,115,386,694,489,61,402,271,384,199,174,134,355,356,661,190,438,247,514,50,592,474,255,196,668,124,260,698,697,137,293,700,672,352,337,437,297,479,194,252,649,314,339,46,494,550,226,122,709,522,261,564,225,309,232,11,358,647,99,256,86,512,264,117,405,396,306,389,278,459,634,298,222,153,375,530,617,266,536,390,598,574,478,215,81,16,381,346,669,392,367,421,30,503,500,93,745,276,248,103,641,665,299,27,385,259,677,17,100,643,688,211,420,554,84,251,296,274,374,639,490,395,376,383,20,195,121,529,566,52,544,436,651,584,510,717,209,253,107,19,182,70,344,191,313,315,588,188,348,483,615,22,265,560,7,4,531,185,523,287,168,637,318,56,139,38,689,120,583,692,76,577,491,33,308,413,363,708,485,650,91,541,18,326,90,110,179,40,328,654,569,680,558,606,595,333,533,693,96,521,725,239,74,283,481,135,513,13,155,430,511,201,538,539,706,526,216,192,126,423,412,419,270,34,682,495,21,559,645,656,465,540,235,422,468,518,212,250,578,77,15,310,618,123,36,492,740,635,611,676,435,128,388,63,744,281,41,549,509,364,316,627,162,719,609,613,58,9,197,150,166,62,180,570,334,42,707,504,671,517,660,607,602,445,743,244,178,499,312,206,433,78,416,460,728,217,464,322,230,373,161,427,534,455,372,49,219,361,67,417,320,6,241,424,158,229,452,742,5,72,704,
279,126.56873440742493,165254.79036425403,158305.83817710378,234,242,85,466,712,453,80,354,272,467,378,240,365,291,394,98,527,366,703,477,691,572,147,590,66,94,183,603,8,567,471,749,258,720,324,64,628,359,476,31,585,519,557,353,323,224,683,723,724,163,501,207,342,619,516,141,551,449,652,325,111,69,171,705,12,218,187,573,568,208,589,14,60,160,738,696,249,331,148,730,684,105,214,746,131,43,223,279,176,106,631,57,317,327,642,532,245,282,731,26,391,458,670,140,480,446,130,622,736,685,200,362,37,431,335,718,591,95,104,54,600,463,664,138,571,487,621,404,604,747,205,418,285,379,228,461,113,537,548,580,506,552,213,543,369,614,357,173,341,267,748,47,118,167,83,414,347,462,528,432,710,415,711,482,28,666,307,175,343,116,701,82,679,88,739,193,726,498,136,429,502,612,290,233,525,351,112,457,169,165,53,408,92,368,443,451,715,119,44,3,587,626,340,152,159,305,254,486,638,377,515,280,428,129,73,410,263,447,157,35,189,667,716,633,97,727,360,472,387,186,734,336,29,294,456,321,292,345,524,10,349,547,156,273,629,109,221,450,729,338,640,1,198,284,714,401,497,675,143,398,65,237,295,257,288,311,289,177,444,71,686,632,51,0,231,227,735,142,440,687,286,556,441,737,555,625,636,154,236,210,79,553,332,469,243,563,699,605,695,630,648,562,246,68,411,301,599,484,406,48,496,520,581,644,380,426,133,300,59,277,565,439,146,608,488,561,114,304,202,674,741,454,473,722,151,505,329,87,616,262,702,721,32,2,470,184,596,164,302,658,434,545,371,397,662,409,597,448,576,145,330,678,350,586,125,24,101,601,181,275,75,508,204,403,303,25,89,653,579,399,659,623,546,238,582,144,407,269,127,393,382,475,663,55,108,132,400,507,620,370,594,593,149,172,170,493,45,535,102,610,657,732,220,319,203,442,681,575,624,39,23,713,425,646,690,655,268,673,542,733,115,386,694,489,61,402,271,384,199,174,134,355,356,661,190,438,247,514,50,592,474,255,196,668,124,260,698,697,137,293,700,672,352,337,437,297,479,194,252,649,314,339,46,494,550,226,122,709,522,261,564,225,309,232,11,358,647,99,256,86,512,264,117,405,396,306,389,278,459,634,298,222,153,375,530,617,266,536,390,598,574,478,215,81,16,381,346,669,392,367,421,30,503,500,93,745,276,248,103,641,665,299,27,385,259,677,17,100,643,688,211,420,554,84,251,296,274,374,639,490,395,376,383,20,195,121,529,566,52,544,436,651,584,510,717,209,253,107,19,182,70,344,191,313,315,588,188,348,483,615,22,265,560,7,4,531,185,523,287,168,637,318,56,139,38,689,120,583,692,76,577,491,33,308,413,363,708,485,650,91,541,18,326,90,110,179,40,328,654,569,680,558,606,595,333,533,693,96,521,725,239,74,283,481,135,513,13,155,430,511,201,538,539,706,526,216,192,126,423,412,419,270,34,682,495,21,559,645,656,465,540,235,422,468,518,212,250,578,77,15,310,618,123,36,492,740,635,611,676,435,128,388,63,744,281,41,549,509,364,316,627,162,719,609,613,58,9,197,150,166,62,180,570,334,42,707,504,671,517,660,607,602,445,743,244,178,499,312,206,433,78,416,460,728,217,464,322,230,373,161,427,534,455,372,49,219,361,67,417,320,6,241,424,158,229,452,742,5,72,704,
280,127.07669353485107,163016.59007570034,158305.83817710378,234,242,85,466,712,453,80,354,272,467,378,240,365,291,394,98,527,366,703,477,691,572,147,590,66,94,183,603,8,567,471,749,258,720,324,64,628,359,476,31,585,519,557,353,323,224,683,723,724,163,501,207,342,619,516,141,551,449,652,325,111,69,171,705,12,218,187,573,568,208,589,14,60,160,738,696,249,331,148,730,684,105,214,746,131,43,223,279,176,106,631,57,317,327,642,532,245,282,731,26,391,458,670,140,480,446,130,622,736,685,200,362,37,431,335,718,591,95,104,54,600,463,664,138,571,487,621,404,604,747,205,418,285,379,228,461,113,537,548,580,506,552,213,543,369,614,357,173,341,267,748,47,118,167,83,414,347,462,528,432,710,415,711,482,28,666,307,175,343,116,701,82,679,88,739,193,726,498,136,429,502,612,290,233,525,351,112,457,169,165,53,408,92,368,443,451,715,119,44,3,587,626,340,152,159,305,254,486,638,377,515,280,428,129,73,410,263,447,157,35,189,667,716,633,97,727,360,472,387,186,734,336,29,294,456,321,292,345,524,10,349,547,156,273,629,109,221,450,729,338,640,1,198,284,714,401,497,675,143,398,65,237,295,257,288,311,289,177,444,71,686,632,51,0,231,227,735,142,440,687,286,556,441,737,555,625,636,154,236,210,79,553,332,469,243,563,699,605,695,630,648,562,246,68,411,301,599,484,406,48,496,520,581,644,380,426,133,300,59,277,565,439,146,608,488,561,114,304,202,674,741,454,473,722,151,505,329,87,616,262,702,721,32,2,470,184,596,164,302,658,434,545,371,397,662,409,597,448,576,145,330,678,350,586,125,24,101,601,181,275,75,508,204,403,303,25,89,653,579,399,659,623,546,238,582,144,407,269,127,393,382,475,663,55,108,132,400,507,620,370,594,593,149,172,170,493,45,535,102,610,657,732,220,319,203,442,681,575,624,39,23,713,425,646,690,655,268,673,542,733,115,386,694,489,61,402,271,384,199,174,134,355,356,661,190,438,247,514,50,592,474,255,196,668,124,260,698,697,137,293,700,672,352,337,437,297,479,194,252,649,314,339,46,494,550,226,122,709,522,261,564,225,309,232,11,358,647,99,256,86,512,264,117,405,396,306,389,278,459,634,298,222,153,375,530,617,266,536,390,598,574,478,215,81,16,381,346,669,392,367,421,30,503,500,93,745,276,248,103,641,665,299,27,385,259,677,17,100,643,688,211,420,554,84,251,296,274,374,639,490,395,376,383,20,195,121,529,566,52,544,436,651,584,510,717,209,253,107,19,182,70,344,191,313,315,588,188,348,483,615,22,265,560,7,4,531,185,523,287,168,637,318,56,139,38,689,120,583,692,76,577,491,33,308,413,363,708,485,650,91,541,18,326,90,110,179,40,328,654,569,680,558,606,595,333,533,693,96,521,725,239,74,283,481,135,513,13,155,430,511,201,538,539,706,526,216,192,126,423,412,419,270,34,682,495,21,559,645,656,465,540,235,422,468,518,212,250,578,77,15,310,618,123,36,492,740,635,611,676,435,128,388,63,744,281,41,549,509,364,316,627,162,719,609,613,58,9,197,150,166,62,180,570,334,42,707,504,671,517,660,607,602,445,743,244,178,499,312,206,433,78,416,460,728,217,464,322,230,373,161,427,534,455,372,49,219,361,67,417,320,6,241,424,158,229,452,742,5,72,704,
281,127.52931499481201,162577.66119158216,158305.83817710378,234,242,85,466,712,453,80,354,272,467,378,240,365,291,394,98,527,366,703,477,691,572,147,590,66,94,183,603,8,567,471,749,258,720,324,64,628,359,476,31,585,519,557,353,323,224,683,723,724,163,501,207,342,619,516,141,551,449,652,325,111,69,171,705,12,218,187,573,568,208,589,14,60,160,738,696,249,331,148,730,684,105,214,746,131,43,223,279,176,106,631,57,317,327,642,532,245,282,731,26,391,458,670,140,480,446,130,622,736,685,200,362,37,431,335,718,591,95,104,54,600,463,664,138,571,487,621,404,604,747,205,418,285,379,228,461,113,537,548,580,506,552,213,543,369,614,357,173,341,267,748,47,118,167,83,414,347,462,528,432,710,415,711,482,28,666,307,175,343,116,701,82,679,88,739,193,726,498,136,429,502,612,290,233,525,351,112,457,169,165,53,408,92,368,443,451,715,119,44,3,587,626,340,152,159,305,254,486,638,377,515,280,428,129,73,410,263,447,157,35,189,667,716,633,97,727,360,472,387,186,734,336,29,294,456,321,292,345,524,10,349,547,156,273,629,109,221,450,729,338,640,1,198,284,714,401,497,675,143,398,65,237,295,257,288,311,289,177,444,71,686,632,51,0,231,227,735,142,440,687,286,556,441,737,555,625,636,154,236,210,79,553,332,469,243,563,699,605,695,630,648,562,246,68,411,301,599,484,406,48,496,520,581,644,380,426,133,300,59,277,565,439,146,608,488,561,114,304,202,674,741,454,473,722,151,505,329,87,616,262,702,721,32,2,470,184,596,164,302,658,434,545,371,397,662,409,597,448,576,145,330,678,350,586,125,24,101,601,181,275,75,508,204,403,303,25,89,653,579,399,659,623,546,238,582,144,407,269,127,393,382,475,663,55,108,132,400,507,620,370,594,593,149,172,170,493,45,535,102,610,657,732,220,319,203,442,681,575,624,39,23,713,425,646,690,655,268,673,542,733,115,386,694,489,61,402,271,384,199,174,134,355,356,661,190,438,247,514,50,592,474,255,196,668,124,260,698,697,137,293,700,672,352,337,437,297,479,194,252,649,314,339,46,494,550,226,122,709,522,261,564,225,309,232,11,358,647,99,256,86,512,264,117,405,396,306,389,278,459,634,298,222,153,375,530,617,266,536,390,598,574,478,215,81,16,381,346,669,392,367,421,30,503,500,93,745,276,248,103,641,665,299,27,385,259,677,17,100,643,688,211,420,554,84,251,296,274,374,639,490,395,376,383,20,195,121,529,566,52,544,436,651,584,510,717,209,253,107,19,182,70,344,191,313,315,588,188,348,483,615,22,265,560,7,4,531,185,523,287,168,637,318,56,139,38,689,120,583,692,76,577,491,33,308,413,363,708,485,650,91,541,18,326,90,110,179,40,328,654,569,680,558,606,595,333,533,693,96,521,725,239,74,283,481,135,513,13,155,430,511,201,538,539,706,526,216,192,126,423,412,419,270,34,682,495,21,559,645,656,465,540,235,422,468,518,212,250,578,77,15,310,618,123,36,492,740,635,611,676,435,128,388,63,744,281,41,549,509,364,316,627,162,719,609,613,58,9,197,150,166,62,180,570,334,42,707,504,671,517,660,607,602,445,743,244,178,499,312,206,433,78,416,460,728,217,464,322,230,373,161,427,534,455,372,49,219,361,67,417,320,6,241,424,158,229,452,742,5,72,704,
282,128.04637956619263,162025.9870629149,158305.83817710378,234,242,85,466,712,453,80,354,272,467,378,240,365,291,394,98,527,366,703,477,691,572,147,590,66,94,183,603,8,567,471,749,258,720,324,64,628,359,476,31,585,519,557,353,323,224,683,723,724,163,501,207,342,619,516,141,551,449,652,325,111,69,171,705,12,218,187,573,568,208,589,14,60,160,738,696,249,331,148,730,684,105,214,746,131,43,223,279,176,106,631,57,317,327,642,532,245,282,731,26,391,458,670,140,480,446,130,622,736,685,200,362,37,431,335,718,591,95,104,54,600,463,664,138,571,487,621,404,604,747,205,418,285,379,228,461,113,537,548,580,506,552,213,543,369,614,357,173,341,267,748,47,118,167,83,414,347,462,528,432,710,415,711,482,28,666,307,175,343,116,701,82,679,88,739,193,726,498,136,429,502,612,290,233,525,351,112,457,169,165,53,408,92,368,443,451,715,119,44,3,587,626,340,152,159,305,254,486,638,377,515,280,428,129,73,410,263,447,157,35,189,667,716,633,97,727,360,472,387,186,734,336,29,294,456,321,292,345,524,10,349,547,156,273,629,109,221,450,729,338,640,1,198,284,714,401,497,675,143,398,65,237,295,257,288,311,289,177,444,71,686,632,51,0,231,227,735,142,440,687,286,556,441,737,555,625,636,154,236,210,79,553,332,469,243,563,699,605,695,630,648,562,246,68,411,301,599,484,406,48,496,520,581,644,380,426,133,300,59,277,565,439,146,608,488,561,114,304,202,674,741,454,473,722,151,505,329,87,616,262,702,721,32,2,470,184,596,164,302,658,434,545,371,397,662,409,597,448,576,145,330,678,350,586,125,24,101,601,181,275,75,508,204,403,303,25,89,653,579,399,659,623,546,238,582,144,407,269,127,393,382,475,663,55,108,132,400,507,620,370,594,593,149,172,170,493,45,535,102,610,657,732,220,319,203,442,681,575,624,39,23,713,425,646,690,655,268,673,542,733,115,386,694,489,61,402,271,384,199,174,134,355,356,661,190,438,247,514,50,592,474,255,196,668,124,260,698,697,137,293,700,672,352,337,437,297,479,194,252,649,314,339,46,494,550,226,122,709,522,261,564,225,309,232,11,358,647,99,256,86,512,264,117,405,396,306,389,278,459,634,298,222,153,375,530,617,266,536,390,598,574,478,215,81,16,381,346,669,392,367,421,30,503,500,93,745,276,248,103,641,665,299,27,385,259,677,17,100,643,688,211,420,554,84,251,296,274,374,639,490,395,376,383,20,195,121,529,566,52,544,436,651,584,510,717,209,253,107,19,182,70,344,191,313,315,588,188,348,483,615,22,265,560,7,4,531,185,523,287,168,637,318,56,139,38,689,120,583,692,76,577,491,33,308,413,363,708,485,650,91,541,18,326,90,110,179,40,328,654,569,680,558,606,595,333,533,693,96,521,725,239,74,283,481,135,513,13,155,430,511,201,538,539,706,526,216,192,126,423,412,419,270,34,682,495,21,559,645,656,465,540,235,422,468,518,212,250,578,77,15,310,618,123,36,492,740,635,611,676,435,128,388,63,744,281,41,549,509,364,316,627,162,719,609,613,58,9,197,150,166,62,180,570,334,42,707,504,671,517,660,607,602,445,743,244,178,499,312,206,433,78,416,460,728,217,464,322,230,373,161,427,534,455,372,49,219,361,67,417,320,6,241,424,158,229,452,742,5,72,704,
283,128.5528221130371,160615.8258006501,158305.83817710378,234,242,85,466,712,453,80,354,272,467,378,240,365,291,394,98,527,366,703,477,691,572,147,590,66,94,183,603,8,567,471,749,258,720,324,64,628,359,476,31,585,519,557,353,323,224,683,723,724,163,501,207,342,619,516,141,551,449,652,325,111,69,171,705,12,218,187,573,568,208,589,14,60,160,738,696,249,331,148,730,684,105,214,746,131,43,223,279,176,106,631,57,317,327,642,532,245,282,731,26,391,458,670,140,480,446,130,622,736,685,200,362,37,431,335,718,591,95,104,54,600,463,664,138,571,487,621,404,604,747,205,418,285,379,228,461,113,537,548,580,506,552,213,543,369,614,357,173,341,267,748,47,118,167,83,414,347,462,528,432,710,415,711,482,28,666,307,175,343,116,701,82,679,88,739,193,726,498,136,429,502,612,290,233,525,351,112,457,169,165,53,408,92,368,443,451,715,119,44,3,587,626,340,152,159,305,254,486,638,377,515,280,428,129,73,410,263,447,157,35,189,667,716,633,97,727,360,472,387,186,734,336,29,294,456,321,292,345,524,10,349,547,156,273,629,109,221,450,729,338,640,1,198,284,714,401,497,675,143,398,65,237,295,257,288,311,289,177,444,71,686,632,51,0,231,227,735,142,440,687,286,556,441,737,555,625,636,154,236,210,79,553,332,469,243,563,699,605,695,630,648,562,246,68,411,301,599,484,406,48,496,520,581,644,380,426,133,300,59,277,565,439,146,608,488,561,114,304,202,674,741,454,473,722,151,505,329,87,616,262,702,721,32,2,470,184,596,164,302,658,434,545,371,397,662,409,597,448,576,145,330,678,350,586,125,24,101,601,181,275,75,508,204,403,303,25,89,653,579,399,659,623,546,238,582,144,407,269,127,393,382,475,663,55,108,132,400,507,620,370,594,593,149,172,170,493,45,535,102,610,657,732,220,319,203,442,681,575,624,39,23,713,425,646,690,655,268,673,542,733,115,386,694,489,61,402,271,384,199,174,134,355,356,661,190,438,247,514,50,592,474,255,196,668,124,260,698,697,137,293,700,672,352,337,437,297,479,194,252,649,314,339,46,494,550,226,122,709,522,261,564,225,309,232,11,358,647,99,256,86,512,264,117,405,396,306,389,278,459,634,298,222,153,375,530,617,266,536,390,598,574,478,215,81,16,381,346,669,392,367,421,30,503,500,93,745,276,248,103,641,665,299,27,385,259,677,17,100,643,688,211,420,554,84,251,296,274,374,639,490,395,376,383,20,195,121,529,566,52,544,436,651,584,510,717,209,253,107,19,182,70,344,191,313,315,588,188,348,483,615,22,265,560,7,4,531,185,523,287,168,637,318,56,139,38,689,120,583,692,76,577,491,33,308,413,363,708,485,650,91,541,18,326,90,110,179,40,328,654,569,680,558,606,595,333,533,693,96,521,725,239,74,283,481,135,513,13,155,430,511,201,538,539,706,526,216,192,126,423,412,419,270,34,682,495,21,559,645,656,465,540,235,422,468,518,212,250,578,77,15,310,618,123,36,492,740,635,611,676,435,128,388,63,744,281,41,549,509,364,316,627,162,719,609,613,58,9,197,150,166,62,180,570,334,42,707,504,671,517,660,607,602,445,743,244,178,499,312,206,433,78,416,460,728,217,464,322,230,373,161,427,534,455,372,49,219,361,67,417,320,6,241,424,158,229,452,742,5,72,704,
284,128.9711000919342,162510.54846203458,158305.83817710378,234,242,85,466,712,453,80,354,272,467,378,240,365,291,394,98,527,366,703,477,691,572,147,590,66,94,183,603,8,567,471,749,258,720,324,64,628,359,476,31,585,519,557,353,323,224,683,723,724,163,501,207,342,619,516,141,551,449,652,325,111,69,171,705,12,218,187,573,568,208,589,14,60,160,738,696,249,331,148,730,684,105,214,746,131,43,223,279,176,106,631,57,317,327,642,532,245,282,731,26,391,458,670,140,480,446,130,622,736,685,200,362,37,431,335,718,591,95,104,54,600,463,664,138,571,487,621,404,604,747,205,418,285,379,228,461,113,537,548,580,506,552,213,543,369,614,357,173,341,267,748,47,118,167,83,414,347,462,528,432,710,415,711,482,28,666,307,175,343,116,701,82,679,88,739,193,726,498,136,429,502,612,290,233,525,351,112,457,169,165,53,408,92,368,443,451,715,119,44,3,587,626,340,152,159,305,254,486,638,377,515,280,428,129,73,410,263,447,157,35,189,667,716,633,97,727,360,472,387,186,734,336,29,294,456,321,292,345,524,10,349,547,156,273,629,109,221,450,729,338,640,1,198,284,714,401,497,675,143,398,65,237,295,257,288,311,289,177,444,71,686,632,51,0,231,227,735,142,440,687,286,556,441,737,555,625,636,154,236,210,79,553,332,469,243,563,699,605,695,630,648,562,246,68,411,301,599,484,406,48,496,520,581,644,380,426,133,300,59,277,565,439,146,608,488,561,114,304,202,674,741,454,473,722,151,505,329,87,616,262,702,721,32,2,470,184,596,164,302,658,434,545,371,397,662,409,597,448,576,145,330,678,350,586,125,24,101,601,181,275,75,508,204,403,303,25,89,653,579,399,659,623,546,238,582,144,407,269,127,393,382,475,663,55,108,132,400,507,620,370,594,593,149,172,170,493,45,535,102,610,657,732,220,319,203,442,681,575,624,39,23,713,425,646,690,655,268,673,542,733,115,386,694,489,61,402,271,384,199,174,134,355,356,661,190,438,247,514,50,592,474,255,196,668,124,260,698,697,137,293,700,672,352,337,437,297,479,194,252,649,314,339,46,494,550,226,122,709,522,261,564,225,309,232,11,358,647,99,256,86,512,264,117,405,396,306,389,278,459,634,298,222,153,375,530,617,266,536,390,598,574,478,215,81,16,381,346,669,392,367,421,30,503,500,93,745,276,248,103,641,665,299,27,385,259,677,17,100,643,688,211,420,554,84,251,296,274,374,639,490,395,376,383,20,195,121,529,566,52,544,436,651,584,510,717,209,253,107,19,182,70,344,191,313,315,588,188,348,483,615,22,265,560,7,4,531,185,523,287,168,637,318,56,139,38,689,120,583,692,76,577,491,33,308,413,363,708,485,650,91,541,18,326,90,110,179,40,328,654,569,680,558,606,595,333,533,693,96,521,725,239,74,283,481,135,513,13,155,430,511,201,538,539,706,526,216,192,126,423,412,419,270,34,682,495,21,559,645,656,465,540,235,422,468,518,212,250,578,77,15,310,618,123,36,492,740,635,611,676,435,128,388,63,744,281,41,549,509,364,316,627,162,719,609,613,58,9,197,150,166,62,180,570,334,42,707,504,671,517,660,607,602,445,743,244,178,499,312,206,433,78,416,460,728,217,464,322,230,373,161,427,534,455,372,49,219,361,67,417,320,6,241,424,158,229,452,742,5,72,704,
285,129.42811107635498,163736.69083074311,158305.83817710378,234,242,85,466,712,453,80,354,272,467,378,240,365,291,394,98,527,366,703,477,691,572,147,590,66,94,183,603,8,567,471,749,258,720,324,64,628,359,476,31,585,519,557,353,323,224,683,723,724,163,501,207,342,619,516,141,551,449,652,325,111,69,171,705,12,218,187,573,568,208,589,14,60,160,738,696,249,331,148,730,684,105,214,746,131,43,223,279,176,106,631,57,317,327,642,532,245,282,731,26,391,458,670,140,480,446,130,622,736,685,200,362,37,431,335,718,591,95,104,54,600,463,664,138,571,487,621,404,604,747,205,418,285,379,228,461,113,537,548,580,506,552,213,543,369,614,357,173,341,267,748,47,118,167,83,414,347,462,528,432,710,415,711,482,28,666,307,175,343,116,701,82,679,88,739,193,726,498,136,429,502,612,290,233,525,351,112,457,169,165,53,408,92,368,443,451,715,119,44,3,587,626,340,152,159,305,254,486,638,377,515,280,428,129,73,410,263,447,157,35,189,667,716,633,97,727,360,472,387,186,734,336,29,294,456,321,292,345,524,10,349,547,156,273,629,109,221,450,729,338,640,1,198,284,714,401,497,675,143,398,65,237,295,257,288,311,289,177,444,71,686,632,51,0,231,227,735,142,440,687,286,556,441,737,555,625,636,154,236,210,79,553,332,469,243,563,699,605,695,630,648,562,246,68,411,301,599,484,406,48,496,520,581,644,380,426,133,300,59,277,565,439,146,608,488,561,114,304,202,674,741,454,473,722,151,505,329,87,616,262,702,721,32,2,470,184,596,164,302,658,434,545,371,397,662,409,597,448,576,145,330,678,350,586,125,24,101,601,181,275,75,508,204,403,303,25,89,653,579,399,659,623,546,238,582,144,407,269,127,393,382,475,663,55,108,132,400,507,620,370,594,593,149,172,170,493,45,535,102,610,657,732,220,319,203,442,681,575,624,39,23,713,425,646,690,655,268,673,542,733,115,386,694,489,61,402,271,384,199,174,134,355,356,661,190,438,247,514,50,592,474,255,196,668,124,260,698,697,137,293,700,672,352,337,437,297,479,194,252,649,314,339,46,494,550,226,122,709,522,261,564,225,309,232,11,358,647,99,256,86,512,264,117,405,396,306,389,278,459,634,298,222,153,375,530,617,266,536,390,598,574,478,215,81,16,381,346,669,392,367,421,30,503,500,93,745,276,248,103,641,665,299,27,385,259,677,17,100,643,688,211,420,554,84,251,296,274,374,639,490,395,376,383,20,195,121,529,566,52,544,436,651,584,510,717,209,253,107,19,182,70,344,191,313,315,588,188,348,483,615,22,265,560,7,4,531,185,523,287,168,637,318,56,139,38,689,120,583,692,76,577,491,33,308,413,363,708,485,650,91,541,18,326,90,110,179,40,328,654,569,680,558,606,595,333,533,693,96,521,725,239,74,283,481,135,513,13,155,430,511,201,538,539,706,526,216,192,126,423,412,419,270,34,682,495,21,559,645,656,465,540,235,422,468,518,212,250,578,77,15,310,618,123,36,492,740,635,611,676,435,128,388,63,744,281,41,549,509,364,316,627,162,719,609,613,58,9,197,150,166,62,180,570,334,42,707,504,671,517,660,607,602,445,743,244,178,499,312,206,433,78,416,460,728,217,464,322,230,373,161,427,534,455,372,49,219,361,67,417,320,6,241,424,158,229,452,742,5,72,704,
286,129.93534207344055,162752.4117433102,158305.83817710378,234,242,85,466,712,453,80,354,272,467,378,240,365,291,394,98,527,366,703,477,691,572,147,590,66,94,183,603,8,567,471,749,258,720,324,64,628,359,476,31,585,519,557,353,323,224,683,723,724,163,501,207,342,619,516,141,551,449,652,325,111,69,171,705,12,218,187,573,568,208,589,14,60,160,738,696,249,331,148,730,684,105,214,746,131,43,223,279,176,106,631,57,317,327,642,532,245,282,731,26,391,458,670,140,480,446,130,622,736,685,200,362,37,431,335,718,591,95,104,54,600,463,664,138,571,487,621,404,604,747,205,418,285,379,228,461,113,537,548,580,506,552,213,543,369,614,357,173,341,267,748,47,118,167,83,414,347,462,528,432,710,415,711,482,28,666,307,175,343,116,701,82,679,88,739,193,726,498,136,429,502,612,290,233,525,351,112,457,169,165,53,408,92,368,443,451,715,119,44,3,587,626,340,152,159,305,254,486,638,377,515,280,428,129,73,410,263,447,157,35,189,667,716,633,97,727,360,472,387,186,734,336,29,294,456,321,292,345,524,10,349,547,156,273,629,109,221,450,729,338,640,1,198,284,714,401,497,675,143,398,65,237,295,257,288,311,289,177,444,71,686,632,51,0,231,227,735,142,440,687,286,556,441,737,555,625,636,154,236,210,79,553,332,469,243,563,699,605,695,630,648,562,246,68,411,301,599,484,406,48,496,520,581,644,380,426,133,300,59,277,565,439,146,608,488,561,114,304,202,674,741,454,473,722,151,505,329,87,616,262,702,721,32,2,470,184,596,164,302,658,434,545,371,397,662,409,597,448,576,145,330,678,350,586,125,24,101,601,181,275,75,508,204,403,303,25,89,653,579,399,659,623,546,238,582,144,407,269,127,393,382,475,663,55,108,132,400,507,620,370,594,593,149,172,170,493,45,535,102,610,657,732,220,319,203,442,681,575,624,39,23,713,425,646,690,655,268,673,542,733,115,386,694,489,61,402,271,384,199,174,134,355,356,661,190,438,247,514,50,592,474,255,196,668,124,260,698,697,137,293,700,672,352,337,437,297,479,194,252,649,314,339,46,494,550,226,122,709,522,261,564,225,309,232,11,358,647,99,256,86,512,264,117,405,396,306,389,278,459,634,298,222,153,375,530,617,266,536,390,598,574,478,215,81,16,381,346,669,392,367,421,30,503,500,93,745,276,248,103,641,665,299,27,385,259,677,17,100,643,688,211,420,554,84,251,296,274,374,639,490,395,376,383,20,195,121,529,566,52,544,436,651,584,510,717,209,253,107,19,182,70,344,191,313,315,588,188,348,483,615,22,265,560,7,4,531,185,523,287,168,637,318,56,139,38,689,120,583,692,76,577,491,33,308,413,363,708,485,650,91,541,18,326,90,110,179,40,328,654,569,680,558,606,595,333,533,693,96,521,725,239,74,283,481,135,513,13,155,430,511,201,538,539,706,526,216,192,126,423,412,419,270,34,682,495,21,559,645,656,465,540,235,422,468,518,212,250,578,77,15,310,618,123,36,492,740,635,611,676,435,128,388,63,744,281,41,549,509,364,316,627,162,719,609,613,58,9,197,150,166,62,180,570,334,42,707,504,671,517,660,607,602,445,743,244,178,499,312,206,433,78,416,460,728,217,464,322,230,373,161,427,534,455,372,49,219,361,67,417,320,6,241,424,158,229,452,742,5,72,704,
287,130.44384336471558,161377.48251642697,158305.83817710378,234,242,85,466,712,453,80,354,272,467,378,240,365,291,394,98,527,366,703,477,691,572,147,590,66,94,183,603,8,567,471,749,258,720,324,64,628,359,476,31,585,519,557,353,323,224,683,723,724,163,501,207,342,619,516,141,551,449,652,325,111,69,171,705,12,218,187,573,568,208,589,14,60,160,738,696,249,331,148,730,684,105,214,746,131,43,223,279,176,106,631,57,317,327,642,532,245,282,731,26,391,458,670,140,480,446,130,622,736,685,200,362,37,431,335,718,591,95,104,54,600,463,664,138,571,487,621,404,604,747,205,418,285,379,228,461,113,537,548,580,506,552,213,543,369,614,357,173,341,267,748,47,118,167,83,414,347,462,528,432,710,415,711,482,28,666,307,175,343,116,701,82,679,88,739,193,726,498,136,429,502,612,290,233,525,351,112,457,169,165,53,408,92,368,443,451,715,119,44,3,587,626,340,152,159,305,254,486,638,377,515,280,428,129,73,410,263,447,157,35,189,667,716,633,97,727,360,472,387,186,734,336,29,294,456,321,292,345,524,10,349,547,156,273,629,109,221,450,729,338,640,1,198,284,714,401,497,675,143,398,65,237,295,257,288,311,289,177,444,71,686,632,51,0,231,227,735,142,440,687,286,556,441,737,555,625,636,154,236,210,79,553,332,469,243,563,699,605,695,630,648,562,246,68,411,301,599,484,406,48,496,520,581,644,380,426,133,300,59,277,565,439,146,608,488,561,114,304,202,674,741,454,473,722,151,505,329,87,616,262,702,721,32,2,470,184,596,164,302,658,434,545,371,397,662,409,597,448,576,145,330,678,350,586,125,24,101,601,181,275,75,508,204,403,303,25,89,653,579,399,659,623,546,238,582,144,407,269,127,393,382,475,663,55,108,132,400,507,620,370,594,593,149,172,170,493,45,535,102,610,657,732,220,319,203,442,681,575,624,39,23,713,425,646,690,655,268,673,542,733,115,386,694,489,61,402,271,384,199,174,134,355,356,661,190,438,247,514,50,592,474,255,196,668,124,260,698,697,137,293,700,672,352,337,437,297,479,194,252,649,314,339,46,494,550,226,122,709,522,261,564,225,309,232,11,358,647,99,256,86,512,264,117,405,396,306,389,278,459,634,298,222,153,375,530,617,266,536,390,598,574,478,215,81,16,381,346,669,392,367,421,30,503,500,93,745,276,248,103,641,665,299,27,385,259,677,17,100,643,688,211,420,554,84,251,296,274,374,639,490,395,376,383,20,195,121,529,566,52,544,436,651,584,510,717,209,253,107,19,182,70,344,191,313,315,588,188,348,483,615,22,265,560,7,4,531,185,523,287,168,637,318,56,139,38,689,120,583,692,76,577,491,33,308,413,363,708,485,650,91,541,18,326,90,110,179,40,328,654,569,680,558,606,595,333,533,693,96,521,725,239,74,283,481,135,513,13,155,430,511,201,538,539,706,526,216,192,126,423,412,419,270,34,682,495,21,559,645,656,465,540,235,422,468,518,212,250,578,77,15,310,618,123,36,492,740,635,611,676,435,128,388,63,744,281,41,549,509,364,316,627,162,719,609,613,58,9,197,150,166,62,180,570,334,42,707,504,671,517,660,607,602,445,743,244,178,499,312,206,433,78,416,460,728,217,464,322,230,373,161,427,534,455,372,49,219,361,67,417,320,6,241,424,158,229,452,742,5,72,704,
288,130.9260699748993,160478.66284078165,158305.83817710378,234,242,85,466,712,453,80,354,272,467,378,240,365,291,394,98,527,366,703,477,691,572,147,590,66,94,183,603,8,567,471,749,258,720,324,64,628,359,476,31,585,519,557,353,323,224,683,723,724,163,501,207,342,619,516,141,551,449,652,325,111,69,171,705,12,218,187,573,568,208,589,14,60,160,738,696,249,331,148,730,684,105,214,746,131,43,223,279,176,106,631,57,317,327,642,532,245,282,731,26,391,458,670,140,480,446,130,622,736,685,200,362,37,431,335,718,591,95,104,54,600,463,664,138,571,487,621,404,604,747,205,418,285,379,228,461,113,537,548,580,506,552,213,543,369,614,357,173,341,267,748,47,118,167,83,414,347,462,528,432,710,415,711,482,28,666,307,175,343,116,701,82,679,88,739,193,726,498,136,429,502,612,290,233,525,351,112,457,169,165,53,408,92,368,443,451,715,119,44,3,587,626,340,152,159,305,254,486,638,377,515,280,428,129,73,410,263,447,157,35,189,667,716,633,97,727,360,472,387,186,734,336,29,294,456,321,292,345,524,10,349,547,156,273,629,109,221,450,729,338,640,1,198,284,714,401,497,675,143,398,65,237,295,257,288,311,289,177,444,71,686,632,51,0,231,227,735,142,440,687,286,556,441,737,555,625,636,154,236,210,79,553,332,469,243,563,699,605,695,630,648,562,246,68,411,301,599,484,406,48,496,520,581,644,380,426,133,300,59,277,565,439,146,608,488,561,114,304,202,674,741,454,473,722,151,505,329,87,616,262,702,721,32,2,470,184,596,164,302,658,434,545,371,397,662,409,597,448,576,145,330,678,350,586,125,24,101,601,181,275,75,508,204,403,303,25,89,653,579,399,659,623,546,238,582,144,407,269,127,393,382,475,663,55,108,132,400,507,620,370,594,593,149,172,170,493,45,535,102,610,657,732,220,319,203,442,681,575,624,39,23,713,425,646,690,655,268,673,542,733,115,386,694,489,61,402,271,384,199,174,134,355,356,661,190,438,247,514,50,592,474,255,196,668,124,260,698,697,137,293,700,672,352,337,437,297,479,194,252,649,314,339,46,494,550,226,122,709,522,261,564,225,309,232,11,358,647,99,256,86,512,264,117,405,396,306,389,278,459,634,298,222,153,375,530,617,266,536,390,598,574,478,215,81,16,381,346,669,392,367,421,30,503,500,93,745,276,248,103,641,665,299,27,385,259,677,17,100,643,688,211,420,554,84,251,296,274,374,639,490,395,376,383,20,195,121,529,566,52,544,436,651,584,510,717,209,253,107,19,182,70,344,191,313,315,588,188,348,483,615,22,265,560,7,4,531,185,523,287,168,637,318,56,139,38,689,120,583,692,76,577,491,33,308,413,363,708,485,650,91,541,18,326,90,110,179,40,328,654,569,680,558,606,595,333,533,693,96,521,725,239,74,283,481,135,513,13,155,430,511,201,538,539,706,526,216,192,126,423,412,419,270,34,682,495,21,559,645,656,465,540,235,422,468,518,212,250,578,77,15,310,618,123,36,492,740,635,611,676,435,128,388,63,744,281,41,549,509,364,316,627,162,719,609,613,58,9,197,150,166,62,180,570,334,42,707,504,671,517,660,607,602,445,743,244,178,499,312,206,433,78,416,460,728,217,464,322,230,373,161,427,534,455,372,49,219,361,67,417,320,6,241,424,158,229,452,742,5,72,704,
289,131.4060492515564,161819.2103877506,158305.83817710378,234,242,85,466,712,453,80,354,272,467,378,240,365,291,394,98,527,366,703,477,691,572,147,590,66,94,183,603,8,567,471,749,258,720,324,64,628,359,476,31,585,519,557,353,323,224,683,723,724,163,501,207,342,619,516,141,551,449,652,325,111,69,171,705,12,218,187,573,568,208,589,14,60,160,738,696,249,331,148,730,684,105,214,746,131,43,223,279,176,106,631,57,317,327,642,532,245,282,731,26,391,458,670,140,480,446,130,622,736,685,200,362,37,431,335,718,591,95,104,54,600,463,664,138,571,487,621,404,604,747,205,418,285,379,228,461,113,537,548,580,506,552,213,543,369,614,357,173,341,267,748,47,118,167,83,414,347,462,528,432,710,415,711,482,28,666,307,175,343,116,701,82,679,88,739,193,726,498,136,429,502,612,290,233,525,351,112,457,169,165,53,408,92,368,443,451,715,119,44,3,587,626,340,152,159,305,254,486,638,377,515,280,428,129,73,410,263,447,157,35,189,667,716,633,97,727,360,472,387,186,734,336,29,294,456,321,292,345,524,10,349,547,156,273,629,109,221,450,729,338,640,1,198,284,714,401,497,675,143,398,65,237,295,257,288,311,289,177,444,71,686,632,51,0,231,227,735,142,440,687,286,556,441,737,555,625,636,154,236,210,79,553,332,469,243,563,699,605,695,630,648,562,246,68,411,301,599,484,406,48,496,520,581,644,380,426,133,300,59,277,565,439,146,608,488,561,114,304,202,674,741,454,473,722,151,505,329,87,616,262,702,721,32,2,470,184,596,164,302,658,434,545,371,397,662,409,597,448,576,145,330,678,350,586,125,24,101,601,181,275,75,508,204,403,303,25,89,653,579,399,659,623,546,238,582,144,407,269,127,393,382,475,663,55,108,132,400,507,620,370,594,593,149,172,170,493,45,535,102,610,657,732,220,319,203,442,681,575,624,39,23,713,425,646,690,655,268,673,542,733,115,386,694,489,61,402,271,384,199,174,134,355,356,661,190,438,247,514,50,592,474,255,196,668,124,260,698,697,137,293,700,672,352,337,437,297,479,194,252,649,314,339,46,494,550,226,122,709,522,261,564,225,309,232,11,358,647,99,256,86,512,264,117,405,396,306,389,278,459,634,298,222,153,375,530,617,266,536,390,598,574,478,215,81,16,381,346,669,392,367,421,30,503,500,93,745,276,248,103,641,665,299,27,385,259,677,17,100,643,688,211,420,554,84,251,296,274,374,639,490,395,376,383,20,195,121,529,566,52,544,436,651,584,510,717,209,253,107,19,182,70,344,191,313,315,588,188,348,483,615,22,265,560,7,4,531,185,523,287,168,637,318,56,139,38,689,120,583,692,76,577,491,33,308,413,363,708,485,650,91,541,18,326,90,110,179,40,328,654,569,680,558,606,595,333,533,693,96,521,725,239,74,283,481,135,513,13,155,430,511,201,538,539,706,526,216,192,126,423,412,419,270,34,682,495,21,559,645,656,465,540,235,422,468,518,212,250,578,77,15,310,618,123,36,492,740,635,611,676,435,128,388,63,744,281,41,549,509,364,316,627,162,719,609,613,58,9,197,150,166,62,180,570,334,42,707,504,671,517,660,607,602,445,743,244,178,499,312,206,433,78,416,460,728,217,464,322,230,373,161,427,534,455,372,49,219,361,67,417,320,6,241,424,158,229,452,742,5,72,704,
290,131.89465618133545,161469.85575952445,158305.83817710378,234,242,85,466,712,453,80,354,272,467,378,240,365,291,394,98,527,366,703,477,691,572,147,590,66,94,183,603,8,567,471,749,258,720,324,64,628,359,476,31,585,519,557,353,323,224,683,723,724,163,501,207,342,619,516,141,551,449,652,325,111,69,171,705,12,218,187,573,568,208,589,14,60,160,738,696,249,331,148,730,684,105,214,746,131,43,223,279,176,106,631,57,317,327,642,532,245,282,731,26,391,458,670,140,480,446,130,622,736,685,200,362,37,431,335,718,591,95,104,54,600,463,664,138,571,487,621,404,604,747,205,418,285,379,228,461,113,537,548,580,506,552,213,543,369,614,357,173,341,267,748,47,118,167,83,414,347,462,528,432,710,415,711,482,28,666,307,175,343,116,701,82,679,88,739,193,726,498,136,429,502,612,290,233,525,351,112,457,169,165,53,408,92,368,443,451,715,119,44,3,587,626,340,152,159,305,254,486,638,377,515,280,428,129,73,410,263,447,157,35,189,667,716,633,97,727,360,472,387,186,734,336,29,294,456,321,292,345,524,10,349,547,156,273,629,109,221,450,729,338,640,1,198,284,714,401,497,675,143,398,65,237,295,257,288,311,289,177,444,71,686,632,51,0,231,227,735,142,440,687,286,556,441,737,555,625,636,154,236,210,79,553,332,469,243,563,699,605,695,630,648,562,246,68,411,301,599,484,406,48,496,520,581,644,380,426,133,300,59,277,565,439,146,608,488,561,114,304,202,674,741,454,473,722,151,505,329,87,616,262,702,721,32,2,470,184,596,164,302,658,434,545,371,397,662,409,597,448,576,145,330,678,350,586,125,24,101,601,181,275,75,508,204,403,303,25,89,653,579,399,659,623,546,238,582,144,407,269,127,393,382,475,663,55,108,132,400,507,620,370,594,593,149,172,170,493,45,535,102,610,657,732,220,319,203,442,681,575,624,39,23,713,425,646,690,655,268,673,542,733,115,386,694,489,61,402,271,384,199,174,134,355,356,661,190,438,247,514,50,592,474,255,196,668,124,260,698,697,137,293,700,672,352,337,437,297,479,194,252,649,314,339,46,494,550,226,122,709,522,261,564,225,309,232,11,358,647,99,256,86,512,264,117,405,396,306,389,278,459,634,298,222,153,375,530,617,266,536,390,598,574,478,215,81,16,381,346,669,392,367,421,30,503,500,93,745,276,248,103,641,665,299,27,385,259,677,17,100,643,688,211,420,554,84,251,296,274,374,639,490,395,376,383,20,195,121,529,566,52,544,436,651,584,510,717,209,253,107,19,182,70,344,191,313,315,588,188,348,483,615,22,265,560,7,4,531,185,523,287,168,637,318,56,139,38,689,120,583,692,76,577,491,33,308,413,363,708,485,650,91,541,18,326,90,110,179,40,328,654,569,680,558,606,595,333,533,693,96,521,725,239,74,283,481,135,513,13,155,430,511,201,538,539,706,526,216,192,126,423,412,419,270,34,682,495,21,559,645,656,465,540,235,422,468,518,212,250,578,77,15,310,618,123,36,492,740,635,611,676,435,128,388,63,744,281,41,549,509,364,316,627,162,719,609,613,58,9,197,150,166,62,180,570,334,42,707,504,671,517,660,607,602,445,743,244,178,499,312,206,433,78,416,460,728,217,464,322,230,373,161,427,534,455,372,49,219,361,67,417,320,6,241,424,158,229,452,742,5,72,704,
291,132.26717805862427,162923.06371963094,158305.83817710378,234,242,85,466,712,453,80,354,272,467,378,240,365,291,394,98,527,366,703,477,691,572,147,590,66,94,183,603,8,567,471,749,258,720,324,64,628,359,476,31,585,519,557,353,323,224,683,723,724,163,501,207,342,619,516,141,551,449,652,325,111,69,171,705,12,218,187,573,568,208,589,14,60,160,738,696,249,331,148,730,684,105,214,746,131,43,223,279,176,106,631,57,317,327,642,532,245,282,731,26,391,458,670,140,480,446,130,622,736,685,200,362,37,431,335,718,591,95,104,54,600,463,664,138,571,487,621,404,604,747,205,418,285,379,228,461,113,537,548,580,506,552,213,543,369,614,357,173,341,267,748,47,118,167,83,414,347,462,528,432,710,415,711,482,28,666,307,175,343,116,701,82,679,88,739,193,726,498,136,429,502,612,290,233,525,351,112,457,169,165,53,408,92,368,443,451,715,119,44,3,587,626,340,152,159,305,254,486,638,377,515,280,428,129,73,410,263,447,157,35,189,667,716,633,97,727,360,472,387,186,734,336,29,294,456,321,292,345,524,10,349,547,156,273,629,109,221,450,729,338,640,1,198,284,714,401,497,675,143,398,65,237,295,257,288,311,289,177,444,71,686,632,51,0,231,227,735,142,440,687,286,556,441,737,555,625,636,154,236,210,79,553,332,469,243,563,699,605,695,630,648,562,246,68,411,301,599,484,406,48,496,520,581,644,380,426,133,300,59,277,565,439,146,608,488,561,114,304,202,674,741,454,473,722,151,505,329,87,616,262,702,721,32,2,470,184,596,164,302,658,434,545,371,397,662,409,597,448,576,145,330,678,350,586,125,24,101,601,181,275,75,508,204,403,303,25,89,653,579,399,659,623,546,238,582,144,407,269,127,393,382,475,663,55,108,132,400,507,620,370,594,593,149,172,170,493,45,535,102,610,657,732,220,319,203,442,681,575,624,39,23,713,425,646,690,655,268,673,542,733,115,386,694,489,61,402,271,384,199,174,134,355,356,661,190,438,247,514,50,592,474,255,196,668,124,260,698,697,137,293,700,672,352,337,437,297,479,194,252,649,314,339,46,494,550,226,122,709,522,261,564,225,309,232,11,358,647,99,256,86,512,264,117,405,396,306,389,278,459,634,298,222,153,375,530,617,266,536,390,598,574,478,215,81,16,381,346,669,392,367,421,30,503,500,93,745,276,248,103,641,665,299,27,385,259,677,17,100,643,688,211,420,554,84,251,296,274,374,639,490,395,376,383,20,195,121,529,566,52,544,436,651,584,510,717,209,253,107,19,182,70,344,191,313,315,588,188,348,483,615,22,265,560,7,4,531,185,523,287,168,637,318,56,139,38,689,120,583,692,76,577,491,33,308,413,363,708,485,650,91,541,18,326,90,110,179,40,328,654,569,680,558,606,595,333,533,693,96,521,725,239,74,283,481,135,513,13,155,430,511,201,538,539,706,526,216,192,126,423,412,419,270,34,682,495,21,559,645,656,465,540,235,422,468,518,212,250,578,77,15,310,618,123,36,492,740,635,611,676,435,128,388,63,744,281,41,549,509,364,316,627,162,719,609,613,58,9,197,150,166,62,180,570,334,42,707,504,671,517,660,607,602,445,743,244,178,499,312,206,433,78,416,460,728,217,464,322,230,373,161,427,534,455,372,49,219,361,67,417,320,6,241,424,158,229,452,742,5,72,704,
292,132.6824254989624,162655.85782085735,158305.83817710378,234,242,85,466,712,453,80,354,272,467,378,240,365,291,394,98,527,366,703,477,691,572,147,590,66,94,183,603,8,567,471,749,258,720,324,64,628,359,476,31,585,519,557,353,323,224,683,723,724,163,501,207,342,619,516,141,551,449,652,325,111,69,171,705,12,218,187,573,568,208,589,14,60,160,738,696,249,331,148,730,684,105,214,746,131,43,223,279,176,106,631,57,317,327,642,532,245,282,731,26,391,458,670,140,480,446,130,622,736,685,200,362,37,431,335,718,591,95,104,54,600,463,664,138,571,487,621,404,604,747,205,418,285,379,228,461,113,537,548,580,506,552,213,543,369,614,357,173,341,267,748,47,118,167,83,414,347,462,528,432,710,415,711,482,28,666,307,175,343,116,701,82,679,88,739,193,726,498,136,429,502,612,290,233,525,351,112,457,169,165,53,408,92,368,443,451,715,119,44,3,587,626,340,152,159,305,254,486,638,377,515,280,428,129,73,410,263,447,157,35,189,667,716,633,97,727,360,472,387,186,734,336,29,294,456,321,292,345,524,10,349,547,156,273,629,109,221,450,729,338,640,1,198,284,714,401,497,675,143,398,65,237,295,257,288,311,289,177,444,71,686,632,51,0,231,227,735,142,440,687,286,556,441,737,555,625,636,154,236,210,79,553,332,469,243,563,699,605,695,630,648,562,246,68,411,301,599,484,406,48,496,520,581,644,380,426,133,300,59,277,565,439,146,608,488,561,114,304,202,674,741,454,473,722,151,505,329,87,616,262,702,721,32,2,470,184,596,164,302,658,434,545,371,397,662,409,597,448,576,145,330,678,350,586,125,24,101,601,181,275,75,508,204,403,303,25,89,653,579,399,659,623,546,238,582,144,407,269,127,393,382,475,663,55,108,132,400,507,620,370,594,593,149,172,170,493,45,535,102,610,657,732,220,319,203,442,681,575,624,39,23,713,425,646,690,655,268,673,542,733,115,386,694,489,61,402,271,384,199,174,134,355,356,661,190,438,247,514,50,592,474,255,196,668,124,260,698,697,137,293,700,672,352,337,437,297,479,194,252,649,314,339,46,494,550,226,122,709,522,261,564,225,309,232,11,358,647,99,256,86,512,264,117,405,396,306,389,278,459,634,298,222,153,375,530,617,266,536,390,598,574,478,215,81,16,381,346,669,392,367,421,30,503,500,93,745,276,248,103,641,665,299,27,385,259,677,17,100,643,688,211,420,554,84,251,296,274,374,639,490,395,376,383,20,195,121,529,566,52,544,436,651,584,510,717,209,253,107,19,182,70,344,191,313,315,588,188,348,483,615,22,265,560,7,4,531,185,523,287,168,637,318,56,139,38,689,120,583,692,76,577,491,33,308,413,363,708,485,650,91,541,18,326,90,110,179,40,328,654,569,680,558,606,595,333,533,693,96,521,725,239,74,283,481,135,513,13,155,430,511,201,538,539,706,526,216,192,126,423,412,419,270,34,682,495,21,559,645,656,465,540,235,422,468,518,212,250,578,77,15,310,618,123,36,492,740,635,611,676,435,128,388,63,744,281,41,549,509,364,316,627,162,719,609,613,58,9,197,150,166,62,180,570,334,42,707,504,671,517,660,607,602,445,743,244,178,499,312,206,433,78,416,460,728,217,464,322,230,373,161,427,534,455,372,49,219,361,67,417,320,6,241,424,158,229,452,742,5,72,704,
293,133.1973021030426,162012.42757637025,158305.83817710378,234,242,85,466,712,453,80,354,272,467,378,240,365,291,394,98,527,366,703,477,691,572,147,590,66,94,183,603,8,567,471,749,258,720,324,64,628,359,476,31,585,519,557,353,323,224,683,723,724,163,501,207,342,619,516,141,551,449,652,325,111,69,171,705,12,218,187,573,568,208,589,14,60,160,738,696,249,331,148,730,684,105,214,746,131,43,223,279,176,106,631,57,317,327,642,532,245,282,731,26,391,458,670,140,480,446,130,622,736,685,200,362,37,431,335,718,591,95,104,54,600,463,664,138,571,487,621,404,604,747,205,418,285,379,228,461,113,537,548,580,506,552,213,543,369,614,357,173,341,267,748,47,118,167,83,414,347,462,528,432,710,415,711,482,28,666,307,175,343,116,701,82,679,88,739,193,726,498,136,429,502,612,290,233,525,351,112,457,169,165,53,408,92,368,443,451,715,119,44,3,587,626,340,152,159,305,254,486,638,377,515,280,428,129,73,410,263,447,157,35,189,667,716,633,97,727,360,472,387,186,734,336,29,294,456,321,292,345,524,10,349,547,156,273,629,109,221,450,729,338,640,1,198,284,714,401,497,675,143,398,65,237,295,257,288,311,289,177,444,71,686,632,51,0,231,227,735,142,440,687,286,556,441,737,555,625,636,154,236,210,79,553,332,469,243,563,699,605,695,630,648,562,246,68,411,301,599,484,406,48,496,520,581,644,380,426,133,300,59,277,565,439,146,608,488,561,114,304,202,674,741,454,473,722,151,505,329,87,616,262,702,721,32,2,470,184,596,164,302,658,434,545,371,397,662,409,597,448,576,145,330,678,350,586,125,24,101,601,181,275,75,508,204,403,303,25,89,653,579,399,659,623,546,238,582,144,407,269,127,393,382,475,663,55,108,132,400,507,620,370,594,593,149,172,170,493,45,535,102,610,657,732,220,319,203,442,681,575,624,39,23,713,425,646,690,655,268,673,542,733,115,386,694,489,61,402,271,384,199,174,134,355,356,661,190,438,247,514,50,592,474,255,196,668,124,260,698,697,137,293,700,672,352,337,437,297,479,194,252,649,314,339,46,494,550,226,122,709,522,261,564,225,309,232,11,358,647,99,256,86,512,264,117,405,396,306,389,278,459,634,298,222,153,375,530,617,266,536,390,598,574,478,215,81,16,381,346,669,392,367,421,30,503,500,93,745,276,248,103,641,665,299,27,385,259,677,17,100,643,688,211,420,554,84,251,296,274,374,639,490,395,376,383,20,195,121,529,566,52,544,436,651,584,510,717,209,253,107,19,182,70,344,191,313,315,588,188,348,483,615,22,265,560,7,4,531,185,523,287,168,637,318,56,139,38,689,120,583,692,76,577,491,33,308,413,363,708,485,650,91,541,18,326,90,110,179,40,328,654,569,680,558,606,595,333,533,693,96,521,725,239,74,283,481,135,513,13,155,430,511,201,538,539,706,526,216,192,126,423,412,419,270,34,682,495,21,559,645,656,465,540,235,422,468,518,212,250,578,77,15,310,618,123,36,492,740,635,611,676,435,128,388,63,744,281,41,549,509,364,316,627,162,719,609,613,58,9,197,150,166,62,180,570,334,42,707,504,671,517,660,607,602,445,743,244,178,499,312,206,433,78,416,460,728,217,464,322,230,373,161,427,534,455,372,49,219,361,67,417,320,6,241,424,158,229,452,742,5,72,704,
294,133.5910129547119,161343.62367691656,158305.83817710378,234,242,85,466,712,453,80,354,272,467,378,240,365,291,394,98,527,366,703,477,691,572,147,590,66,94,183,603,8,567,471,749,258,720,324,64,628,359,476,31,585,519,557,353,323,224,683,723,724,163,501,207,342,619,516,141,551,449,652,325,111,69,171,705,12,218,187,573,568,208,589,14,60,160,738,696,249,331,148,730,684,105,214,746,131,43,223,279,176,106,631,57,317,327,642,532,245,282,731,26,391,458,670,140,480,446,130,622,736,685,200,362,37,431,335,718,591,95,104,54,600,463,664,138,571,487,621,404,604,747,205,418,285,379,228,461,113,537,548,580,506,552,213,543,369,614,357,173,341,267,748,47,118,167,83,414,347,462,528,432,710,415,711,482,28,666,307,175,343,116,701,82,679,88,739,193,726,498,136,429,502,612,290,233,525,351,112,457,169,165,53,408,92,368,443,451,715,119,44,3,587,626,340,152,159,305,254,486,638,377,515,280,428,129,73,410,263,447,157,35,189,667,716,633,97,727,360,472,387,186,734,336,29,294,456,321,292,345,524,10,349,547,156,273,629,109,221,450,729,338,640,1,198,284,714,401,497,675,143,398,65,237,295,257,288,311,289,177,444,71,686,632,51,0,231,227,735,142,440,687,286,556,441,737,555,625,636,154,236,210,79,553,332,469,243,563,699,605,695,630,648,562,246,68,411,301,599,484,406,48,496,520,581,644,380,426,133,300,59,277,565,439,146,608,488,561,114,304,202,674,741,454,473,722,151,505,329,87,616,262,702,721,32,2,470,184,596,164,302,658,434,545,371,397,662,409,597,448,576,145,330,678,350,586,125,24,101,601,181,275,75,508,204,403,303,25,89,653,579,399,659,623,546,238,582,144,407,269,127,393,382,475,663,55,108,132,400,507,620,370,594,593,149,172,170,493,45,535,102,610,657,732,220,319,203,442,681,575,624,39,23,713,425,646,690,655,268,673,542,733,115,386,694,489,61,402,271,384,199,174,134,355,356,661,190,438,247,514,50,592,474,255,196,668,124,260,698,697,137,293,700,672,352,337,437,297,479,194,252,649,314,339,46,494,550,226,122,709,522,261,564,225,309,232,11,358,647,99,256,86,512,264,117,405,396,306,389,278,459,634,298,222,153,375,530,617,266,536,390,598,574,478,215,81,16,381,346,669,392,367,421,30,503,500,93,745,276,248,103,641,665,299,27,385,259,677,17,100,643,688,211,420,554,84,251,296,274,374,639,490,395,376,383,20,195,121,529,566,52,544,436,651,584,510,717,209,253,107,19,182,70,344,191,313,315,588,188,348,483,615,22,265,560,7,4,531,185,523,287,168,637,318,56,139,38,689,120,583,692,76,577,491,33,308,413,363,708,485,650,91,541,18,326,90,110,179,40,328,654,569,680,558,606,595,333,533,693,96,521,725,239,74,283,481,135,513,13,155,430,511,201,538,539,706,526,216,192,126,423,412,419,270,34,682,495,21,559,645,656,465,540,235,422,468,518,212,250,578,77,15,310,618,123,36,492,740,635,611,676,435,128,388,63,744,281,41,549,509,364,316,627,162,719,609,613,58,9,197,150,166,62,180,570,334,42,707,504,671,517,660,607,602,445,743,244,178,499,312,206,433,78,416,460,728,217,464,322,230,373,161,427,534,455,372,49,219,361,67,417,320,6,241,424,158,229,452,742,5,72,704,
295,134.10792016983032,162711.5380623711,158305.83817710378,234,242,85,466,712,453,80,354,272,467,378,240,365,291,394,98,527,366,703,477,691,572,147,590,66,94,183,603,8,567,471,749,258,720,324,64,628,359,476,31,585,519,557,353,323,224,683,723,724,163,501,207,342,619,516,141,551,449,652,325,111,69,171,705,12,218,187,573,568,208,589,14,60,160,738,696,249,331,148,730,684,105,214,746,131,43,223,279,176,106,631,57,317,327,642,532,245,282,731,26,391,458,670,140,480,446,130,622,736,685,200,362,37,431,335,718,591,95,104,54,600,463,664,138,571,487,621,404,604,747,205,418,285,379,228,461,113,537,548,580,506,552,213,543,369,614,357,173,341,267,748,47,118,167,83,414,347,462,528,432,710,415,711,482,28,666,307,175,343,116,701,82,679,88,739,193,726,498,136,429,502,612,290,233,525,351,112,457,169,165,53,408,92,368,443,451,715,119,44,3,587,626,340,152,159,305,254,486,638,377,515,280,428,129,73,410,263,447,157,35,189,667,716,633,97,727,360,472,387,186,734,336,29,294,456,321,292,345,524,10,349,547,156,273,629,109,221,450,729,338,640,1,198,284,714,401,497,675,143,398,65,237,295,257,288,311,289,177,444,71,686,632,51,0,231,227,735,142,440,687,286,556,441,737,555,625,636,154,236,210,79,553,332,469,243,563,699,605,695,630,648,562,246,68,411,301,599,484,406,48,496,520,581,644,380,426,133,300,59,277,565,439,146,608,488,561,114,304,202,674,741,454,473,722,151,505,329,87,616,262,702,721,32,2,470,184,596,164,302,658,434,545,371,397,662,409,597,448,576,145,330,678,350,586,125,24,101,601,181,275,75,508,204,403,303,25,89,653,579,399,659,623,546,238,582,144,407,269,127,393,382,475,663,55,108,132,400,507,620,370,594,593,149,172,170,493,45,535,102,610,657,732,220,319,203,442,681,575,624,39,23,713,425,646,690,655,268,673,542,733,115,386,694,489,61,402,271,384,199,174,134,355,356,661,190,438,247,514,50,592,474,255,196,668,124,260,698,697,137,293,700,672,352,337,437,297,479,194,252,649,314,339,46,494,550,226,122,709,522,261,564,225,309,232,11,358,647,99,256,86,512,264,117,405,396,306,389,278,459,634,298,222,153,375,530,617,266,536,390,598,574,478,215,81,16,381,346,669,392,367,421,30,503,500,93,745,276,248,103,641,665,299,27,385,259,677,17,100,643,688,211,420,554,84,251,296,274,374,639,490,395,376,383,20,195,121,529,566,52,544,436,651,584,510,717,209,253,107,19,182,70,344,191,313,315,588,188,348,483,615,22,265,560,7,4,531,185,523,287,168,637,318,56,139,38,689,120,583,692,76,577,491,33,308,413,363,708,485,650,91,541,18,326,90,110,179,40,328,654,569,680,558,606,595,333,533,693,96,521,725,239,74,283,481,135,513,13,155,430,511,201,538,539,706,526,216,192,126,423,412,419,270,34,682,495,21,559,645,656,465,540,235,422,468,518,212,250,578,77,15,310,618,123,36,492,740,635,611,676,435,128,388,63,744,281,41,549,509,364,316,627,162,719,609,613,58,9,197,150,166,62,180,570,334,42,707,504,671,517,660,607,602,445,743,244,178,499,312,206,433,78,416,460,728,217,464,322,230,373,161,427,534,455,372,49,219,361,67,417,320,6,241,424,158,229,452,742,5,72,704,
296,134.5525267124176,161970.92560484988,158305.83817710378,234,242,85,466,712,453,80,354,272,467,378,240,365,291,394,98,527,366,703,477,691,572,147,590,66,94,183,603,8,567,471,749,258,720,324,64,628,359,476,31,585,519,557,353,323,224,683,723,724,163,501,207,342,619,516,141,551,449,652,325,111,69,171,705,12,218,187,573,568,208,589,14,60,160,738,696,249,331,148,730,684,105,214,746,131,43,223,279,176,106,631,57,317,327,642,532,245,282,731,26,391,458,670,140,480,446,130,622,736,685,200,362,37,431,335,718,591,95,104,54,600,463,664,138,571,487,621,404,604,747,205,418,285,379,228,461,113,537,548,580,506,552,213,543,369,614,357,173,341,267,748,47,118,167,83,414,347,462,528,432,710,415,711,482,28,666,307,175,343,116,701,82,679,88,739,193,726,498,136,429,502,612,290,233,525,351,112,457,169,165,53,408,92,368,443,451,715,119,44,3,587,626,340,152,159,305,254,486,638,377,515,280,428,129,73,410,263,447,157,35,189,667,716,633,97,727,360,472,387,186,734,336,29,294,456,321,292,345,524,10,349,547,156,273,629,109,221,450,729,338,640,1,198,284,714,401,497,675,143,398,65,237,295,257,288,311,289,177,444,71,686,632,51,0,231,227,735,142,440,687,286,556,441,737,555,625,636,154,236,210,79,553,332,469,243,563,699,605,695,630,648,562,246,68,411,301,599,484,406,48,496,520,581,644,380,426,133,300,59,277,565,439,146,608,488,561,114,304,202,674,741,454,473,722,151,505,329,87,616,262,702,721,32,2,470,184,596,164,302,658,434,545,371,397,662,409,597,448,576,145,330,678,350,586,125,24,101,601,181,275,75,508,204,403,303,25,89,653,579,399,659,623,546,238,582,144,407,269,127,393,382,475,663,55,108,132,400,507,620,370,594,593,149,172,170,493,45,535,102,610,657,732,220,319,203,442,681,575,624,39,23,713,425,646,690,655,268,673,542,733,115,386,694,489,61,402,271,384,199,174,134,355,356,661,190,438,247,514,50,592,474,255,196,668,124,260,698,697,137,293,700,672,352,337,437,297,479,194,252,649,314,339,46,494,550,226,122,709,522,261,564,225,309,232,11,358,647,99,256,86,512,264,117,405,396,306,389,278,459,634,298,222,153,375,530,617,266,536,390,598,574,478,215,81,16,381,346,669,392,367,421,30,503,500,93,745,276,248,103,641,665,299,27,385,259,677,17,100,643,688,211,420,554,84,251,296,274,374,639,490,395,376,383,20,195,121,529,566,52,544,436,651,584,510,717,209,253,107,19,182,70,344,191,313,315,588,188,348,483,615,22,265,560,7,4,531,185,523,287,168,637,318,56,139,38,689,120,583,692,76,577,491,33,308,413,363,708,485,650,91,541,18,326,90,110,179,40,328,654,569,680,558,606,595,333,533,693,96,521,725,239,74,283,481,135,513,13,155,430,511,201,538,539,706,526,216,192,126,423,412,419,270,34,682,495,21,559,645,656,465,540,235,422,468,518,212,250,578,77,15,310,618,123,36,492,740,635,611,676,435,128,388,63,744,281,41,549,509,364,316,627,162,719,609,613,58,9,197,150,166,62,180,570,334,42,707,504,671,517,660,607,602,445,743,244,178,499,312,206,433,78,416,460,728,217,464,322,230,373,161,427,534,455,372,49,219,361,67,417,320,6,241,424,158,229,452,742,5,72,704,
297,135.06407141685486,162767.42189755748,158305.83817710378,234,242,85,466,712,453,80,354,272,467,378,240,365,291,394,98,527,366,703,477,691,572,147,590,66,94,183,603,8,567,471,749,258,720,324,64,628,359,476,31,585,519,557,353,323,224,683,723,724,163,501,207,342,619,516,141,551,449,652,325,111,69,171,705,12,218,187,573,568,208,589,14,60,160,738,696,249,331,148,730,684,105,214,746,131,43,223,279,176,106,631,57,317,327,642,532,245,282,731,26,391,458,670,140,480,446,130,622,736,685,200,362,37,431,335,718,591,95,104,54,600,463,664,138,571,487,621,404,604,747,205,418,285,379,228,461,113,537,548,580,506,552,213,543,369,614,357,173,341,267,748,47,118,167,83,414,347,462,528,432,710,415,711,482,28,666,307,175,343,116,701,82,679,88,739,193,726,498,136,429,502,612,290,233,525,351,112,457,169,165,53,408,92,368,443,451,715,119,44,3,587,626,340,152,159,305,254,486,638,377,515,280,428,129,73,410,263,447,157,35,189,667,716,633,97,727,360,472,387,186,734,336,29,294,456,321,292,345,524,10,349,547,156,273,629,109,221,450,729,338,640,1,198,284,714,401,497,675,143,398,65,237,295,257,288,311,289,177,444,71,686,632,51,0,231,227,735,142,440,687,286,556,441,737,555,625,636,154,236,210,79,553,332,469,243,563,699,605,695,630,648,562,246,68,411,301,599,484,406,48,496,520,581,644,380,426,133,300,59,277,565,439,146,608,488,561,114,304,202,674,741,454,473,722,151,505,329,87,616,262,702,721,32,2,470,184,596,164,302,658,434,545,371,397,662,409,597,448,576,145,330,678,350,586,125,24,101,601,181,275,75,508,204,403,303,25,89,653,579,399,659,623,546,238,582,144,407,269,127,393,382,475,663,55,108,132,400,507,620,370,594,593,149,172,170,493,45,535,102,610,657,732,220,319,203,442,681,575,624,39,23,713,425,646,690,655,268,673,542,733,115,386,694,489,61,402,271,384,199,174,134,355,356,661,190,438,247,514,50,592,474,255,196,668,124,260,698,697,137,293,700,672,352,337,437,297,479,194,252,649,314,339,46,494,550,226,122,709,522,261,564,225,309,232,11,358,647,99,256,86,512,264,117,405,396,306,389,278,459,634,298,222,153,375,530,617,266,536,390,598,574,478,215,81,16,381,346,669,392,367,421,30,503,500,93,745,276,248,103,641,665,299,27,385,259,677,17,100,643,688,211,420,554,84,251,296,274,374,639,490,395,376,383,20,195,121,529,566,52,544,436,651,584,510,717,209,253,107,19,182,70,344,191,313,315,588,188,348,483,615,22,265,560,7,4,531,185,523,287,168,637,318,56,139,38,689,120,583,692,76,577,491,33,308,413,363,708,485,650,91,541,18,326,90,110,179,40,328,654,569,680,558,606,595,333,533,693,96,521,725,239,74,283,481,135,513,13,155,430,511,201,538,539,706,526,216,192,126,423,412,419,270,34,682,495,21,559,645,656,465,540,235,422,468,518,212,250,578,77,15,310,618,123,36,492,740,635,611,676,435,128,388,63,744,281,41,549,509,364,316,627,162,719,609,613,58,9,197,150,166,62,180,570,334,42,707,504,671,517,660,607,602,445,743,244,178,499,312,206,433,78,416,460,728,217,464,322,230,373,161,427,534,455,372,49,219,361,67,417,320,6,241,424,158,229,452,742,5,72,704,
298,135.5419933795929,162570.23457760457,158305.83817710378,234,242,85,466,712,453,80,354,272,467,378,240,365,291,394,98,527,366,703,477,691,572,147,590,66,94,183,603,8,567,471,749,258,720,324,64,628,359,476,31,585,519,557,353,323,224,683,723,724,163,501,207,342,619,516,141,551,449,652,325,111,69,171,705,12,218,187,573,568,208,589,14,60,160,738,696,249,331,148,730,684,105,214,746,131,43,223,279,176,106,631,57,317,327,642,532,245,282,731,26,391,458,670,140,480,446,130,622,736,685,200,362,37,431,335,718,591,95,104,54,600,463,664,138,571,487,621,404,604,747,205,418,285,379,228,461,113,537,548,580,506,552,213,543,369,614,357,173,341,267,748,47,118,167,83,414,347,462,528,432,710,415,711,482,28,666,307,175,343,116,701,82,679,88,739,193,726,498,136,429,502,612,290,233,525,351,112,457,169,165,53,408,92,368,443,451,715,119,44,3,587,626,340,152,159,305,254,486,638,377,515,280,428,129,73,410,263,447,157,35,189,667,716,633,97,727,360,472,387,186,734,336,29,294,456,321,292,345,524,10,349,547,156,273,629,109,221,450,729,338,640,1,198,284,714,401,497,675,143,398,65,237,295,257,288,311,289,177,444,71,686,632,51,0,231,227,735,142,440,687,286,556,441,737,555,625,636,154,236,210,79,553,332,469,243,563,699,605,695,630,648,562,246,68,411,301,599,484,406,48,496,520,581,644,380,426,133,300,59,277,565,439,146,608,488,561,114,304,202,674,741,454,473,722,151,505,329,87,616,262,702,721,32,2,470,184,596,164,302,658,434,545,371,397,662,409,597,448,576,145,330,678,350,586,125,24,101,601,181,275,75,508,204,403,303,25,89,653,579,399,659,623,546,238,582,144,407,269,127,393,382,475,663,55,108,132,400,507,620,370,594,593,149,172,170,493,45,535,102,610,657,732,220,319,203,442,681,575,624,39,23,713,425,646,690,655,268,673,542,733,115,386,694,489,61,402,271,384,199,174,134,355,356,661,190,438,247,514,50,592,474,255,196,668,124,260,698,697,137,293,700,672,352,337,437,297,479,194,252,649,314,339,46,494,550,226,122,709,522,261,564,225,309,232,11,358,647,99,256,86,512,264,117,405,396,306,389,278,459,634,298,222,153,375,530,617,266,536,390,598,574,478,215,81,16,381,346,669,392,367,421,30,503,500,93,745,276,248,103,641,665,299,27,385,259,677,17,100,643,688,211,420,554,84,251,296,274,374,639,490,395,376,383,20,195,121,529,566,52,544,436,651,584,510,717,209,253,107,19,182,70,344,191,313,315,588,188,348,483,615,22,265,560,7,4,531,185,523,287,168,637,318,56,139,38,689,120,583,692,76,577,491,33,308,413,363,708,485,650,91,541,18,326,90,110,179,40,328,654,569,680,558,606,595,333,533,693,96,521,725,239,74,283,481,135,513,13,155,430,511,201,538,539,706,526,216,192,126,423,412,419,270,34,682,495,21,559,645,656,465,540,235,422,468,518,212,250,578,77,15,310,618,123,36,492,740,635,611,676,435,128,388,63,744,281,41,549,509,364,316,627,162,719,609,613,58,9,197,150,166,62,180,570,334,42,707,504,671,517,660,607,602,445,743,244,178,499,312,206,433,78,416,460,728,217,464,322,230,373,161,427,534,455,372,49,219,361,67,417,320,6,241,424,158,229,452,742,5,72,704,
299,136.04130792617798,160590.9771981815,158305.83817710378,234,242,85,466,712,453,80,354,272,467,378,240,365,291,394,98,527,366,703,477,691,572,147,590,66,94,183,603,8,567,471,749,258,720,324,64,628,359,476,31,585,519,557,353,323,224,683,723,724,163,501,207,342,619,516,141,551,449,652,325,111,69,171,705,12,218,187,573,568,208,589,14,60,160,738,696,249,331,148,730,684,105,214,746,131,43,223,279,176,106,631,57,317,327,642,532,245,282,731,26,391,458,670,140,480,446,130,622,736,685,200,362,37,431,335,718,591,95,104,54,600,463,664,138,571,487,621,404,604,747,205,418,285,379,228,461,113,537,548,580,506,552,213,543,369,614,357,173,341,267,748,47,118,167,83,414,347,462,528,432,710,415,711,482,28,666,307,175,343,116,701,82,679,88,739,193,726,498,136,429,502,612,290,233,525,351,112,457,169,165,53,408,92,368,443,451,715,119,44,3,587,626,340,152,159,305,254,486,638,377,515,280,428,129,73,410,263,447,157,35,189,667,716,633,97,727,360,472,387,186,734,336,29,294,456,321,292,345,524,10,349,547,156,273,629,109,221,450,729,338,640,1,198,284,714,401,497,675,143,398,65,237,295,257,288,311,289,177,444,71,686,632,51,0,231,227,735,142,440,687,286,556,441,737,555,625,636,154,236,210,79,553,332,469,243,563,699,605,695,630,648,562,246,68,411,301,599,484,406,48,496,520,581,644,380,426,133,300,59,277,565,439,146,608,488,561,114,304,202,674,741,454,473,722,151,505,329,87,616,262,702,721,32,2,470,184,596,164,302,658,434,545,371,397,662,409,597,448,576,145,330,678,350,586,125,24,101,601,181,275,75,508,204,403,303,25,89,653,579,399,659,623,546,238,582,144,407,269,127,393,382,475,663,55,108,132,400,507,620,370,594,593,149,172,170,493,45,535,102,610,657,732,220,319,203,442,681,575,624,39,23,713,425,646,690,655,268,673,542,733,115,386,694,489,61,402,271,384,199,174,134,355,356,661,190,438,247,514,50,592,474,255,196,668,124,260,698,697,137,293,700,672,352,337,437,297,479,194,252,649,314,339,46,494,550,226,122,709,522,261,564,225,309,232,11,358,647,99,256,86,512,264,117,405,396,306,389,278,459,634,298,222,153,375,530,617,266,536,390,598,574,478,215,81,16,381,346,669,392,367,421,30,503,500,93,745,276,248,103,641,665,299,27,385,259,677,17,100,643,688,211,420,554,84,251,296,274,374,639,490,395,376,383,20,195,121,529,566,52,544,436,651,584,510,717,209,253,107,19,182,70,344,191,313,315,588,188,348,483,615,22,265,560,7,4,531,185,523,287,168,637,318,56,139,38,689,120,583,692,76,577,491,33,308,413,363,708,485,650,91,541,18,326,90,110,179,40,328,654,569,680,558,606,595,333,533,693,96,521,725,239,74,283,481,135,513,13,155,430,511,201,538,539,706,526,216,192,126,423,412,419,270,34,682,495,21,559,645,656,465,540,235,422,468,518,212,250,578,77,15,310,618,123,36,492,740,635,611,676,435,128,388,63,744,281,41,549,509,364,316,627,162,719,609,613,58,9,197,150,166,62,180,570,334,42,707,504,671,517,660,607,602,445,743,244,178,499,312,206,433,78,416,460,728,217,464,322,230,373,161,427,534,455,372,49,219,361,67,417,320,6,241,424,158,229,452,742,5,72,704,
300,136.51388907432556,161462.51129934928,158305.83817710378,234,242,85,466,712,453,80,354,272,467,378,240,365,291,394,98,527,366,703,477,691,572,147,590,66,94,183,603,8,567,471,749,258,720,324,64,628,359,476,31,585,519,557,353,323,224,683,723,724,163,501,207,342,619,516,141,551,449,652,325,111,69,171,705,12,218,187,573,568,208,589,14,60,160,738,696,249,331,148,730,684,105,214,746,131,43,223,279,176,106,631,57,317,327,642,532,245,282,731,26,391,458,670,140,480,446,130,622,736,685,200,362,37,431,335,718,591,95,104,54,600,463,664,138,571,487,621,404,604,747,205,418,285,379,228,461,113,537,548,580,506,552,213,543,369,614,357,173,341,267,748,47,118,167,83,414,347,462,528,432,710,415,711,482,28,666,307,175,343,116,701,82,679,88,739,193,726,498,136,429,502,612,290,233,525,351,112,457,169,165,53,408,92,368,443,451,715,119,44,3,587,626,340,152,159,305,254,486,638,377,515,280,428,129,73,410,263,447,157,35,189,667,716,633,97,727,360,472,387,186,734,336,29,294,456,321,292,345,524,10,349,547,156,273,629,109,221,450,729,338,640,1,198,284,714,401,497,675,143,398,65,237,295,257,288,311,289,177,444,71,686,632,51,0,231,227,735,142,440,687,286,556,441,737,555,625,636,154,236,210,79,553,332,469,243,563,699,605,695,630,648,562,246,68,411,301,599,484,406,48,496,520,581,644,380,426,133,300,59,277,565,439,146,608,488,561,114,304,202,674,741,454,473,722,151,505,329,87,616,262,702,721,32,2,470,184,596,164,302,658,434,545,371,397,662,409,597,448,576,145,330,678,350,586,125,24,101,601,181,275,75,508,204,403,303,25,89,653,579,399,659,623,546,238,582,144,407,269,127,393,382,475,663,55,108,132,400,507,620,370,594,593,149,172,170,493,45,535,102,610,657,732,220,319,203,442,681,575,624,39,23,713,425,646,690,655,268,673,542,733,115,386,694,489,61,402,271,384,199,174,134,355,356,661,190,438,247,514,50,592,474,255,196,668,124,260,698,697,137,293,700,672,352,337,437,297,479,194,252,649,314,339,46,494,550,226,122,709,522,261,564,225,309,232,11,358,647,99,256,86,512,264,117,405,396,306,389,278,459,634,298,222,153,375,530,617,266,536,390,598,574,478,215,81,16,381,346,669,392,367,421,30,503,500,93,745,276,248,103,641,665,299,27,385,259,677,17,100,643,688,211,420,554,84,251,296,274,374,639,490,395,376,383,20,195,121,529,566,52,544,436,651,584,510,717,209,253,107,19,182,70,344,191,313,315,588,188,348,483,615,22,265,560,7,4,531,185,523,287,168,637,318,56,139,38,689,120,583,692,76,577,491,33,308,413,363,708,485,650,91,541,18,326,90,110,179,40,328,654,569,680,558,606,595,333,533,693,96,521,725,239,74,283,481,135,513,13,155,430,511,201,538,539,706,526,216,192,126,423,412,419,270,34,682,495,21,559,645,656,465,540,235,422,468,518,212,250,578,77,15,310,618,123,36,492,740,635,611,676,435,128,388,63,744,281,41,549,509,364,316,627,162,719,609,613,58,9,197,150,166,62,180,570,334,42,707,504,671,517,660,607,602,445,743,244,178,499,312,206,433,78,416,460,728,217,464,322,230,373,161,427,534,455,372,49,219,361,67,417,320,6,241,424,158,229,452,742,5,72,704,
301,137.03885293006897,161755.09146690991,158305.83817710378,234,242,85,466,712,453,80,354,272,467,378,240,365,291,394,98,527,366,703,477,691,572,147,590,66,94,183,603,8,567,471,749,258,720,324,64,628,359,476,31,585,519,557,353,323,224,683,723,724,163,501,207,342,619,516,141,551,449,652,325,111,69,171,705,12,218,187,573,568,208,589,14,60,160,738,696,249,331,148,730,684,105,214,746,131,43,223,279,176,106,631,57,317,327,642,532,245,282,731,26,391,458,670,140,480,446,130,622,736,685,200,362,37,431,335,718,591,95,104,54,600,463,664,138,571,487,621,404,604,747,205,418,285,379,228,461,113,537,548,580,506,552,213,543,369,614,357,173,341,267,748,47,118,167,83,414,347,462,528,432,710,415,711,482,28,666,307,175,343,116,701,82,679,88,739,193,726,498,136,429,502,612,290,233,525,351,112,457,169,165,53,408,92,368,443,451,715,119,44,3,587,626,340,152,159,305,254,486,638,377,515,280,428,129,73,410,263,447,157,35,189,667,716,633,97,727,360,472,387,186,734,336,29,294,456,321,292,345,524,10,349,547,156,273,629,109,221,450,729,338,640,1,198,284,714,401,497,675,143,398,65,237,295,257,288,311,289,177,444,71,686,632,51,0,231,227,735,142,440,687,286,556,441,737,555,625,636,154,236,210,79,553,332,469,243,563,699,605,695,630,648,562,246,68,411,301,599,484,406,48,496,520,581,644,380,426,133,300,59,277,565,439,146,608,488,561,114,304,202,674,741,454,473,722,151,505,329,87,616,262,702,721,32,2,470,184,596,164,302,658,434,545,371,397,662,409,597,448,576,145,330,678,350,586,125,24,101,601,181,275,75,508,204,403,303,25,89,653,579,399,659,623,546,238,582,144,407,269,127,393,382,475,663,55,108,132,400,507,620,370,594,593,149,172,170,493,45,535,102,610,657,732,220,319,203,442,681,575,624,39,23,713,425,646,690,655,268,673,542,733,115,386,694,489,61,402,271,384,199,174,134,355,356,661,190,438,247,514,50,592,474,255,196,668,124,260,698,697,137,293,700,672,352,337,437,297,479,194,252,649,314,339,46,494,550,226,122,709,522,261,564,225,309,232,11,358,647,99,256,86,512,264,117,405,396,306,389,278,459,634,298,222,153,375,530,617,266,536,390,598,574,478,215,81,16,381,346,669,392,367,421,30,503,500,93,745,276,248,103,641,665,299,27,385,259,677,17,100,643,688,211,420,554,84,251,296,274,374,639,490,395,376,383,20,195,121,529,566,52,544,436,651,584,510,717,209,253,107,19,182,70,344,191,313,315,588,188,348,483,615,22,265,560,7,4,531,185,523,287,168,637,318,56,139,38,689,120,583,692,76,577,491,33,308,413,363,708,485,650,91,541,18,326,90,110,179,40,328,654,569,680,558,606,595,333,533,693,96,521,725,239,74,283,481,135,513,13,155,430,511,201,538,539,706,526,216,192,126,423,412,419,270,34,682,495,21,559,645,656,465,540,235,422,468,518,212,250,578,77,15,310,618,123,36,492,740,635,611,676,435,128,388,63,744,281,41,549,509,364,316,627,162,719,609,613,58,9,197,150,166,62,180,570,334,42,707,504,671,517,660,607,602,445,743,244,178,499,312,206,433,78,416,460,728,217,464,322,230,373,161,427,534,455,372,49,219,361,67,417,320,6,241,424,158,229,452,742,5,72,704,
302,137.49559879302979,161713.1345128083,158305.83817710378,234,242,85,466,712,453,80,354,272,467,378,240,365,291,394,98,527,366,703,477,691,572,147,590,66,94,183,603,8,567,471,749,258,720,324,64,628,359,476,31,585,519,557,353,323,224,683,723,724,163,501,207,342,619,516,141,551,449,652,325,111,69,171,705,12,218,187,573,568,208,589,14,60,160,738,696,249,331,148,730,684,105,214,746,131,43,223,279,176,106,631,57,317,327,642,532,245,282,731,26,391,458,670,140,480,446,130,622,736,685,200,362,37,431,335,718,591,95,104,54,600,463,664,138,571,487,621,404,604,747,205,418,285,379,228,461,113,537,548,580,506,552,213,543,369,614,357,173,341,267,748,47,118,167,83,414,347,462,528,432,710,415,711,482,28,666,307,175,343,116,701,82,679,88,739,193,726,498,136,429,502,612,290,233,525,351,112,457,169,165,53,408,92,368,443,451,715,119,44,3,587,626,340,152,159,305,254,486,638,377,515,280,428,129,73,410,263,447,157,35,189,667,716,633,97,727,360,472,387,186,734,336,29,294,456,321,292,345,524,10,349,547,156,273,629,109,221,450,729,338,640,1,198,284,714,401,497,675,143,398,65,237,295,257,288,311,289,177,444,71,686,632,51,0,231,227,735,142,440,687,286,556,441,737,555,625,636,154,236,210,79,553,332,469,243,563,699,605,695,630,648,562,246,68,411,301,599,484,406,48,496,520,581,644,380,426,133,300,59,277,565,439,146,608,488,561,114,304,202,674,741,454,473,722,151,505,329,87,616,262,702,721,32,2,470,184,596,164,302,658,434,545,371,397,662,409,597,448,576,145,330,678,350,586,125,24,101,601,181,275,75,508,204,403,303,25,89,653,579,399,659,623,546,238,582,144,407,269,127,393,382,475,663,55,108,132,400,507,620,370,594,593,149,172,170,493,45,535,102,610,657,732,220,319,203,442,681,575,624,39,23,713,425,646,690,655,268,673,542,733,115,386,694,489,61,402,271,384,199,174,134,355,356,661,190,438,247,514,50,592,474,255,196,668,124,260,698,697,137,293,700,672,352,337,437,297,479,194,252,649,314,339,46,494,550,226,122,709,522,261,564,225,309,232,11,358,647,99,256,86,512,264,117,405,396,306,389,278,459,634,298,222,153,375,530,617,266,536,390,598,574,478,215,81,16,381,346,669,392,367,421,30,503,500,93,745,276,248,103,641,665,299,27,385,259,677,17,100,643,688,211,420,554,84,251,296,274,374,639,490,395,376,383,20,195,121,529,566,52,544,436,651,584,510,717,209,253,107,19,182,70,344,191,313,315,588,188,348,483,615,22,265,560,7,4,531,185,523,287,168,637,318,56,139,38,689,120,583,692,76,577,491,33,308,413,363,708,485,650,91,541,18,326,90,110,179,40,328,654,569,680,558,606,595,333,533,693,96,521,725,239,74,283,481,135,513,13,155,430,511,201,538,539,706,526,216,192,126,423,412,419,270,34,682,495,21,559,645,656,465,540,235,422,468,518,212,250,578,77,15,310,618,123,36,492,740,635,611,676,435,128,388,63,744,281,41,549,509,364,316,627,162,719,609,613,58,9,197,150,166,62,180,570,334,42,707,504,671,517,660,607,602,445,743,244,178,499,312,206,433,78,416,460,728,217,464,322,230,373,161,427,534,455,372,49,219,361,67,417,320,6,241,424,158,229,452,742,5,72,704,
303,137.98945426940918,163879.04490882056,158305.83817710378,234,242,85,466,712,453,80,354,272,467,378,240,365,291,394,98,527,366,703,477,691,572,147,590,66,94,183,603,8,567,471,749,258,720,324,64,628,359,476,31,585,519,557,353,323,224,683,723,724,163,501,207,342,619,516,141,551,449,652,325,111,69,171,705,12,218,187,573,568,208,589,14,60,160,738,696,249,331,148,730,684,105,214,746,131,43,223,279,176,106,631,57,317,327,642,532,245,282,731,26,391,458,670,140,480,446,130,622,736,685,200,362,37,431,335,718,591,95,104,54,600,463,664,138,571,487,621,404,604,747,205,418,285,379,228,461,113,537,548,580,506,552,213,543,369,614,357,173,341,267,748,47,118,167,83,414,347,462,528,432,710,415,711,482,28,666,307,175,343,116,701,82,679,88,739,193,726,498,136,429,502,612,290,233,525,351,112,457,169,165,53,408,92,368,443,451,715,119,44,3,587,626,340,152,159,305,254,486,638,377,515,280,428,129,73,410,263,447,157,35,189,667,716,633,97,727,360,472,387,186,734,336,29,294,456,321,292,345,524,10,349,547,156,273,629,109,221,450,729,338,640,1,198,284,714,401,497,675,143,398,65,237,295,257,288,311,289,177,444,71,686,632,51,0,231,227,735,142,440,687,286,556,441,737,555,625,636,154,236,210,79,553,332,469,243,563,699,605,695,630,648,562,246,68,411,301,599,484,406,48,496,520,581,644,380,426,133,300,59,277,565,439,146,608,488,561,114,304,202,674,741,454,473,722,151,505,329,87,616,262,702,721,32,2,470,184,596,164,302,658,434,545,371,397,662,409,597,448,576,145,330,678,350,586,125,24,101,601,181,275,75,508,204,403,303,25,89,653,579,399,659,623,546,238,582,144,407,269,127,393,382,475,663,55,108,132,400,507,620,370,594,593,149,172,170,493,45,535,102,610,657,732,220,319,203,442,681,575,624,39,23,713,425,646,690,655,268,673,542,733,115,386,694,489,61,402,271,384,199,174,134,355,356,661,190,438,247,514,50,592,474,255,196,668,124,260,698,697,137,293,700,672,352,337,437,297,479,194,252,649,314,339,46,494,550,226,122,709,522,261,564,225,309,232,11,358,647,99,256,86,512,264,117,405,396,306,389,278,459,634,298,222,153,375,530,617,266,536,390,598,574,478,215,81,16,381,346,669,392,367,421,30,503,500,93,745,276,248,103,641,665,299,27,385,259,677,17,100,643,688,211,420,554,84,251,296,274,374,639,490,395,376,383,20,195,121,529,566,52,544,436,651,584,510,717,209,253,107,19,182,70,344,191,313,315,588,188,348,483,615,22,265,560,7,4,531,185,523,287,168,637,318,56,139,38,689,120,583,692,76,577,491,33,308,413,363,708,485,650,91,541,18,326,90,110,179,40,328,654,569,680,558,606,595,333,533,693,96,521,725,239,74,283,481,135,513,13,155,430,511,201,538,539,706,526,216,192,126,423,412,419,270,34,682,495,21,559,645,656,465,540,235,422,468,518,212,250,578,77,15,310,618,123,36,492,740,635,611,676,435,128,388,63,744,281,41,549,509,364,316,627,162,719,609,613,58,9,197,150,166,62,180,570,334,42,707,504,671,517,660,607,602,445,743,244,178,499,312,206,433,78,416,460,728,217,464,322,230,373,161,427,534,455,372,49,219,361,67,417,320,6,241,424,158,229,452,742,5,72,704,
304,138.46618676185608,161177.53600550175,158305.83817710378,234,242,85,466,712,453,80,354,272,467,378,240,365,291,394,98,527,366,703,477,691,572,147,590,66,94,183,603,8,567,471,749,258,720,324,64,628,359,476,31,585,519,557,353,323,224,683,723,724,163,501,207,342,619,516,141,551,449,652,325,111,69,171,705,12,218,187,573,568,208,589,14,60,160,738,696,249,331,148,730,684,105,214,746,131,43,223,279,176,106,631,57,317,327,642,532,245,282,731,26,391,458,670,140,480,446,130,622,736,685,200,362,37,431,335,718,591,95,104,54,600,463,664,138,571,487,621,404,604,747,205,418,285,379,228,461,113,537,548,580,506,552,213,543,369,614,357,173,341,267,748,47,118,167,83,414,347,462,528,432,710,415,711,482,28,666,307,175,343,116,701,82,679,88,739,193,726,498,136,429,502,612,290,233,525,351,112,457,169,165,53,408,92,368,443,451,715,119,44,3,587,626,340,152,159,305,254,486,638,377,515,280,428,129,73,410,263,447,157,35,189,667,716,633,97,727,360,472,387,186,734,336,29,294,456,321,292,345,524,10,349,547,156,273,629,109,221,450,729,338,640,1,198,284,714,401,497,675,143,398,65,237,295,257,288,311,289,177,444,71,686,632,51,0,231,227,735,142,440,687,286,556,441,737,555,625,636,154,236,210,79,553,332,469,243,563,699,605,695,630,648,562,246,68,411,301,599,484,406,48,496,520,581,644,380,426,133,300,59,277,565,439,146,608,488,561,114,304,202,674,741,454,473,722,151,505,329,87,616,262,702,721,32,2,470,184,596,164,302,658,434,545,371,397,662,409,597,448,576,145,330,678,350,586,125,24,101,601,181,275,75,508,204,403,303,25,89,653,579,399,659,623,546,238,582,144,407,269,127,393,382,475,663,55,108,132,400,507,620,370,594,593,149,172,170,493,45,535,102,610,657,732,220,319,203,442,681,575,624,39,23,713,425,646,690,655,268,673,542,733,115,386,694,489,61,402,271,384,199,174,134,355,356,661,190,438,247,514,50,592,474,255,196,668,124,260,698,697,137,293,700,672,352,337,437,297,479,194,252,649,314,339,46,494,550,226,122,709,522,261,564,225,309,232,11,358,647,99,256,86,512,264,117,405,396,306,389,278,459,634,298,222,153,375,530,617,266,536,390,598,574,478,215,81,16,381,346,669,392,367,421,30,503,500,93,745,276,248,103,641,665,299,27,385,259,677,17,100,643,688,211,420,554,84,251,296,274,374,639,490,395,376,383,20,195,121,529,566,52,544,436,651,584,510,717,209,253,107,19,182,70,344,191,313,315,588,188,348,483,615,22,265,560,7,4,531,185,523,287,168,637,318,56,139,38,689,120,583,692,76,577,491,33,308,413,363,708,485,650,91,541,18,326,90,110,179,40,328,654,569,680,558,606,595,333,533,693,96,521,725,239,74,283,481,135,513,13,155,430,511,201,538,539,706,526,216,192,126,423,412,419,270,34,682,495,21,559,645,656,465,540,235,422,468,518,212,250,578,77,15,310,618,123,36,492,740,635,611,676,435,128,388,63,744,281,41,549,509,364,316,627,162,719,609,613,58,9,197,150,166,62,180,570,334,42,707,504,671,517,660,607,602,445,743,244,178,499,312,206,433,78,416,460,728,217,464,322,230,373,161,427,534,455,372,49,219,361,67,417,320,6,241,424,158,229,452,742,5,72,704,
305,138.95280194282532,162608.69061273092,158305.83817710378,234,242,85,466,712,453,80,354,272,467,378,240,365,291,394,98,527,366,703,477,691,572,147,590,66,94,183,603,8,567,471,749,258,720,324,64,628,359,476,31,585,519,557,353,323,224,683,723,724,163,501,207,342,619,516,141,551,449,652,325,111,69,171,705,12,218,187,573,568,208,589,14,60,160,738,696,249,331,148,730,684,105,214,746,131,43,223,279,176,106,631,57,317,327,642,532,245,282,731,26,391,458,670,140,480,446,130,622,736,685,200,362,37,431,335,718,591,95,104,54,600,463,664,138,571,487,621,404,604,747,205,418,285,379,228,461,113,537,548,580,506,552,213,543,369,614,357,173,341,267,748,47,118,167,83,414,347,462,528,432,710,415,711,482,28,666,307,175,343,116,701,82,679,88,739,193,726,498,136,429,502,612,290,233,525,351,112,457,169,165,53,408,92,368,443,451,715,119,44,3,587,626,340,152,159,305,254,486,638,377,515,280,428,129,73,410,263,447,157,35,189,667,716,633,97,727,360,472,387,186,734,336,29,294,456,321,292,345,524,10,349,547,156,273,629,109,221,450,729,338,640,1,198,284,714,401,497,675,143,398,65,237,295,257,288,311,289,177,444,71,686,632,51,0,231,227,735,142,440,687,286,556,441,737,555,625,636,154,236,210,79,553,332,469,243,563,699,605,695,630,648,562,246,68,411,301,599,484,406,48,496,520,581,644,380,426,133,300,59,277,565,439,146,608,488,561,114,304,202,674,741,454,473,722,151,505,329,87,616,262,702,721,32,2,470,184,596,164,302,658,434,545,371,397,662,409,597,448,576,145,330,678,350,586,125,24,101,601,181,275,75,508,204,403,303,25,89,653,579,399,659,623,546,238,582,144,407,269,127,393,382,475,663,55,108,132,400,507,620,370,594,593,149,172,170,493,45,535,102,610,657,732,220,319,203,442,681,575,624,39,23,713,425,646,690,655,268,673,542,733,115,386,694,489,61,402,271,384,199,174,134,355,356,661,190,438,247,514,50,592,474,255,196,668,124,260,698,697,137,293,700,672,352,337,437,297,479,194,252,649,314,339,46,494,550,226,122,709,522,261,564,225,309,232,11,358,647,99,256,86,512,264,117,405,396,306,389,278,459,634,298,222,153,375,530,617,266,536,390,598,574,478,215,81,16,381,346,669,392,367,421,30,503,500,93,745,276,248,103,641,665,299,27,385,259,677,17,100,643,688,211,420,554,84,251,296,274,374,639,490,395,376,383,20,195,121,529,566,52,544,436,651,584,510,717,209,253,107,19,182,70,344,191,313,315,588,188,348,483,615,22,265,560,7,4,531,185,523,287,168,637,318,56,139,38,689,120,583,692,76,577,491,33,308,413,363,708,485,650,91,541,18,326,90,110,179,40,328,654,569,680,558,606,595,333,533,693,96,521,725,239,74,283,481,135,513,13,155,430,511,201,538,539,706,526,216,192,126,423,412,419,270,34,682,495,21,559,645,656,465,540,235,422,468,518,212,250,578,77,15,310,618,123,36,492,740,635,611,676,435,128,388,63,744,281,41,549,509,364,316,627,162,719,609,613,58,9,197,150,166,62,180,570,334,42,707,504,671,517,660,607,602,445,743,244,178,499,312,206,433,78,416,460,728,217,464,322,230,373,161,427,534,455,372,49,219,361,67,417,320,6,241,424,158,229,452,742,5,72,704,
306,139.43807744979858,161307.1731891351,158305.83817710378,234,242,85,466,712,453,80,354,272,467,378,240,365,291,394,98,527,366,703,477,691,572,147,590,66,94,183,603,8,567,471,749,258,720,324,64,628,359,476,31,585,519,557,353,323,224,683,723,724,163,501,207,342,619,516,141,551,449,652,325,111,69,171,705,12,218,187,573,568,208,589,14,60,160,738,696,249,331,148,730,684,105,214,746,131,43,223,279,176,106,631,57,317,327,642,532,245,282,731,26,391,458,670,140,480,446,130,622,736,685,200,362,37,431,335,718,591,95,104,54,600,463,664,138,571,487,621,404,604,747,205,418,285,379,228,461,113,537,548,580,506,552,213,543,369,614,357,173,341,267,748,47,118,167,83,414,347,462,528,432,710,415,711,482,28,666,307,175,343,116,701,82,679,88,739,193,726,498,136,429,502,612,290,233,525,351,112,457,169,165,53,408,92,368,443,451,715,119,44,3,587,626,340,152,159,305,254,486,638,377,515,280,428,129,73,410,263,447,157,35,189,667,716,633,97,727,360,472,387,186,734,336,29,294,456,321,292,345,524,10,349,547,156,273,629,109,221,450,729,338,640,1,198,284,714,401,497,675,143,398,65,237,295,257,288,311,289,177,444,71,686,632,51,0,231,227,735,142,440,687,286,556,441,737,555,625,636,154,236,210,79,553,332,469,243,563,699,605,695,630,648,562,246,68,411,301,599,484,406,48,496,520,581,644,380,426,133,300,59,277,565,439,146,608,488,561,114,304,202,674,741,454,473,722,151,505,329,87,616,262,702,721,32,2,470,184,596,164,302,658,434,545,371,397,662,409,597,448,576,145,330,678,350,586,125,24,101,601,181,275,75,508,204,403,303,25,89,653,579,399,659,623,546,238,582,144,407,269,127,393,382,475,663,55,108,132,400,507,620,370,594,593,149,172,170,493,45,535,102,610,657,732,220,319,203,442,681,575,624,39,23,713,425,646,690,655,268,673,542,733,115,386,694,489,61,402,271,384,199,174,134,355,356,661,190,438,247,514,50,592,474,255,196,668,124,260,698,697,137,293,700,672,352,337,437,297,479,194,252,649,314,339,46,494,550,226,122,709,522,261,564,225,309,232,11,358,647,99,256,86,512,264,117,405,396,306,389,278,459,634,298,222,153,375,530,617,266,536,390,598,574,478,215,81,16,381,346,669,392,367,421,30,503,500,93,745,276,248,103,641,665,299,27,385,259,677,17,100,643,688,211,420,554,84,251,296,274,374,639,490,395,376,383,20,195,121,529,566,52,544,436,651,584,510,717,209,253,107,19,182,70,344,191,313,315,588,188,348,483,615,22,265,560,7,4,531,185,523,287,168,637,318,56,139,38,689,120,583,692,76,577,491,33,308,413,363,708,485,650,91,541,18,326,90,110,179,40,328,654,569,680,558,606,595,333,533,693,96,521,725,239,74,283,481,135,513,13,155,430,511,201,538,539,706,526,216,192,126,423,412,419,270,34,682,495,21,559,645,656,465,540,235,422,468,518,212,250,578,77,15,310,618,123,36,492,740,635,611,676,435,128,388,63,744,281,41,549,509,364,316,627,162,719,609,613,58,9,197,150,166,62,180,570,334,42,707,504,671,517,660,607,602,445,743,244,178,499,312,206,433,78,416,460,728,217,464,322,230,373,161,427,534,455,372,49,219,361,67,417,320,6,241,424,158,229,452,742,5,72,704,
307,139.94939613342285,161024.38507255464,158305.83817710378,234,242,85,466,712,453,80,354,272,467,378,240,365,291,394,98,527,366,703,477,691,572,147,590,66,94,183,603,8,567,471,749,258,720,324,64,628,359,476,31,585,519,557,353,323,224,683,723,724,163,501,207,342,619,516,141,551,449,652,325,111,69,171,705,12,218,187,573,568,208,589,14,60,160,738,696,249,331,148,730,684,105,214,746,131,43,223,279,176,106,631,57,317,327,642,532,245,282,731,26,391,458,670,140,480,446,130,622,736,685,200,362,37,431,335,718,591,95,104,54,600,463,664,138,571,487,621,404,604,747,205,418,285,379,228,461,113,537,548,580,506,552,213,543,369,614,357,173,341,267,748,47,118,167,83,414,347,462,528,432,710,415,711,482,28,666,307,175,343,116,701,82,679,88,739,193,726,498,136,429,502,612,290,233,525,351,112,457,169,165,53,408,92,368,443,451,715,119,44,3,587,626,340,152,159,305,254,486,638,377,515,280,428,129,73,410,263,447,157,35,189,667,716,633,97,727,360,472,387,186,734,336,29,294,456,321,292,345,524,10,349,547,156,273,629,109,221,450,729,338,640,1,198,284,714,401,497,675,143,398,65,237,295,257,288,311,289,177,444,71,686,632,51,0,231,227,735,142,440,687,286,556,441,737,555,625,636,154,236,210,79,553,332,469,243,563,699,605,695,630,648,562,246,68,411,301,599,484,406,48,496,520,581,644,380,426,133,300,59,277,565,439,146,608,488,561,114,304,202,674,741,454,473,722,151,505,329,87,616,262,702,721,32,2,470,184,596,164,302,658,434,545,371,397,662,409,597,448,576,145,330,678,350,586,125,24,101,601,181,275,75,508,204,403,303,25,89,653,579,399,659,623,546,238,582,144,407,269,127,393,382,475,663,55,108,132,400,507,620,370,594,593,149,172,170,493,45,535,102,610,657,732,220,319,203,442,681,575,624,39,23,713,425,646,690,655,268,673,542,733,115,386,694,489,61,402,271,384,199,174,134,355,356,661,190,438,247,514,50,592,474,255,196,668,124,260,698,697,137,293,700,672,352,337,437,297,479,194,252,649,314,339,46,494,550,226,122,709,522,261,564,225,309,232,11,358,647,99,256,86,512,264,117,405,396,306,389,278,459,634,298,222,153,375,530,617,266,536,390,598,574,478,215,81,16,381,346,669,392,367,421,30,503,500,93,745,276,248,103,641,665,299,27,385,259,677,17,100,643,688,211,420,554,84,251,296,274,374,639,490,395,376,383,20,195,121,529,566,52,544,436,651,584,510,717,209,253,107,19,182,70,344,191,313,315,588,188,348,483,615,22,265,560,7,4,531,185,523,287,168,637,318,56,139,38,689,120,583,692,76,577,491,33,308,413,363,708,485,650,91,541,18,326,90,110,179,40,328,654,569,680,558,606,595,333,533,693,96,521,725,239,74,283,481,135,513,13,155,430,511,201,538,539,706,526,216,192,126,423,412,419,270,34,682,495,21,559,645,656,465,540,235,422,468,518,212,250,578,77,15,310,618,123,36,492,740,635,611,676,435,128,388,63,744,281,41,549,509,364,316,627,162,719,609,613,58,9,197,150,166,62,180,570,334,42,707,504,671,517,660,607,602,445,743,244,178,499,312,206,433,78,416,460,728,217,464,322,230,373,161,427,534,455,372,49,219,361,67,417,320,6,241,424,158,229,452,742,5,72,704,
308,140.43418073654175,160089.47932964595,158305.83817710378,234,242,85,466,712,453,80,354,272,467,378,240,365,291,394,98,527,366,703,477,691,572,147,590,66,94,183,603,8,567,471,749,258,720,324,64,628,359,476,31,585,519,557,353,323,224,683,723,724,163,501,207,342,619,516,141,551,449,652,325,111,69,171,705,12,218,187,573,568,208,589,14,60,160,738,696,249,331,148,730,684,105,214,746,131,43,223,279,176,106,631,57,317,327,642,532,245,282,731,26,391,458,670,140,480,446,130,622,736,685,200,362,37,431,335,718,591,95,104,54,600,463,664,138,571,487,621,404,604,747,205,418,285,379,228,461,113,537,548,580,506,552,213,543,369,614,357,173,341,267,748,47,118,167,83,414,347,462,528,432,710,415,711,482,28,666,307,175,343,116,701,82,679,88,739,193,726,498,136,429,502,612,290,233,525,351,112,457,169,165,53,408,92,368,443,451,715,119,44,3,587,626,340,152,159,305,254,486,638,377,515,280,428,129,73,410,263,447,157,35,189,667,716,633,97,727,360,472,387,186,734,336,29,294,456,321,292,345,524,10,349,547,156,273,629,109,221,450,729,338,640,1,198,284,714,401,497,675,143,398,65,237,295,257,288,311,289,177,444,71,686,632,51,0,231,227,735,142,440,687,286,556,441,737,555,625,636,154,236,210,79,553,332,469,243,563,699,605,695,630,648,562,246,68,411,301,599,484,406,48,496,520,581,644,380,426,133,300,59,277,565,439,146,608,488,561,114,304,202,674,741,454,473,722,151,505,329,87,616,262,702,721,32,2,470,184,596,164,302,658,434,545,371,397,662,409,597,448,576,145,330,678,350,586,125,24,101,601,181,275,75,508,204,403,303,25,89,653,579,399,659,623,546,238,582,144,407,269,127,393,382,475,663,55,108,132,400,507,620,370,594,593,149,172,170,493,45,535,102,610,657,732,220,319,203,442,681,575,624,39,23,713,425,646,690,655,268,673,542,733,115,386,694,489,61,402,271,384,199,174,134,355,356,661,190,438,247,514,50,592,474,255,196,668,124,260,698,697,137,293,700,672,352,337,437,297,479,194,252,649,314,339,46,494,550,226,122,709,522,261,564,225,309,232,11,358,647,99,256,86,512,264,117,405,396,306,389,278,459,634,298,222,153,375,530,617,266,536,390,598,574,478,215,81,16,381,346,669,392,367,421,30,503,500,93,745,276,248,103,641,665,299,27,385,259,677,17,100,643,688,211,420,554,84,251,296,274,374,639,490,395,376,383,20,195,121,529,566,52,544,436,651,584,510,717,209,253,107,19,182,70,344,191,313,315,588,188,348,483,615,22,265,560,7,4,531,185,523,287,168,637,318,56,139,38,689,120,583,692,76,577,491,33,308,413,363,708,485,650,91,541,18,326,90,110,179,40,328,654,569,680,558,606,595,333,533,693,96,521,725,239,74,283,481,135,513,13,155,430,511,201,538,539,706,526,216,192,126,423,412,419,270,34,682,495,21,559,645,656,465,540,235,422,468,518,212,250,578,77,15,310,618,123,36,492,740,635,611,676,435,128,388,63,744,281,41,549,509,364,316,627,162,719,609,613,58,9,197,150,166,62,180,570,334,42,707,504,671,517,660,607,602,445,743,244,178,499,312,206,433,78,416,460,728,217,464,322,230,373,161,427,534,455,372,49,219,361,67,417,320,6,241,424,158,229,452,742,5,72,704,
309,140.93924641609192,160916.31822387446,158305.83817710378,234,242,85,466,712,453,80,354,272,467,378,240,365,291,394,98,527,366,703,477,691,572,147,590,66,94,183,603,8,567,471,749,258,720,324,64,628,359,476,31,585,519,557,353,323,224,683,723,724,163,501,207,342,619,516,141,551,449,652,325,111,69,171,705,12,218,187,573,568,208,589,14,60,160,738,696,249,331,148,730,684,105,214,746,131,43,223,279,176,106,631,57,317,327,642,532,245,282,731,26,391,458,670,140,480,446,130,622,736,685,200,362,37,431,335,718,591,95,104,54,600,463,664,138,571,487,621,404,604,747,205,418,285,379,228,461,113,537,548,580,506,552,213,543,369,614,357,173,341,267,748,47,118,167,83,414,347,462,528,432,710,415,711,482,28,666,307,175,343,116,701,82,679,88,739,193,726,498,136,429,502,612,290,233,525,351,112,457,169,165,53,408,92,368,443,451,715,119,44,3,587,626,340,152,159,305,254,486,638,377,515,280,428,129,73,410,263,447,157,35,189,667,716,633,97,727,360,472,387,186,734,336,29,294,456,321,292,345,524,10,349,547,156,273,629,109,221,450,729,338,640,1,198,284,714,401,497,675,143,398,65,237,295,257,288,311,289,177,444,71,686,632,51,0,231,227,735,142,440,687,286,556,441,737,555,625,636,154,236,210,79,553,332,469,243,563,699,605,695,630,648,562,246,68,411,301,599,484,406,48,496,520,581,644,380,426,133,300,59,277,565,439,146,608,488,561,114,304,202,674,741,454,473,722,151,505,329,87,616,262,702,721,32,2,470,184,596,164,302,658,434,545,371,397,662,409,597,448,576,145,330,678,350,586,125,24,101,601,181,275,75,508,204,403,303,25,89,653,579,399,659,623,546,238,582,144,407,269,127,393,382,475,663,55,108,132,400,507,620,370,594,593,149,172,170,493,45,535,102,610,657,732,220,319,203,442,681,575,624,39,23,713,425,646,690,655,268,673,542,733,115,386,694,489,61,402,271,384,199,174,134,355,356,661,190,438,247,514,50,592,474,255,196,668,124,260,698,697,137,293,700,672,352,337,437,297,479,194,252,649,314,339,46,494,550,226,122,709,522,261,564,225,309,232,11,358,647,99,256,86,512,264,117,405,396,306,389,278,459,634,298,222,153,375,530,617,266,536,390,598,574,478,215,81,16,381,346,669,392,367,421,30,503,500,93,745,276,248,103,641,665,299,27,385,259,677,17,100,643,688,211,420,554,84,251,296,274,374,639,490,395,376,383,20,195,121,529,566,52,544,436,651,584,510,717,209,253,107,19,182,70,344,191,313,315,588,188,348,483,615,22,265,560,7,4,531,185,523,287,168,637,318,56,139,38,689,120,583,692,76,577,491,33,308,413,363,708,485,650,91,541,18,326,90,110,179,40,328,654,569,680,558,606,595,333,533,693,96,521,725,239,74,283,481,135,513,13,155,430,511,201,538,539,706,526,216,192,126,423,412,419,270,34,682,495,21,559,645,656,465,540,235,422,468,518,212,250,578,77,15,310,618,123,36,492,740,635,611,676,435,128,388,63,744,281,41,549,509,364,316,627,162,719,609,613,58,9,197,150,166,62,180,570,334,42,707,504,671,517,660,607,602,445,743,244,178,499,312,206,433,78,416,460,728,217,464,322,230,373,161,427,534,455,372,49,219,361,67,417,320,6,241,424,158,229,452,742,5,72,704,
310,141.39664769172668,inf,158305.83817710378,234,242,85,466,712,453,80,354,272,467,378,240,365,291,394,98,527,366,703,477,691,572,147,590,66,94,183,603,8,567,471,749,258,720,324,64,628,359,476,31,585,519,557,353,323,224,683,723,724,163,501,207,342,619,516,141,551,449,652,325,111,69,171,705,12,218,187,573,568,208,589,14,60,160,738,696,249,331,148,730,684,105,214,746,131,43,223,279,176,106,631,57,317,327,642,532,245,282,731,26,391,458,670,140,480,446,130,622,736,685,200,362,37,431,335,718,591,95,104,54,600,463,664,138,571,487,621,404,604,747,205,418,285,379,228,461,113,537,548,580,506,552,213,543,369,614,357,173,341,267,748,47,118,167,83,414,347,462,528,432,710,415,711,482,28,666,307,175,343,116,701,82,679,88,739,193,726,498,136,429,502,612,290,233,525,351,112,457,169,165,53,408,92,368,443,451,715,119,44,3,587,626,340,152,159,305,254,486,638,377,515,280,428,129,73,410,263,447,157,35,189,667,716,633,97,727,360,472,387,186,734,336,29,294,456,321,292,345,524,10,349,547,156,273,629,109,221,450,729,338,640,1,198,284,714,401,497,675,143,398,65,237,295,257,288,311,289,177,444,71,686,632,51,0,231,227,735,142,440,687,286,556,441,737,555,625,636,154,236,210,79,553,332,469,243,563,699,605,695,630,648,562,246,68,411,301,599,484,406,48,496,520,581,644,380,426,133,300,59,277,565,439,146,608,488,561,114,304,202,674,741,454,473,722,151,505,329,87,616,262,702,721,32,2,470,184,596,164,302,658,434,545,371,397,662,409,597,448,576,145,330,678,350,586,125,24,101,601,181,275,75,508,204,403,303,25,89,653,579,399,659,623,546,238,582,144,407,269,127,393,382,475,663,55,108,132,400,507,620,370,594,593,149,172,170,493,45,535,102,610,657,732,220,319,203,442,681,575,624,39,23,713,425,646,690,655,268,673,542,733,115,386,694,489,61,402,271,384,199,174,134,355,356,661,190,438,247,514,50,592,474,255,196,668,124,260,698,697,137,293,700,672,352,337,437,297,479,194,252,649,314,339,46,494,550,226,122,709,522,261,564,225,309,232,11,358,647,99,256,86,512,264,117,405,396,306,389,278,459,634,298,222,153,375,530,617,266,536,390,598,574,478,215,81,16,381,346,669,392,367,421,30,503,500,93,745,276,248,103,641,665,299,27,385,259,677,17,100,643,688,211,420,554,84,251,296,274,374,639,490,395,376,383,20,195,121,529,566,52,544,436,651,584,510,717,209,253,107,19,182,70,344,191,313,315,588,188,348,483,615,22,265,560,7,4,531,185,523,287,168,637,318,56,139,38,689,120,583,692,76,577,491,33,308,413,363,708,485,650,91,541,18,326,90,110,179,40,328,654,569,680,558,606,595,333,533,693,96,521,725,239,74,283,481,135,513,13,155,430,511,201,538,539,706,526,216,192,126,423,412,419,270,34,682,495,21,559,645,656,465,540,235,422,468,518,212,250,578,77,15,310,618,123,36,492,740,635,611,676,435,128,388,63,744,281,41,549,509,364,316,627,162,719,609,613,58,9,197,150,166,62,180,570,334,42,707,504,671,517,660,607,602,445,743,244,178,499,312,206,433,78,416,460,728,217,464,322,230,373,161,427,534,455,372,49,219,361,67,417,320,6,241,424,158,229,452,742,5,72,704,
311,141.89835906028748,163088.08907564965,158305.83817710378,234,242,85,466,712,453,80,354,272,467,378,240,365,291,394,98,527,366,703,477,691,572,147,590,66,94,183,603,8,567,471,749,258,720,324,64,628,359,476,31,585,519,557,353,323,224,683,723,724,163,501,207,342,619,516,141,551,449,652,325,111,69,171,705,12,218,187,573,568,208,589,14,60,160,738,696,249,331,148,730,684,105,214,746,131,43,223,279,176,106,631,57,317,327,642,532,245,282,731,26,391,458,670,140,480,446,130,622,736,685,200,362,37,431,335,718,591,95,104,54,600,463,664,138,571,487,621,404,604,747,205,418,285,379,228,461,113,537,548,580,506,552,213,543,369,614,357,173,341,267,748,47,118,167,83,414,347,462,528,432,710,415,711,482,28,666,307,175,343,116,701,82,679,88,739,193,726,498,136,429,502,612,290,233,525,351,112,457,169,165,53,408,92,368,443,451,715,119,44,3,587,626,340,152,159,305,254,486,638,377,515,280,428,129,73,410,263,447,157,35,189,667,716,633,97,727,360,472,387,186,734,336,29,294,456,321,292,345,524,10,349,547,156,273,629,109,221,450,729,338,640,1,198,284,714,401,497,675,143,398,65,237,295,257,288,311,289,177,444,71,686,632,51,0,231,227,735,142,440,687,286,556,441,737,555,625,636,154,236,210,79,553,332,469,243,563,699,605,695,630,648,562,246,68,411,301,599,484,406,48,496,520,581,644,380,426,133,300,59,277,565,439,146,608,488,561,114,304,202,674,741,454,473,722,151,505,329,87,616,262,702,721,32,2,470,184,596,164,302,658,434,545,371,397,662,409,597,448,576,145,330,678,350,586,125,24,101,601,181,275,75,508,204,403,303,25,89,653,579,399,659,623,546,238,582,144,407,269,127,393,382,475,663,55,108,132,400,507,620,370,594,593,149,172,170,493,45,535,102,610,657,732,220,319,203,442,681,575,624,39,23,713,425,646,690,655,268,673,542,733,115,386,694,489,61,402,271,384,199,174,134,355,356,661,190,438,247,514,50,592,474,255,196,668,124,260,698,697,137,293,700,672,352,337,437,297,479,194,252,649,314,339,46,494,550,226,122,709,522,261,564,225,309,232,11,358,647,99,256,86,512,264,117,405,396,306,389,278,459,634,298,222,153,375,530,617,266,536,390,598,574,478,215,81,16,381,346,669,392,367,421,30,503,500,93,745,276,248,103,641,665,299,27,385,259,677,17,100,643,688,211,420,554,84,251,296,274,374,639,490,395,376,383,20,195,121,529,566,52,544,436,651,584,510,717,209,253,107,19,182,70,344,191,313,315,588,188,348,483,615,22,265,560,7,4,531,185,523,287,168,637,318,56,139,38,689,120,583,692,76,577,491,33,308,413,363,708,485,650,91,541,18,326,90,110,179,40,328,654,569,680,558,606,595,333,533,693,96,521,725,239,74,283,481,135,513,13,155,430,511,201,538,539,706,526,216,192,126,423,412,419,270,34,682,495,21,559,645,656,465,540,235,422,468,518,212,250,578,77,15,310,618,123,36,492,740,635,611,676,435,128,388,63,744,281,41,549,509,364,316,627,162,719,609,613,58,9,197,150,166,62,180,570,334,42,707,504,671,517,660,607,602,445,743,244,178,499,312,206,433,78,416,460,728,217,464,322,230,373,161,427,534,455,372,49,219,361,67,417,320,6,241,424,158,229,452,742,5,72,704,
312,142.3820641040802,161703.35883468014,158305.83817710378,234,242,85,466,712,453,80,354,272,467,378,240,365,291,394,98,527,366,703,477,691,572,147,590,66,94,183,603,8,567,471,749,258,720,324,64,628,359,476,31,585,519,557,353,323,224,683,723,724,163,501,207,342,619,516,141,551,449,652,325,111,69,171,705,12,218,187,573,568,208,589,14,60,160,738,696,249,331,148,730,684,105,214,746,131,43,223,279,176,106,631,57,317,327,642,532,245,282,731,26,391,458,670,140,480,446,130,622,736,685,200,362,37,431,335,718,591,95,104,54,600,463,664,138,571,487,621,404,604,747,205,418,285,379,228,461,113,537,548,580,506,552,213,543,369,614,357,173,341,267,748,47,118,167,83,414,347,462,528,432,710,415,711,482,28,666,307,175,343,116,701,82,679,88,739,193,726,498,136,429,502,612,290,233,525,351,112,457,169,165,53,408,92,368,443,451,715,119,44,3,587,626,340,152,159,305,254,486,638,377,515,280,428,129,73,410,263,447,157,35,189,667,716,633,97,727,360,472,387,186,734,336,29,294,456,321,292,345,524,10,349,547,156,273,629,109,221,450,729,338,640,1,198,284,714,401,497,675,143,398,65,237,295,257,288,311,289,177,444,71,686,632,51,0,231,227,735,142,440,687,286,556,441,737,555,625,636,154,236,210,79,553,332,469,243,563,699,605,695,630,648,562,246,68,411,301,599,484,406,48,496,520,581,644,380,426,133,300,59,277,565,439,146,608,488,561,114,304,202,674,741,454,473,722,151,505,329,87,616,262,702,721,32,2,470,184,596,164,302,658,434,545,371,397,662,409,597,448,576,145,330,678,350,586,125,24,101,601,181,275,75,508,204,403,303,25,89,653,579,399,659,623,546,238,582,144,407,269,127,393,382,475,663,55,108,132,400,507,620,370,594,593,149,172,170,493,45,535,102,610,657,732,220,319,203,442,681,575,624,39,23,713,425,646,690,655,268,673,542,733,115,386,694,489,61,402,271,384,199,174,134,355,356,661,190,438,247,514,50,592,474,255,196,668,124,260,698,697,137,293,700,672,352,337,437,297,479,194,252,649,314,339,46,494,550,226,122,709,522,261,564,225,309,232,11,358,647,99,256,86,512,264,117,405,396,306,389,278,459,634,298,222,153,375,530,617,266,536,390,598,574,478,215,81,16,381,346,669,392,367,421,30,503,500,93,745,276,248,103,641,665,299,27,385,259,677,17,100,643,688,211,420,554,84,251,296,274,374,639,490,395,376,383,20,195,121,529,566,52,544,436,651,584,510,717,209,253,107,19,182,70,344,191,313,315,588,188,348,483,615,22,265,560,7,4,531,185,523,287,168,637,318,56,139,38,689,120,583,692,76,577,491,33,308,413,363,708,485,650,91,541,18,326,90,110,179,40,328,654,569,680,558,606,595,333,533,693,96,521,725,239,74,283,481,135,513,13,155,430,511,201,538,539,706,526,216,192,126,423,412,419,270,34,682,495,21,559,645,656,465,540,235,422,468,518,212,250,578,77,15,310,618,123,36,492,740,635,611,676,435,128,388,63,744,281,41,549,509,364,316,627,162,719,609,613,58,9,197,150,166,62,180,570,334,42,707,504,671,517,660,607,602,445,743,244,178,499,312,206,433,78,416,460,728,217,464,322,230,373,161,427,534,455,372,49,219,361,67,417,320,6,241,424,158,229,452,742,5,72,704,
313,142.8753855228424,161630.02678146976,158194.01180846573,78,416,460,728,217,464,322,230,373,161,427,534,455,372,49,219,361,67,417,320,6,241,424,158,229,452,742,5,72,704,234,242,85,466,712,453,80,354,272,467,378,240,365,291,394,98,527,366,703,477,691,572,147,590,66,94,183,603,8,567,471,749,258,720,324,64,628,359,476,31,585,519,557,353,323,224,683,723,724,163,501,207,342,619,516,141,551,449,652,325,111,69,171,12,218,187,568,573,705,502,612,290,233,525,457,351,112,279,176,106,631,57,317,327,642,532,245,282,731,26,391,458,670,140,480,446,130,622,736,685,200,362,37,431,335,718,591,95,104,54,600,463,664,138,571,487,621,404,604,747,205,418,285,379,228,461,113,537,548,580,506,552,213,543,369,614,357,173,341,267,748,47,118,167,83,414,347,462,528,432,710,415,711,482,28,666,307,175,343,116,701,82,679,88,739,193,726,498,136,429,208,589,14,60,160,738,696,249,331,148,730,684,105,214,746,131,43,223,169,165,53,408,92,368,443,451,715,119,44,3,587,626,340,152,159,305,254,486,638,377,515,280,428,129,73,410,263,447,157,35,189,667,716,633,97,727,360,472,387,186,734,336,29,294,456,321,292,345,524,10,349,547,156,273,629,109,221,450,729,338,640,1,198,284,714,401,497,675,143,398,65,237,295,257,288,311,289,177,444,71,686,632,51,0,231,227,735,142,440,687,286,556,441,737,555,625,636,154,236,210,79,553,332,469,243,563,699,605,695,630,648,562,246,68,411,301,599,484,406,48,496,520,581,644,380,426,133,300,59,277,565,439,146,608,488,561,114,304,202,674,741,454,473,722,151,505,329,87,616,262,702,721,32,2,470,184,596,164,302,658,434,545,371,397,662,409,597,448,576,145,330,678,350,586,125,24,101,601,181,275,75,508,204,403,303,25,89,653,579,399,659,623,546,238,582,144,407,269,127,393,382,475,663,55,108,132,400,507,620,370,594,593,149,172,170,493,45,535,102,610,657,732,220,319,203,442,681,575,624,39,23,713,425,646,690,655,268,673,542,733,115,386,694,489,61,402,271,384,199,174,134,355,356,661,190,438,247,514,50,592,474,255,196,668,124,260,698,697,137,293,700,672,352,337,437,297,479,194,252,649,314,339,46,494,550,226,122,709,522,261,564,225,309,232,11,358,647,99,256,86,512,264,117,405,396,306,389,278,459,634,298,222,153,375,530,617,266,536,390,598,574,478,215,81,16,381,346,669,392,367,421,30,503,500,93,745,276,248,103,641,665,299,27,385,259,677,17,100,643,688,211,420,554,84,251,296,274,374,639,490,395,376,383,20,195,121,529,566,52,544,436,651,584,510,717,209,253,107,19,182,70,344,191,313,315,588,188,348,483,615,22,265,560,7,4,531,185,523,287,168,637,318,56,139,38,689,120,583,692,76,577,491,33,308,413,363,708,485,650,91,541,18,326,90,110,179,40,328,654,569,680,558,606,595,333,533,693,96,521,725,239,74,283,481,135,513,13,155,430,511,201,538,539,706,526,216,192,126,423,412,419,270,34,682,495,21,559,645,656,465,540,235,422,468,518,212,250,578,77,15,310,618,123,36,492,740,635,611,676,435,128,388,63,744,281,41,549,509,364,316,627,162,719,609,613,58,9,197,150,166,62,180,570,334,42,707,504,671,517,660,607,602,445,743,244,178,499,312,206,433,
314,143.3220944404602,161391.48835748146,158119.98513162625,78,416,460,728,217,464,322,230,373,161,427,534,455,372,49,219,361,67,417,320,6,241,424,158,229,452,742,5,72,704,234,242,85,466,712,453,80,354,272,467,378,240,365,291,394,98,527,366,703,477,691,572,147,590,66,94,183,603,8,567,471,749,258,720,324,64,628,359,476,31,585,519,557,353,323,224,683,723,724,163,501,207,342,619,516,141,551,449,652,325,111,69,171,12,218,187,705,568,573,502,612,290,233,525,457,351,112,279,176,106,631,57,317,327,642,532,245,282,731,26,391,458,670,140,480,446,130,622,736,685,200,362,37,431,335,718,591,95,104,54,600,463,664,138,571,487,621,404,604,747,205,418,285,379,228,461,113,537,548,580,506,552,213,543,369,614,357,173,341,267,748,47,118,167,83,414,347,462,528,432,710,415,711,482,28,666,307,175,343,116,701,82,679,88,739,193,726,498,136,429,208,589,14,60,160,738,696,249,331,148,730,684,105,214,746,131,43,223,169,165,53,408,92,368,443,451,715,119,44,3,587,626,340,152,159,305,254,486,638,377,515,280,428,129,73,410,263,447,157,35,189,667,716,633,97,727,360,472,387,186,734,336,29,294,456,321,292,345,524,10,349,547,156,273,629,109,221,450,729,338,640,1,198,284,714,401,497,675,143,398,65,237,295,257,288,311,289,177,444,71,686,632,51,0,231,227,735,142,440,687,286,556,441,737,555,625,636,154,236,210,79,553,332,469,243,563,699,605,695,630,648,562,246,68,411,301,599,484,406,48,496,520,581,644,380,426,133,300,59,277,565,439,146,608,488,561,114,304,202,674,741,454,473,722,151,505,329,87,616,262,702,721,32,2,470,184,596,164,302,658,434,545,371,397,662,409,597,448,576,145,330,678,350,586,125,24,101,601,181,275,75,508,204,403,303,25,89,653,579,399,659,623,546,238,582,144,407,269,127,393,382,475,663,55,108,132,400,507,620,370,594,593,149,172,170,493,45,535,102,610,657,732,220,319,203,442,681,575,624,39,23,713,425,646,690,655,268,673,542,733,115,386,694,489,61,402,271,384,199,174,134,355,356,661,190,438,247,514,50,592,474,255,196,668,124,260,698,697,137,293,700,672,352,337,437,297,479,194,252,649,314,339,46,494,550,226,122,709,522,261,564,225,309,232,11,358,647,99,256,86,512,264,117,405,396,306,389,278,459,634,298,222,153,375,530,617,266,536,390,598,574,478,215,81,16,381,346,669,392,367,421,30,503,500,93,745,276,248,103,641,665,299,27,385,259,677,17,100,643,688,211,420,554,84,251,296,274,374,639,490,395,376,383,20,195,121,529,566,52,544,436,651,584,510,717,209,253,107,19,182,70,344,191,313,315,588,188,348,483,615,22,265,560,7,4,531,185,523,287,168,637,318,56,139,38,689,120,583,692,76,577,491,33,308,413,363,708,485,650,91,541,18,326,90,110,179,40,328,654,569,680,558,606,595,333,533,693,96,521,725,239,74,283,481,135,513,13,155,430,511,201,538,539,706,526,216,192,126,423,412,419,270,34,682,495,21,559,645,656,465,540,235,422,468,518,212,250,578,77,15,310,618,123,36,492,740,635,611,676,435,128,388,63,744,281,41,549,509,364,316,627,162,719,609,613,58,9,197,150,166,62,180,570,334,42,707,504,671,517,660,607,602,445,743,244,178,499,312,206,433,
315,143.74008965492249,160691.5552347522,158119.98513162625,78,416,460,728,217,464,322,230,373,161,427,534,455,372,49,219,361,67,417,320,6,241,424,158,229,452,742,5,72,704,234,242,85,466,712,453,80,354,272,467,378,240,365,291,394,98,527,366,703,477,691,572,147,590,66,94,183,603,8,567,471,749,258,720,324,64,628,359,476,31,585,519,557,353,323,224,683,723,724,163,501,207,342,619,516,141,551,449,652,325,111,69,171,12,218,187,705,568,573,502,612,290,233,525,457,351,112,279,176,106,631,57,317,327,642,532,245,282,731,26,391,458,670,140,480,446,130,622,736,685,200,362,37,431,335,718,591,95,104,54,600,463,664,138,571,487,621,404,604,747,205,418,285,379,228,461,113,537,548,580,506,552,213,543,369,614,357,173,341,267,748,47,118,167,83,414,347,462,528,432,710,415,711,482,28,666,307,175,343,116,701,82,679,88,739,193,726,498,136,429,208,589,14,60,160,738,696,249,331,148,730,684,105,214,746,131,43,223,169,165,53,408,92,368,443,451,715,119,44,3,587,626,340,152,159,305,254,486,638,377,515,280,428,129,73,410,263,447,157,35,189,667,716,633,97,727,360,472,387,186,734,336,29,294,456,321,292,345,524,10,349,547,156,273,629,109,221,450,729,338,640,1,198,284,714,401,497,675,143,398,65,237,295,257,288,311,289,177,444,71,686,632,51,0,231,227,735,142,440,687,286,556,441,737,555,625,636,154,236,210,79,553,332,469,243,563,699,605,695,630,648,562,246,68,411,301,599,484,406,48,496,520,581,644,380,426,133,300,59,277,565,439,146,608,488,561,114,304,202,674,741,454,473,722,151,505,329,87,616,262,702,721,32,2,470,184,596,164,302,658,434,545,371,397,662,409,597,448,576,145,330,678,350,586,125,24,101,601,181,275,75,508,204,403,303,25,89,653,579,399,659,623,546,238,582,144,407,269,127,393,382,475,663,55,108,132,400,507,620,370,594,593,149,172,170,493,45,535,102,610,657,732,220,319,203,442,681,575,624,39,23,713,425,646,690,655,268,673,542,733,115,386,694,489,61,402,271,384,199,174,134,355,356,661,190,438,247,514,50,592,474,255,196,668,124,260,698,697,137,293,700,672,352,337,437,297,479,194,252,649,314,339,46,494,550,226,122,709,522,261,564,225,309,232,11,358,647,99,256,86,512,264,117,405,396,306,389,278,459,634,298,222,153,375,530,617,266,536,390,598,574,478,215,81,16,381,346,669,392,367,421,30,503,500,93,745,276,248,103,641,665,299,27,385,259,677,17,100,643,688,211,420,554,84,251,296,274,374,639,490,395,376,383,20,195,121,529,566,52,544,436,651,584,510,717,209,253,107,19,182,70,344,191,313,315,588,188,348,483,615,22,265,560,7,4,531,185,523,287,168,637,318,56,139,38,689,120,583,692,76,577,491,33,308,413,363,708,485,650,91,541,18,326,90,110,179,40,328,654,569,680,558,606,595,333,533,693,96,521,725,239,74,283,481,135,513,13,155,430,511,201,538,539,706,526,216,192,126,423,412,419,270,34,682,495,21,559,645,656,465,540,235,422,468,518,212,250,578,77,15,310,618,123,36,492,740,635,611,676,435,128,388,63,744,281,41,549,509,364,316,627,162,719,609,613,58,9,197,150,166,62,180,570,334,42,707,504,671,517,660,607,602,445,743,244,178,499,312,206,433,
316,144.23828220367432,160742.88464036107,158119.98513162625,78,416,460,728,217,464,322,230,373,161,427,534,455,372,49,219,361,67,417,320,6,241,424,158,229,452,742,5,72,704,234,242,85,466,712,453,80,354,272,467,378,240,365,291,394,98,527,366,703,477,691,572,147,590,66,94,183,603,8,567,471,749,258,720,324,64,628,359,476,31,585,519,557,353,323,224,683,723,724,163,501,207,342,619,516,141,551,449,652,325,111,69,171,12,218,187,705,568,573,502,612,290,233,525,457,351,112,279,176,106,631,57,317,327,642,532,245,282,731,26,391,458,670,140,480,446,130,622,736,685,200,362,37,431,335,718,591,95,104,54,600,463,664,138,571,487,621,404,604,747,205,418,285,379,228,461,113,537,548,580,506,552,213,543,369,614,357,173,341,267,748,47,118,167,83,414,347,462,528,432,710,415,711,482,28,666,307,175,343,116,701,82,679,88,739,193,726,498,136,429,208,589,14,60,160,738,696,249,331,148,730,684,105,214,746,131,43,223,169,165,53,408,92,368,443,451,715,119,44,3,587,626,340,152,159,305,254,486,638,377,515,280,428,129,73,410,263,447,157,35,189,667,716,633,97,727,360,472,387,186,734,336,29,294,456,321,292,345,524,10,349,547,156,273,629,109,221,450,729,338,640,1,198,284,714,401,497,675,143,398,65,237,295,257,288,311,289,177,444,71,686,632,51,0,231,227,735,142,440,687,286,556,441,737,555,625,636,154,236,210,79,553,332,469,243,563,699,605,695,630,648,562,246,68,411,301,599,484,406,48,496,520,581,644,380,426,133,300,59,277,565,439,146,608,488,561,114,304,202,674,741,454,473,722,151,505,329,87,616,262,702,721,32,2,470,184,596,164,302,658,434,545,371,397,662,409,597,448,576,145,330,678,350,586,125,24,101,601,181,275,75,508,204,403,303,25,89,653,579,399,659,623,546,238,582,144,407,269,127,393,382,475,663,55,108,132,400,507,620,370,594,593,149,172,170,493,45,535,102,610,657,732,220,319,203,442,681,575,624,39,23,713,425,646,690,655,268,673,542,733,115,386,694,489,61,402,271,384,199,174,134,355,356,661,190,438,247,514,50,592,474,255,196,668,124,260,698,697,137,293,700,672,352,337,437,297,479,194,252,649,314,339,46,494,550,226,122,709,522,261,564,225,309,232,11,358,647,99,256,86,512,264,117,405,396,306,389,278,459,634,298,222,153,375,530,617,266,536,390,598,574,478,215,81,16,381,346,669,392,367,421,30,503,500,93,745,276,248,103,641,665,299,27,385,259,677,17,100,643,688,211,420,554,84,251,296,274,374,639,490,395,376,383,20,195,121,529,566,52,544,436,651,584,510,717,209,253,107,19,182,70,344,191,313,315,588,188,348,483,615,22,265,560,7,4,531,185,523,287,168,637,318,56,139,38,689,120,583,692,76,577,491,33,308,413,363,708,485,650,91,541,18,326,90,110,179,40,328,654,569,680,558,606,595,333,533,693,96,521,725,239,74,283,481,135,513,13,155,430,511,201,538,539,706,526,216,192,126,423,412,419,270,34,682,495,21,559,645,656,465,540,235,422,468,518,212,250,578,77,15,310,618,123,36,492,740,635,611,676,435,128,388,63,744,281,41,549,509,364,316,627,162,719,609,613,58,9,197,150,166,62,180,570,334,42,707,504,671,517,660,607,602,445,743,244,178,499,312,206,433,
317,144.65302443504333,160966.16867941615,158119.98513162625,78,416,460,728,217,464,322,230,373,161,427,534,455,372,49,219,361,67,417,320,6,241,424,158,229,452,742,5,72,704,234,242,85,466,712,453,80,354,272,467,378,240,365,291,394,98,527,366,703,477,691,572,147,590,66,94,183,603,8,567,471,749,258,720,324,64,628,359,476,31,585,519,557,353,323,224,683,723,724,163,501,207,342,619,516,141,551,449,652,325,111,69,171,12,218,187,705,568,573,502,612,290,233,525,457,351,112,279,176,106,631,57,317,327,642,532,245,282,731,26,391,458,670,140,480,446,130,622,736,685,200,362,37,431,335,718,591,95,104,54,600,463,664,138,571,487,621,404,604,747,205,418,285,379,228,461,113,537,548,580,506,552,213,543,369,614,357,173,341,267,748,47,118,167,83,414,347,462,528,432,710,415,711,482,28,666,307,175,343,116,701,82,679,88,739,193,726,498,136,429,208,589,14,60,160,738,696,249,331,148,730,684,105,214,746,131,43,223,169,165,53,408,92,368,443,451,715,119,44,3,587,626,340,152,159,305,254,486,638,377,515,280,428,129,73,410,263,447,157,35,189,667,716,633,97,727,360,472,387,186,734,336,29,294,456,321,292,345,524,10,349,547,156,273,629,109,221,450,729,338,640,1,198,284,714,401,497,675,143,398,65,237,295,257,288,311,289,177,444,71,686,632,51,0,231,227,735,142,440,687,286,556,441,737,555,625,636,154,236,210,79,553,332,469,243,563,699,605,695,630,648,562,246,68,411,301,599,484,406,48,496,520,581,644,380,426,133,300,59,277,565,439,146,608,488,561,114,304,202,674,741,454,473,722,151,505,329,87,616,262,702,721,32,2,470,184,596,164,302,658,434,545,371,397,662,409,597,448,576,145,330,678,350,586,125,24,101,601,181,275,75,508,204,403,303,25,89,653,579,399,659,623,546,238,582,144,407,269,127,393,382,475,663,55,108,132,400,507,620,370,594,593,149,172,170,493,45,535,102,610,657,732,220,319,203,442,681,575,624,39,23,713,425,646,690,655,268,673,542,733,115,386,694,489,61,402,271,384,199,174,134,355,356,661,190,438,247,514,50,592,474,255,196,668,124,260,698,697,137,293,700,672,352,337,437,297,479,194,252,649,314,339,46,494,550,226,122,709,522,261,564,225,309,232,11,358,647,99,256,86,512,264,117,405,396,306,389,278,459,634,298,222,153,375,530,617,266,536,390,598,574,478,215,81,16,381,346,669,392,367,421,30,503,500,93,745,276,248,103,641,665,299,27,385,259,677,17,100,643,688,211,420,554,84,251,296,274,374,639,490,395,376,383,20,195,121,529,566,52,544,436,651,584,510,717,209,253,107,19,182,70,344,191,313,315,588,188,348,483,615,22,265,560,7,4,531,185,523,287,168,637,318,56,139,38,689,120,583,692,76,577,491,33,308,413,363,708,485,650,91,541,18,326,90,110,179,40,328,654,569,680,558,606,595,333,533,693,96,521,725,239,74,283,481,135,513,13,155,430,511,201,538,539,706,526,216,192,126,423,412,419,270,34,682,495,21,559,645,656,465,540,235,422,468,518,212,250,578,77,15,310,618,123,36,492,740,635,611,676,435,128,388,63,744,281,41,549,509,364,316,627,162,719,609,613,58,9,197,150,166,62,180,570,334,42,707,504,671,517,660,607,602,445,743,244,178,499,312,206,433,
318,145.0520281791687,inf,158119.98513162625,78,416,460,728,217,464,322,230,373,161,427,534,455,372,49,219,361,67,417,320,6,241,424,158,229,452,742,5,72,704,234,242,85,466,712,453,80,354,272,467,378,240,365,291,394,98,527,366,703,477,691,572,147,590,66,94,183,603,8,567,471,749,258,720,324,64,628,359,476,31,585,519,557,353,323,224,683,723,724,163,501,207,342,619,516,141,551,449,652,325,111,69,171,12,218,187,705,568,573,502,612,290,233,525,457,351,112,279,176,106,631,57,317,327,642,532,245,282,731,26,391,458,670,140,480,446,130,622,736,685,200,362,37,431,335,718,591,95,104,54,600,463,664,138,571,487,621,404,604,747,205,418,285,379,228,461,113,537,548,580,506,552,213,543,369,614,357,173,341,267,748,47,118,167,83,414,347,462,528,432,710,415,711,482,28,666,307,175,343,116,701,82,679,88,739,193,726,498,136,429,208,589,14,60,160,738,696,249,331,148,730,684,105,214,746,131,43,223,169,165,53,408,92,368,443,451,715,119,44,3,587,626,340,152,159,305,254,486,638,377,515,280,428,129,73,410,263,447,157,35,189,667,716,633,97,727,360,472,387,186,734,336,29,294,456,321,292,345,524,10,349,547,156,273,629,109,221,450,729,338,640,1,198,284,714,401,497,675,143,398,65,237,295,257,288,311,289,177,444,71,686,632,51,0,231,227,735,142,440,687,286,556,441,737,555,625,636,154,236,210,79,553,332,469,243,563,699,605,695,630,648,562,246,68,411,301,599,484,406,48,496,520,581,644,380,426,133,300,59,277,565,439,146,608,488,561,114,304,202,674,741,454,473,722,151,505,329,87,616,262,702,721,32,2,470,184,596,164,302,658,434,545,371,397,662,409,597,448,576,145,330,678,350,586,125,24,101,601,181,275,75,508,204,403,303,25,89,653,579,399,659,623,546,238,582,144,407,269,127,393,382,475,663,55,108,132,400,507,620,370,594,593,149,172,170,493,45,535,102,610,657,732,220,319,203,442,681,575,624,39,23,713,425,646,690,655,268,673,542,733,115,386,694,489,61,402,271,384,199,174,134,355,356,661,190,438,247,514,50,592,474,255,196,668,124,260,698,697,137,293,700,672,352,337,437,297,479,194,252,649,314,339,46,494,550,226,122,709,522,261,564,225,309,232,11,358,647,99,256,86,512,264,117,405,396,306,389,278,459,634,298,222,153,375,530,617,266,536,390,598,574,478,215,81,16,381,346,669,392,367,421,30,503,500,93,745,276,248,103,641,665,299,27,385,259,677,17,100,643,688,211,420,554,84,251,296,274,374,639,490,395,376,383,20,195,121,529,566,52,544,436,651,584,510,717,209,253,107,19,182,70,344,191,313,315,588,188,348,483,615,22,265,560,7,4,531,185,523,287,168,637,318,56,139,38,689,120,583,692,76,577,491,33,308,413,363,708,485,650,91,541,18,326,90,110,179,40,328,654,569,680,558,606,595,333,533,693,96,521,725,239,74,283,481,135,513,13,155,430,511,201,538,539,706,526,216,192,126,423,412,419,270,34,682,495,21,559,645,656,465,540,235,422,468,518,212,250,578,77,15,310,618,123,36,492,740,635,611,676,435,128,388,63,744,281,41,549,509,364,316,627,162,719,609,613,58,9,197,150,166,62,180,570,334,42,707,504,671,517,660,607,602,445,743,244,178,499,312,206,433,
319,145.53005242347717,161434.4745834346,158119.98513162625,78,416,460,728,217,464,322,230,373,161,427,534,455,372,49,219,361,67,417,320,6,241,424,158,229,452,742,5,72,704,234,242,85,466,712,453,80,354,272,467,378,240,365,291,394,98,527,366,703,477,691,572,147,590,66,94,183,603,8,567,471,749,258,720,324,64,628,359,476,31,585,519,557,353,323,224,683,723,724,163,501,207,342,619,516,141,551,449,652,325,111,69,171,12,218,187,705,568,573,502,612,290,233,525,457,351,112,279,176,106,631,57,317,327,642,532,245,282,731,26,391,458,670,140,480,446,130,622,736,685,200,362,37,431,335,718,591,95,104,54,600,463,664,138,571,487,621,404,604,747,205,418,285,379,228,461,113,537,548,580,506,552,213,543,369,614,357,173,341,267,748,47,118,167,83,414,347,462,528,432,710,415,711,482,28,666,307,175,343,116,701,82,679,88,739,193,726,498,136,429,208,589,14,60,160,738,696,249,331,148,730,684,105,214,746,131,43,223,169,165,53,408,92,368,443,451,715,119,44,3,587,626,340,152,159,305,254,486,638,377,515,280,428,129,73,410,263,447,157,35,189,667,716,633,97,727,360,472,387,186,734,336,29,294,456,321,292,345,524,10,349,547,156,273,629,109,221,450,729,338,640,1,198,284,714,401,497,675,143,398,65,237,295,257,288,311,289,177,444,71,686,632,51,0,231,227,735,142,440,687,286,556,441,737,555,625,636,154,236,210,79,553,332,469,243,563,699,605,695,630,648,562,246,68,411,301,599,484,406,48,496,520,581,644,380,426,133,300,59,277,565,439,146,608,488,561,114,304,202,674,741,454,473,722,151,505,329,87,616,262,702,721,32,2,470,184,596,164,302,658,434,545,371,397,662,409,597,448,576,145,330,678,350,586,125,24,101,601,181,275,75,508,204,403,303,25,89,653,579,399,659,623,546,238,582,144,407,269,127,393,382,475,663,55,108,132,400,507,620,370,594,593,149,172,170,493,45,535,102,610,657,732,220,319,203,442,681,575,624,39,23,713,425,646,690,655,268,673,542,733,115,386,694,489,61,402,271,384,199,174,134,355,356,661,190,438,247,514,50,592,474,255,196,668,124,260,698,697,137,293,700,672,352,337,437,297,479,194,252,649,314,339,46,494,550,226,122,709,522,261,564,225,309,232,11,358,647,99,256,86,512,264,117,405,396,306,389,278,459,634,298,222,153,375,530,617,266,536,390,598,574,478,215,81,16,381,346,669,392,367,421,30,503,500,93,745,276,248,103,641,665,299,27,385,259,677,17,100,643,688,211,420,554,84,251,296,274,374,639,490,395,376,383,20,195,121,529,566,52,544,436,651,584,510,717,209,253,107,19,182,70,344,191,313,315,588,188,348,483,615,22,265,560,7,4,531,185,523,287,168,637,318,56,139,38,689,120,583,692,76,577,491,33,308,413,363,708,485,650,91,541,18,326,90,110,179,40,328,654,569,680,558,606,595,333,533,693,96,521,725,239,74,283,481,135,513,13,155,430,511,201,538,539,706,526,216,192,126,423,412,419,270,34,682,495,21,559,645,656,465,540,235,422,468,518,212,250,578,77,15,310,618,123,36,492,740,635,611,676,435,128,388,63,744,281,41,549,509,364,316,627,162,719,609,613,58,9,197,150,166,62,180,570,334,42,707,504,671,517,660,607,602,445,743,244,178,499,312,206,433,
320,145.97398686408997,161806.98821949182,158119.98513162625,78,416,460,728,217,464,322,230,373,161,427,534,455,372,49,219,361,67,417,320,6,241,424,158,229,452,742,5,72,704,234,242,85,466,712,453,80,354,272,467,378,240,365,291,394,98,527,366,703,477,691,572,147,590,66,94,183,603,8,567,471,749,258,720,324,64,628,359,476,31,585,519,557,353,323,224,683,723,724,163,501,207,342,619,516,141,551,449,652,325,111,69,171,12,218,187,705,568,573,502,612,290,233,525,457,351,112,279,176,106,631,57,317,327,642,532,245,282,731,26,391,458,670,140,480,446,130,622,736,685,200,362,37,431,335,718,591,95,104,54,600,463,664,138,571,487,621,404,604,747,205,418,285,379,228,461,113,537,548,580,506,552,213,543,369,614,357,173,341,267,748,47,118,167,83,414,347,462,528,432,710,415,711,482,28,666,307,175,343,116,701,82,679,88,739,193,726,498,136,429,208,589,14,60,160,738,696,249,331,148,730,684,105,214,746,131,43,223,169,165,53,408,92,368,443,451,715,119,44,3,587,626,340,152,159,305,254,486,638,377,515,280,428,129,73,410,263,447,157,35,189,667,716,633,97,727,360,472,387,186,734,336,29,294,456,321,292,345,524,10,349,547,156,273,629,109,221,450,729,338,640,1,198,284,714,401,497,675,143,398,65,237,295,257,288,311,289,177,444,71,686,632,51,0,231,227,735,142,440,687,286,556,441,737,555,625,636,154,236,210,79,553,332,469,243,563,699,605,695,630,648,562,246,68,411,301,599,484,406,48,496,520,581,644,380,426,133,300,59,277,565,439,146,608,488,561,114,304,202,674,741,454,473,722,151,505,329,87,616,262,702,721,32,2,470,184,596,164,302,658,434,545,371,397,662,409,597,448,576,145,330,678,350,586,125,24,101,601,181,275,75,508,204,403,303,25,89,653,579,399,659,623,546,238,582,144,407,269,127,393,382,475,663,55,108,132,400,507,620,370,594,593,149,172,170,493,45,535,102,610,657,732,220,319,203,442,681,575,624,39,23,713,425,646,690,655,268,673,542,733,115,386,694,489,61,402,271,384,199,174,134,355,356,661,190,438,247,514,50,592,474,255,196,668,124,260,698,697,137,293,700,672,352,337,437,297,479,194,252,649,314,339,46,494,550,226,122,709,522,261,564,225,309,232,11,358,647,99,256,86,512,264,117,405,396,306,389,278,459,634,298,222,153,375,530,617,266,536,390,598,574,478,215,81,16,381,346,669,392,367,421,30,503,500,93,745,276,248,103,641,665,299,27,385,259,677,17,100,643,688,211,420,554,84,251,296,274,374,639,490,395,376,383,20,195,121,529,566,52,544,436,651,584,510,717,209,253,107,19,182,70,344,191,313,315,588,188,348,483,615,22,265,560,7,4,531,185,523,287,168,637,318,56,139,38,689,120,583,692,76,577,491,33,308,413,363,708,485,650,91,541,18,326,90,110,179,40,328,654,569,680,558,606,595,333,533,693,96,521,725,239,74,283,481,135,513,13,155,430,511,201,538,539,706,526,216,192,126,423,412,419,270,34,682,495,21,559,645,656,465,540,235,422,468,518,212,250,578,77,15,310,618,123,36,492,740,635,611,676,435,128,388,63,744,281,41,549,509,364,316,627,162,719,609,613,58,9,197,150,166,62,180,570,334,42,707,504,671,517,660,607,602,445,743,244,178,499,312,206,433,
321,146.47522377967834,161564.58511281805,158119.98513162625,78,416,460,728,217,464,322,230,373,161,427,534,455,372,49,219,361,67,417,320,6,241,424,158,229,452,742,5,72,704,234,242,85,466,712,453,80,354,272,467,378,240,365,291,394,98,527,366,703,477,691,572,147,590,66,94,183,603,8,567,471,749,258,720,324,64,628,359,476,31,585,519,557,353,323,224,683,723,724,163,501,207,342,619,516,141,551,449,652,325,111,69,171,12,218,187,705,568,573,502,612,290,233,525,457,351,112,279,176,106,631,57,317,327,642,532,245,282,731,26,391,458,670,140,480,446,130,622,736,685,200,362,37,431,335,718,591,95,104,54,600,463,664,138,571,487,621,404,604,747,205,418,285,379,228,461,113,537,548,580,506,552,213,543,369,614,357,173,341,267,748,47,118,167,83,414,347,462,528,432,710,415,711,482,28,666,307,175,343,116,701,82,679,88,739,193,726,498,136,429,208,589,14,60,160,738,696,249,331,148,730,684,105,214,746,131,43,223,169,165,53,408,92,368,443,451,715,119,44,3,587,626,340,152,159,305,254,486,638,377,515,280,428,129,73,410,263,447,157,35,189,667,716,633,97,727,360,472,387,186,734,336,29,294,456,321,292,345,524,10,349,547,156,273,629,109,221,450,729,338,640,1,198,284,714,401,497,675,143,398,65,237,295,257,288,311,289,177,444,71,686,632,51,0,231,227,735,142,440,687,286,556,441,737,555,625,636,154,236,210,79,553,332,469,243,563,699,605,695,630,648,562,246,68,411,301,599,484,406,48,496,520,581,644,380,426,133,300,59,277,565,439,146,608,488,561,114,304,202,674,741,454,473,722,151,505,329,87,616,262,702,721,32,2,470,184,596,164,302,658,434,545,371,397,662,409,597,448,576,145,330,678,350,586,125,24,101,601,181,275,75,508,204,403,303,25,89,653,579,399,659,623,546,238,582,144,407,269,127,393,382,475,663,55,108,132,400,507,620,370,594,593,149,172,170,493,45,535,102,610,657,732,220,319,203,442,681,575,624,39,23,713,425,646,690,655,268,673,542,733,115,386,694,489,61,402,271,384,199,174,134,355,356,661,190,438,247,514,50,592,474,255,196,668,124,260,698,697,137,293,700,672,352,337,437,297,479,194,252,649,314,339,46,494,550,226,122,709,522,261,564,225,309,232,11,358,647,99,256,86,512,264,117,405,396,306,389,278,459,634,298,222,153,375,530,617,266,536,390,598,574,478,215,81,16,381,346,669,392,367,421,30,503,500,93,745,276,248,103,641,665,299,27,385,259,677,17,100,643,688,211,420,554,84,251,296,274,374,639,490,395,376,383,20,195,121,529,566,52,544,436,651,584,510,717,209,253,107,19,182,70,344,191,313,315,588,188,348,483,615,22,265,560,7,4,531,185,523,287,168,637,318,56,139,38,689,120,583,692,76,577,491,33,308,413,363,708,485,650,91,541,18,326,90,110,179,40,328,654,569,680,558,606,595,333,533,693,96,521,725,239,74,283,481,135,513,13,155,430,511,201,538,539,706,526,216,192,126,423,412,419,270,34,682,495,21,559,645,656,465,540,235,422,468,518,212,250,578,77,15,310,618,123,36,492,740,635,611,676,435,128,388,63,744,281,41,549,509,364,316,627,162,719,609,613,58,9,197,150,166,62,180,570,334,42,707,504,671,517,660,607,602,445,743,244,178,499,312,206,433,
322,146.89999842643738,162028.0164715211,158119.98513162625,78,416,460,728,217,464,322,230,373,161,427,534,455,372,49,219,361,67,417,320,6,241,424,158,229,452,742,5,72,704,234,242,85,466,712,453,80,354,272,467,378,240,365,291,394,98,527,366,703,477,691,572,147,590,66,94,183,603,8,567,471,749,258,720,324,64,628,359,476,31,585,519,557,353,323,224,683,723,724,163,501,207,342,619,516,141,551,449,652,325,111,69,171,12,218,187,705,568,573,502,612,290,233,525,457,351,112,279,176,106,631,57,317,327,642,532,245,282,731,26,391,458,670,140,480,446,130,622,736,685,200,362,37,431,335,718,591,95,104,54,600,463,664,138,571,487,621,404,604,747,205,418,285,379,228,461,113,537,548,580,506,552,213,543,369,614,357,173,341,267,748,47,118,167,83,414,347,462,528,432,710,415,711,482,28,666,307,175,343,116,701,82,679,88,739,193,726,498,136,429,208,589,14,60,160,738,696,249,331,148,730,684,105,214,746,131,43,223,169,165,53,408,92,368,443,451,715,119,44,3,587,626,340,152,159,305,254,486,638,377,515,280,428,129,73,410,263,447,157,35,189,667,716,633,97,727,360,472,387,186,734,336,29,294,456,321,292,345,524,10,349,547,156,273,629,109,221,450,729,338,640,1,198,284,714,401,497,675,143,398,65,237,295,257,288,311,289,177,444,71,686,632,51,0,231,227,735,142,440,687,286,556,441,737,555,625,636,154,236,210,79,553,332,469,243,563,699,605,695,630,648,562,246,68,411,301,599,484,406,48,496,520,581,644,380,426,133,300,59,277,565,439,146,608,488,561,114,304,202,674,741,454,473,722,151,505,329,87,616,262,702,721,32,2,470,184,596,164,302,658,434,545,371,397,662,409,597,448,576,145,330,678,350,586,125,24,101,601,181,275,75,508,204,403,303,25,89,653,579,399,659,623,546,238,582,144,407,269,127,393,382,475,663,55,108,132,400,507,620,370,594,593,149,172,170,493,45,535,102,610,657,732,220,319,203,442,681,575,624,39,23,713,425,646,690,655,268,673,542,733,115,386,694,489,61,402,271,384,199,174,134,355,356,661,190,438,247,514,50,592,474,255,196,668,124,260,698,697,137,293,700,672,352,337,437,297,479,194,252,649,314,339,46,494,550,226,122,709,522,261,564,225,309,232,11,358,647,99,256,86,512,264,117,405,396,306,389,278,459,634,298,222,153,375,530,617,266,536,390,598,574,478,215,81,16,381,346,669,392,367,421,30,503,500,93,745,276,248,103,641,665,299,27,385,259,677,17,100,643,688,211,420,554,84,251,296,274,374,639,490,395,376,383,20,195,121,529,566,52,544,436,651,584,510,717,209,253,107,19,182,70,344,191,313,315,588,188,348,483,615,22,265,560,7,4,531,185,523,287,168,637,318,56,139,38,689,120,583,692,76,577,491,33,308,413,363,708,485,650,91,541,18,326,90,110,179,40,328,654,569,680,558,606,595,333,533,693,96,521,725,239,74,283,481,135,513,13,155,430,511,201,538,539,706,526,216,192,126,423,412,419,270,34,682,495,21,559,645,656,465,540,235,422,468,518,212,250,578,77,15,310,618,123,36,492,740,635,611,676,435,128,388,63,744,281,41,549,509,364,316,627,162,719,609,613,58,9,197,150,166,62,180,570,334,42,707,504,671,517,660,607,602,445,743,244,178,499,312,206,433,
323,147.32465815544128,163363.67429324647,158119.98513162625,78,416,460,728,217,464,322,230,373,161,427,534,455,372,49,219,361,67,417,320,6,241,424,158,229,452,742,5,72,704,234,242,85,466,712,453,80,354,272,467,378,240,365,291,394,98,527,366,703,477,691,572,147,590,66,94,183,603,8,567,471,749,258,720,324,64,628,359,476,31,585,519,557,353,323,224,683,723,724,163,501,207,342,619,516,141,551,449,652,325,111,69,171,12,218,187,705,568,573,502,612,290,233,525,457,351,112,279,176,106,631,57,317,327,642,532,245,282,731,26,391,458,670,140,480,446,130,622,736,685,200,362,37,431,335,718,591,95,104,54,600,463,664,138,571,487,621,404,604,747,205,418,285,379,228,461,113,537,548,580,506,552,213,543,369,614,357,173,341,267,748,47,118,167,83,414,347,462,528,432,710,415,711,482,28,666,307,175,343,116,701,82,679,88,739,193,726,498,136,429,208,589,14,60,160,738,696,249,331,148,730,684,105,214,746,131,43,223,169,165,53,408,92,368,443,451,715,119,44,3,587,626,340,152,159,305,254,486,638,377,515,280,428,129,73,410,263,447,157,35,189,667,716,633,97,727,360,472,387,186,734,336,29,294,456,321,292,345,524,10,349,547,156,273,629,109,221,450,729,338,640,1,198,284,714,401,497,675,143,398,65,237,295,257,288,311,289,177,444,71,686,632,51,0,231,227,735,142,440,687,286,556,441,737,555,625,636,154,236,210,79,553,332,469,243,563,699,605,695,630,648,562,246,68,411,301,599,484,406,48,496,520,581,644,380,426,133,300,59,277,565,439,146,608,488,561,114,304,202,674,741,454,473,722,151,505,329,87,616,262,702,721,32,2,470,184,596,164,302,658,434,545,371,397,662,409,597,448,576,145,330,678,350,586,125,24,101,601,181,275,75,508,204,403,303,25,89,653,579,399,659,623,546,238,582,144,407,269,127,393,382,475,663,55,108,132,400,507,620,370,594,593,149,172,170,493,45,535,102,610,657,732,220,319,203,442,681,575,624,39,23,713,425,646,690,655,268,673,542,733,115,386,694,489,61,402,271,384,199,174,134,355,356,661,190,438,247,514,50,592,474,255,196,668,124,260,698,697,137,293,700,672,352,337,437,297,479,194,252,649,314,339,46,494,550,226,122,709,522,261,564,225,309,232,11,358,647,99,256,86,512,264,117,405,396,306,389,278,459,634,298,222,153,375,530,617,266,536,390,598,574,478,215,81,16,381,346,669,392,367,421,30,503,500,93,745,276,248,103,641,665,299,27,385,259,677,17,100,643,688,211,420,554,84,251,296,274,374,639,490,395,376,383,20,195,121,529,566,52,544,436,651,584,510,717,209,253,107,19,182,70,344,191,313,315,588,188,348,483,615,22,265,560,7,4,531,185,523,287,168,637,318,56,139,38,689,120,583,692,76,577,491,33,308,413,363,708,485,650,91,541,18,326,90,110,179,40,328,654,569,680,558,606,595,333,533,693,96,521,725,239,74,283,481,135,513,13,155,430,511,201,538,539,706,526,216,192,126,423,412,419,270,34,682,495,21,559,645,656,465,540,235,422,468,518,212,250,578,77,15,310,618,123,36,492,740,635,611,676,435,128,388,63,744,281,41,549,509,364,316,627,162,719,609,613,58,9,197,150,166,62,180,570,334,42,707,504,671,517,660,607,602,445,743,244,178,499,312,206,433,
324,147.80622506141663,162366.3649526506,158119.98513162625,78,416,460,728,217,464,322,230,373,161,427,534,455,372,49,219,361,67,417,320,6,241,424,158,229,452,742,5,72,704,234,242,85,466,712,453,80,354,272,467,378,240,365,291,394,98,527,366,703,477,691,572,147,590,66,94,183,603,8,567,471,749,258,720,324,64,628,359,476,31,585,519,557,353,323,224,683,723,724,163,501,207,342,619,516,141,551,449,652,325,111,69,171,12,218,187,705,568,573,502,612,290,233,525,457,351,112,279,176,106,631,57,317,327,642,532,245,282,731,26,391,458,670,140,480,446,130,622,736,685,200,362,37,431,335,718,591,95,104,54,600,463,664,138,571,487,621,404,604,747,205,418,285,379,228,461,113,537,548,580,506,552,213,543,369,614,357,173,341,267,748,47,118,167,83,414,347,462,528,432,710,415,711,482,28,666,307,175,343,116,701,82,679,88,739,193,726,498,136,429,208,589,14,60,160,738,696,249,331,148,730,684,105,214,746,131,43,223,169,165,53,408,92,368,443,451,715,119,44,3,587,626,340,152,159,305,254,486,638,377,515,280,428,129,73,410,263,447,157,35,189,667,716,633,97,727,360,472,387,186,734,336,29,294,456,321,292,345,524,10,349,547,156,273,629,109,221,450,729,338,640,1,198,284,714,401,497,675,143,398,65,237,295,257,288,311,289,177,444,71,686,632,51,0,231,227,735,142,440,687,286,556,441,737,555,625,636,154,236,210,79,553,332,469,243,563,699,605,695,630,648,562,246,68,411,301,599,484,406,48,496,520,581,644,380,426,133,300,59,277,565,439,146,608,488,561,114,304,202,674,741,454,473,722,151,505,329,87,616,262,702,721,32,2,470,184,596,164,302,658,434,545,371,397,662,409,597,448,576,145,330,678,350,586,125,24,101,601,181,275,75,508,204,403,303,25,89,653,579,399,659,623,546,238,582,144,407,269,127,393,382,475,663,55,108,132,400,507,620,370,594,593,149,172,170,493,45,535,102,610,657,732,220,319,203,442,681,575,624,39,23,713,425,646,690,655,268,673,542,733,115,386,694,489,61,402,271,384,199,174,134,355,356,661,190,438,247,514,50,592,474,255,196,668,124,260,698,697,137,293,700,672,352,337,437,297,479,194,252,649,314,339,46,494,550,226,122,709,522,261,564,225,309,232,11,358,647,99,256,86,512,264,117,405,396,306,389,278,459,634,298,222,153,375,530,617,266,536,390,598,574,478,215,81,16,381,346,669,392,367,421,30,503,500,93,745,276,248,103,641,665,299,27,385,259,677,17,100,643,688,211,420,554,84,251,296,274,374,639,490,395,376,383,20,195,121,529,566,52,544,436,651,584,510,717,209,253,107,19,182,70,344,191,313,315,588,188,348,483,615,22,265,560,7,4,531,185,523,287,168,637,318,56,139,38,689,120,583,692,76,577,491,33,308,413,363,708,485,650,91,541,18,326,90,110,179,40,328,654,569,680,558,606,595,333,533,693,96,521,725,239,74,283,481,135,513,13,155,430,511,201,538,539,706,526,216,192,126,423,412,419,270,34,682,495,21,559,645,656,465,540,235,422,468,518,212,250,578,77,15,310,618,123,36,492,740,635,611,676,435,128,388,63,744,281,41,549,509,364,316,627,162,719,609,613,58,9,197,150,166,62,180,570,334,42,707,504,671,517,660,607,602,445,743,244,178,499,312,206,433,
325,148.24660563468933,161431.71446592256,158119.98513162625,78,416,460,728,217,464,322,230,373,161,427,534,455,372,49,219,361,67,417,320,6,241,424,158,229,452,742,5,72,704,234,242,85,466,712,453,80,354,272,467,378,240,365,291,394,98,527,366,703,477,691,572,147,590,66,94,183,603,8,567,471,749,258,720,324,64,628,359,476,31,585,519,557,353,323,224,683,723,724,163,501,207,342,619,516,141,551,449,652,325,111,69,171,12,218,187,705,568,573,502,612,290,233,525,457,351,112,279,176,106,631,57,317,327,642,532,245,282,731,26,391,458,670,140,480,446,130,622,736,685,200,362,37,431,335,718,591,95,104,54,600,463,664,138,571,487,621,404,604,747,205,418,285,379,228,461,113,537,548,580,506,552,213,543,369,614,357,173,341,267,748,47,118,167,83,414,347,462,528,432,710,415,711,482,28,666,307,175,343,116,701,82,679,88,739,193,726,498,136,429,208,589,14,60,160,738,696,249,331,148,730,684,105,214,746,131,43,223,169,165,53,408,92,368,443,451,715,119,44,3,587,626,340,152,159,305,254,486,638,377,515,280,428,129,73,410,263,447,157,35,189,667,716,633,97,727,360,472,387,186,734,336,29,294,456,321,292,345,524,10,349,547,156,273,629,109,221,450,729,338,640,1,198,284,714,401,497,675,143,398,65,237,295,257,288,311,289,177,444,71,686,632,51,0,231,227,735,142,440,687,286,556,441,737,555,625,636,154,236,210,79,553,332,469,243,563,699,605,695,630,648,562,246,68,411,301,599,484,406,48,496,520,581,644,380,426,133,300,59,277,565,439,146,608,488,561,114,304,202,674,741,454,473,722,151,505,329,87,616,262,702,721,32,2,470,184,596,164,302,658,434,545,371,397,662,409,597,448,576,145,330,678,350,586,125,24,101,601,181,275,75,508,204,403,303,25,89,653,579,399,659,623,546,238,582,144,407,269,127,393,382,475,663,55,108,132,400,507,620,370,594,593,149,172,170,493,45,535,102,610,657,732,220,319,203,442,681,575,624,39,23,713,425,646,690,655,268,673,542,733,115,386,694,489,61,402,271,384,199,174,134,355,356,661,190,438,247,514,50,592,474,255,196,668,124,260,698,697,137,293,700,672,352,337,437,297,479,194,252,649,314,339,46,494,550,226,122,709,522,261,564,225,309,232,11,358,647,99,256,86,512,264,117,405,396,306,389,278,459,634,298,222,153,375,530,617,266,536,390,598,574,478,215,81,16,381,346,669,392,367,421,30,503,500,93,745,276,248,103,641,665,299,27,385,259,677,17,100,643,688,211,420,554,84,251,296,274,374,639,490,395,376,383,20,195,121,529,566,52,544,436,651,584,510,717,209,253,107,19,182,70,344,191,313,315,588,188,348,483,615,22,265,560,7,4,531,185,523,287,168,637,318,56,139,38,689,120,583,692,76,577,491,33,308,413,363,708,485,650,91,541,18,326,90,110,179,40,328,654,569,680,558,606,595,333,533,693,96,521,725,239,74,283,481,135,513,13,155,430,511,201,538,539,706,526,216,192,126,423,412,419,270,34,682,495,21,559,645,656,465,540,235,422,468,518,212,250,578,77,15,310,618,123,36,492,740,635,611,676,435,128,388,63,744,281,41,549,509,364,316,627,162,719,609,613,58,9,197,150,166,62,180,570,334,42,707,504,671,517,660,607,602,445,743,244,178,499,312,206,433,
326,148.66494154930115,160937.1323107889,158119.98513162625,78,416,460,728,217,464,322,230,373,161,427,534,455,372,49,219,361,67,417,320,6,241,424,158,229,452,742,5,72,704,234,242,85,466,712,453,80,354,272,467,378,240,365,291,394,98,527,366,703,477,691,572,147,590,66,94,183,603,8,567,471,749,258,720,324,64,628,359,476,31,585,519,557,353,323,224,683,723,724,163,501,207,342,619,516,141,551,449,652,325,111,69,171,12,218,187,705,568,573,502,612,290,233,525,457,351,112,279,176,106,631,57,317,327,642,532,245,282,731,26,391,458,670,140,480,446,130,622,736,685,200,362,37,431,335,718,591,95,104,54,600,463,664,138,571,487,621,404,604,747,205,418,285,379,228,461,113,537,548,580,506,552,213,543,369,614,357,173,341,267,748,47,118,167,83,414,347,462,528,432,710,415,711,482,28,666,307,175,343,116,701,82,679,88,739,193,726,498,136,429,208,589,14,60,160,738,696,249,331,148,730,684,105,214,746,131,43,223,169,165,53,408,92,368,443,451,715,119,44,3,587,626,340,152,159,305,254,486,638,377,515,280,428,129,73,410,263,447,157,35,189,667,716,633,97,727,360,472,387,186,734,336,29,294,456,321,292,345,524,10,349,547,156,273,629,109,221,450,729,338,640,1,198,284,714,401,497,675,143,398,65,237,295,257,288,311,289,177,444,71,686,632,51,0,231,227,735,142,440,687,286,556,441,737,555,625,636,154,236,210,79,553,332,469,243,563,699,605,695,630,648,562,246,68,411,301,599,484,406,48,496,520,581,644,380,426,133,300,59,277,565,439,146,608,488,561,114,304,202,674,741,454,473,722,151,505,329,87,616,262,702,721,32,2,470,184,596,164,302,658,434,545,371,397,662,409,597,448,576,145,330,678,350,586,125,24,101,601,181,275,75,508,204,403,303,25,89,653,579,399,659,623,546,238,582,144,407,269,127,393,382,475,663,55,108,132,400,507,620,370,594,593,149,172,170,493,45,535,102,610,657,732,220,319,203,442,681,575,624,39,23,713,425,646,690,655,268,673,542,733,115,386,694,489,61,402,271,384,199,174,134,355,356,661,190,438,247,514,50,592,474,255,196,668,124,260,698,697,137,293,700,672,352,337,437,297,479,194,252,649,314,339,46,494,550,226,122,709,522,261,564,225,309,232,11,358,647,99,256,86,512,264,117,405,396,306,389,278,459,634,298,222,153,375,530,617,266,536,390,598,574,478,215,81,16,381,346,669,392,367,421,30,503,500,93,745,276,248,103,641,665,299,27,385,259,677,17,100,643,688,211,420,554,84,251,296,274,374,639,490,395,376,383,20,195,121,529,566,52,544,436,651,584,510,717,209,253,107,19,182,70,344,191,313,315,588,188,348,483,615,22,265,560,7,4,531,185,523,287,168,637,318,56,139,38,689,120,583,692,76,577,491,33,308,413,363,708,485,650,91,541,18,326,90,110,179,40,328,654,569,680,558,606,595,333,533,693,96,521,725,239,74,283,481,135,513,13,155,430,511,201,538,539,706,526,216,192,126,423,412,419,270,34,682,495,21,559,645,656,465,540,235,422,468,518,212,250,578,77,15,310,618,123,36,492,740,635,611,676,435,128,388,63,744,281,41,549,509,364,316,627,162,719,609,613,58,9,197,150,166,62,180,570,334,42,707,504,671,517,660,607,602,445,743,244,178,499,312,206,433,
327,149.09855842590332,160297.15050693593,158119.98513162625,78,416,460,728,217,464,322,230,373,161,427,534,455,372,49,219,361,67,417,320,6,241,424,158,229,452,742,5,72,704,234,242,85,466,712,453,80,354,272,467,378,240,365,291,394,98,527,366,703,477,691,572,147,590,66,94,183,603,8,567,471,749,258,720,324,64,628,359,476,31,585,519,557,353,323,224,683,723,724,163,501,207,342,619,516,141,551,449,652,325,111,69,171,12,218,187,705,568,573,502,612,290,233,525,457,351,112,279,176,106,631,57,317,327,642,532,245,282,731,26,391,458,670,140,480,446,130,622,736,685,200,362,37,431,335,718,591,95,104,54,600,463,664,138,571,487,621,404,604,747,205,418,285,379,228,461,113,537,548,580,506,552,213,543,369,614,357,173,341,267,748,47,118,167,83,414,347,462,528,432,710,415,711,482,28,666,307,175,343,116,701,82,679,88,739,193,726,498,136,429,208,589,14,60,160,738,696,249,331,148,730,684,105,214,746,131,43,223,169,165,53,408,92,368,443,451,715,119,44,3,587,626,340,152,159,305,254,486,638,377,515,280,428,129,73,410,263,447,157,35,189,667,716,633,97,727,360,472,387,186,734,336,29,294,456,321,292,345,524,10,349,547,156,273,629,109,221,450,729,338,640,1,198,284,714,401,497,675,143,398,65,237,295,257,288,311,289,177,444,71,686,632,51,0,231,227,735,142,440,687,286,556,441,737,555,625,636,154,236,210,79,553,332,469,243,563,699,605,695,630,648,562,246,68,411,301,599,484,406,48,496,520,581,644,380,426,133,300,59,277,565,439,146,608,488,561,114,304,202,674,741,454,473,722,151,505,329,87,616,262,702,721,32,2,470,184,596,164,302,658,434,545,371,397,662,409,597,448,576,145,330,678,350,586,125,24,101,601,181,275,75,508,204,403,303,25,89,653,579,399,659,623,546,238,582,144,407,269,127,393,382,475,663,55,108,132,400,507,620,370,594,593,149,172,170,493,45,535,102,610,657,732,220,319,203,442,681,575,624,39,23,713,425,646,690,655,268,673,542,733,115,386,694,489,61,402,271,384,199,174,134,355,356,661,190,438,247,514,50,592,474,255,196,668,124,260,698,697,137,293,700,672,352,337,437,297,479,194,252,649,314,339,46,494,550,226,122,709,522,261,564,225,309,232,11,358,647,99,256,86,512,264,117,405,396,306,389,278,459,634,298,222,153,375,530,617,266,536,390,598,574,478,215,81,16,381,346,669,392,367,421,30,503,500,93,745,276,248,103,641,665,299,27,385,259,677,17,100,643,688,211,420,554,84,251,296,274,374,639,490,395,376,383,20,195,121,529,566,52,544,436,651,584,510,717,209,253,107,19,182,70,344,191,313,315,588,188,348,483,615,22,265,560,7,4,531,185,523,287,168,637,318,56,139,38,689,120,583,692,76,577,491,33,308,413,363,708,485,650,91,541,18,326,90,110,179,40,328,654,569,680,558,606,595,333,533,693,96,521,725,239,74,283,481,135,513,13,155,430,511,201,538,539,706,526,216,192,126,423,412,419,270,34,682,495,21,559,645,656,465,540,235,422,468,518,212,250,578,77,15,310,618,123,36,492,740,635,611,676,435,128,388,63,744,281,41,549,509,364,316,627,162,719,609,613,58,9,197,150,166,62,180,570,334,42,707,504,671,517,660,607,602,445,743,244,178,499,312,206,433,
328,149.59276509284973,160533.79717252136,158119.98513162625,78,416,460,728,217,464,322,230,373,161,427,534,455,372,49,219,361,67,417,320,6,241,424,158,229,452,742,5,72,704,234,242,85,466,712,453,80,354,272,467,378,240,365,291,394,98,527,366,703,477,691,572,147,590,66,94,183,603,8,567,471,749,258,720,324,64,628,359,476,31,585,519,557,353,323,224,683,723,724,163,501,207,342,619,516,141,551,449,652,325,111,69,171,12,218,187,705,568,573,502,612,290,233,525,457,351,112,279,176,106,631,57,317,327,642,532,245,282,731,26,391,458,670,140,480,446,130,622,736,685,200,362,37,431,335,718,591,95,104,54,600,463,664,138,571,487,621,404,604,747,205,418,285,379,228,461,113,537,548,580,506,552,213,543,369,614,357,173,341,267,748,47,118,167,83,414,347,462,528,432,710,415,711,482,28,666,307,175,343,116,701,82,679,88,739,193,726,498,136,429,208,589,14,60,160,738,696,249,331,148,730,684,105,214,746,131,43,223,169,165,53,408,92,368,443,451,715,119,44,3,587,626,340,152,159,305,254,486,638,377,515,280,428,129,73,410,263,447,157,35,189,667,716,633,97,727,360,472,387,186,734,336,29,294,456,321,292,345,524,10,349,547,156,273,629,109,221,450,729,338,640,1,198,284,714,401,497,675,143,398,65,237,295,257,288,311,289,177,444,71,686,632,51,0,231,227,735,142,440,687,286,556,441,737,555,625,636,154,236,210,79,553,332,469,243,563,699,605,695,630,648,562,246,68,411,301,599,484,406,48,496,520,581,644,380,426,133,300,59,277,565,439,146,608,488,561,114,304,202,674,741,454,473,722,151,505,329,87,616,262,702,721,32,2,470,184,596,164,302,658,434,545,371,397,662,409,597,448,576,145,330,678,350,586,125,24,101,601,181,275,75,508,204,403,303,25,89,653,579,399,659,623,546,238,582,144,407,269,127,393,382,475,663,55,108,132,400,507,620,370,594,593,149,172,170,493,45,535,102,610,657,732,220,319,203,442,681,575,624,39,23,713,425,646,690,655,268,673,542,733,115,386,694,489,61,402,271,384,199,174,134,355,356,661,190,438,247,514,50,592,474,255,196,668,124,260,698,697,137,293,700,672,352,337,437,297,479,194,252,649,314,339,46,494,550,226,122,709,522,261,564,225,309,232,11,358,647,99,256,86,512,264,117,405,396,306,389,278,459,634,298,222,153,375,530,617,266,536,390,598,574,478,215,81,16,381,346,669,392,367,421,30,503,500,93,745,276,248,103,641,665,299,27,385,259,677,17,100,643,688,211,420,554,84,251,296,274,374,639,490,395,376,383,20,195,121,529,566,52,544,436,651,584,510,717,209,253,107,19,182,70,344,191,313,315,588,188,348,483,615,22,265,560,7,4,531,185,523,287,168,637,318,56,139,38,689,120,583,692,76,577,491,33,308,413,363,708,485,650,91,541,18,326,90,110,179,40,328,654,569,680,558,606,595,333,533,693,96,521,725,239,74,283,481,135,513,13,155,430,511,201,538,539,706,526,216,192,126,423,412,419,270,34,682,495,21,559,645,656,465,540,235,422,468,518,212,250,578,77,15,310,618,123,36,492,740,635,611,676,435,128,388,63,744,281,41,549,509,364,316,627,162,719,609,613,58,9,197,150,166,62,180,570,334,42,707,504,671,517,660,607,602,445,743,244,178,499,312,206,433,
329,150.01867604255676,161843.4419523955,158119.98513162625,78,416,460,728,217,464,322,230,373,161,427,534,455,372,49,219,361,67,417,320,6,241,424,158,229,452,742,5,72,704,234,242,85,466,712,453,80,354,272,467,378,240,365,291,394,98,527,366,703,477,691,572,147,590,66,94,183,603,8,567,471,749,258,720,324,64,628,359,476,31,585,519,557,353,323,224,683,723,724,163,501,207,342,619,516,141,551,449,652,325,111,69,171,12,218,187,705,568,573,502,612,290,233,525,457,351,112,279,176,106,631,57,317,327,642,532,245,282,731,26,391,458,670,140,480,446,130,622,736,685,200,362,37,431,335,718,591,95,104,54,600,463,664,138,571,487,621,404,604,747,205,418,285,379,228,461,113,537,548,580,506,552,213,543,369,614,357,173,341,267,748,47,118,167,83,414,347,462,528,432,710,415,711,482,28,666,307,175,343,116,701,82,679,88,739,193,726,498,136,429,208,589,14,60,160,738,696,249,331,148,730,684,105,214,746,131,43,223,169,165,53,408,92,368,443,451,715,119,44,3,587,626,340,152,159,305,254,486,638,377,515,280,428,129,73,410,263,447,157,35,189,667,716,633,97,727,360,472,387,186,734,336,29,294,456,321,292,345,524,10,349,547,156,273,629,109,221,450,729,338,640,1,198,284,714,401,497,675,143,398,65,237,295,257,288,311,289,177,444,71,686,632,51,0,231,227,735,142,440,687,286,556,441,737,555,625,636,154,236,210,79,553,332,469,243,563,699,605,695,630,648,562,246,68,411,301,599,484,406,48,496,520,581,644,380,426,133,300,59,277,565,439,146,608,488,561,114,304,202,674,741,454,473,722,151,505,329,87,616,262,702,721,32,2,470,184,596,164,302,658,434,545,371,397,662,409,597,448,576,145,330,678,350,586,125,24,101,601,181,275,75,508,204,403,303,25,89,653,579,399,659,623,546,238,582,144,407,269,127,393,382,475,663,55,108,132,400,507,620,370,594,593,149,172,170,493,45,535,102,610,657,732,220,319,203,442,681,575,624,39,23,713,425,646,690,655,268,673,542,733,115,386,694,489,61,402,271,384,199,174,134,355,356,661,190,438,247,514,50,592,474,255,196,668,124,260,698,697,137,293,700,672,352,337,437,297,479,194,252,649,314,339,46,494,550,226,122,709,522,261,564,225,309,232,11,358,647,99,256,86,512,264,117,405,396,306,389,278,459,634,298,222,153,375,530,617,266,536,390,598,574,478,215,81,16,381,346,669,392,367,421,30,503,500,93,745,276,248,103,641,665,299,27,385,259,677,17,100,643,688,211,420,554,84,251,296,274,374,639,490,395,376,383,20,195,121,529,566,52,544,436,651,584,510,717,209,253,107,19,182,70,344,191,313,315,588,188,348,483,615,22,265,560,7,4,531,185,523,287,168,637,318,56,139,38,689,120,583,692,76,577,491,33,308,413,363,708,485,650,91,541,18,326,90,110,179,40,328,654,569,680,558,606,595,333,533,693,96,521,725,239,74,283,481,135,513,13,155,430,511,201,538,539,706,526,216,192,126,423,412,419,270,34,682,495,21,559,645,656,465,540,235,422,468,518,212,250,578,77,15,310,618,123,36,492,740,635,611,676,435,128,388,63,744,281,41,549,509,364,316,627,162,719,609,613,58,9,197,150,166,62,180,570,334,42,707,504,671,517,660,607,602,445,743,244,178,499,312,206,433,
330,150.4198944568634,160514.4571519075,158119.98513162625,78,416,460,728,217,464,322,230,373,161,427,534,455,372,49,219,361,67,417,320,6,241,424,158,229,452,742,5,72,704,234,242,85,466,712,453,80,354,272,467,378,240,365,291,394,98,527,366,703,477,691,572,147,590,66,94,183,603,8,567,471,749,258,720,324,64,628,359,476,31,585,519,557,353,323,224,683,723,724,163,501,207,342,619,516,141,551,449,652,325,111,69,171,12,218,187,705,568,573,502,612,290,233,525,457,351,112,279,176,106,631,57,317,327,642,532,245,282,731,26,391,458,670,140,480,446,130,622,736,685,200,362,37,431,335,718,591,95,104,54,600,463,664,138,571,487,621,404,604,747,205,418,285,379,228,461,113,537,548,580,506,552,213,543,369,614,357,173,341,267,748,47,118,167,83,414,347,462,528,432,710,415,711,482,28,666,307,175,343,116,701,82,679,88,739,193,726,498,136,429,208,589,14,60,160,738,696,249,331,148,730,684,105,214,746,131,43,223,169,165,53,408,92,368,443,451,715,119,44,3,587,626,340,152,159,305,254,486,638,377,515,280,428,129,73,410,263,447,157,35,189,667,716,633,97,727,360,472,387,186,734,336,29,294,456,321,292,345,524,10,349,547,156,273,629,109,221,450,729,338,640,1,198,284,714,401,497,675,143,398,65,237,295,257,288,311,289,177,444,71,686,632,51,0,231,227,735,142,440,687,286,556,441,737,555,625,636,154,236,210,79,553,332,469,243,563,699,605,695,630,648,562,246,68,411,301,599,484,406,48,496,520,581,644,380,426,133,300,59,277,565,439,146,608,488,561,114,304,202,674,741,454,473,722,151,505,329,87,616,262,702,721,32,2,470,184,596,164,302,658,434,545,371,397,662,409,597,448,576,145,330,678,350,586,125,24,101,601,181,275,75,508,204,403,303,25,89,653,579,399,659,623,546,238,582,144,407,269,127,393,382,475,663,55,108,132,400,507,620,370,594,593,149,172,170,493,45,535,102,610,657,732,220,319,203,442,681,575,624,39,23,713,425,646,690,655,268,673,542,733,115,386,694,489,61,402,271,384,199,174,134,355,356,661,190,438,247,514,50,592,474,255,196,668,124,260,698,697,137,293,700,672,352,337,437,297,479,194,252,649,314,339,46,494,550,226,122,709,522,261,564,225,309,232,11,358,647,99,256,86,512,264,117,405,396,306,389,278,459,634,298,222,153,375,530,617,266,536,390,598,574,478,215,81,16,381,346,669,392,367,421,30,503,500,93,745,276,248,103,641,665,299,27,385,259,677,17,100,643,688,211,420,554,84,251,296,274,374,639,490,395,376,383,20,195,121,529,566,52,544,436,651,584,510,717,209,253,107,19,182,70,344,191,313,315,588,188,348,483,615,22,265,560,7,4,531,185,523,287,168,637,318,56,139,38,689,120,583,692,76,577,491,33,308,413,363,708,485,650,91,541,18,326,90,110,179,40,328,654,569,680,558,606,595,333,533,693,96,521,725,239,74,283,481,135,513,13,155,430,511,201,538,539,706,526,216,192,126,423,412,419,270,34,682,495,21,559,645,656,465,540,235,422,468,518,212,250,578,77,15,310,618,123,36,492,740,635,611,676,435,128,388,63,744,281,41,549,509,364,316,627,162,719,609,613,58,9,197,150,166,62,180,570,334,42,707,504,671,517,660,607,602,445,743,244,178,499,312,206,433,
331,150.83198356628418,162274.02286650054,158119.98513162625,78,416,460,728,217,464,322,230,373,161,427,534,455,372,49,219,361,67,417,320,6,241,424,158,229,452,742,5,72,704,234,242,85,466,712,453,80,354,272,467,378,240,365,291,394,98,527,366,703,477,691,572,147,590,66,94,183,603,8,567,471,749,258,720,324,64,628,359,476,31,585,519,557,353,323,224,683,723,724,163,501,207,342,619,516,141,551,449,652,325,111,69,171,12,218,187,705,568,573,502,612,290,233,525,457,351,112,279,176,106,631,57,317,327,642,532,245,282,731,26,391,458,670,140,480,446,130,622,736,685,200,362,37,431,335,718,591,95,104,54,600,463,664,138,571,487,621,404,604,747,205,418,285,379,228,461,113,537,548,580,506,552,213,543,369,614,357,173,341,267,748,47,118,167,83,414,347,462,528,432,710,415,711,482,28,666,307,175,343,116,701,82,679,88,739,193,726,498,136,429,208,589,14,60,160,738,696,249,331,148,730,684,105,214,746,131,43,223,169,165,53,408,92,368,443,451,715,119,44,3,587,626,340,152,159,305,254,486,638,377,515,280,428,129,73,410,263,447,157,35,189,667,716,633,97,727,360,472,387,186,734,336,29,294,456,321,292,345,524,10,349,547,156,273,629,109,221,450,729,338,640,1,198,284,714,401,497,675,143,398,65,237,295,257,288,311,289,177,444,71,686,632,51,0,231,227,735,142,440,687,286,556,441,737,555,625,636,154,236,210,79,553,332,469,243,563,699,605,695,630,648,562,246,68,411,301,599,484,406,48,496,520,581,644,380,426,133,300,59,277,565,439,146,608,488,561,114,304,202,674,741,454,473,722,151,505,329,87,616,262,702,721,32,2,470,184,596,164,302,658,434,545,371,397,662,409,597,448,576,145,330,678,350,586,125,24,101,601,181,275,75,508,204,403,303,25,89,653,579,399,659,623,546,238,582,144,407,269,127,393,382,475,663,55,108,132,400,507,620,370,594,593,149,172,170,493,45,535,102,610,657,732,220,319,203,442,681,575,624,39,23,713,425,646,690,655,268,673,542,733,115,386,694,489,61,402,271,384,199,174,134,355,356,661,190,438,247,514,50,592,474,255,196,668,124,260,698,697,137,293,700,672,352,337,437,297,479,194,252,649,314,339,46,494,550,226,122,709,522,261,564,225,309,232,11,358,647,99,256,86,512,264,117,405,396,306,389,278,459,634,298,222,153,375,530,617,266,536,390,598,574,478,215,81,16,381,346,669,392,367,421,30,503,500,93,745,276,248,103,641,665,299,27,385,259,677,17,100,643,688,211,420,554,84,251,296,274,374,639,490,395,376,383,20,195,121,529,566,52,544,436,651,584,510,717,209,253,107,19,182,70,344,191,313,315,588,188,348,483,615,22,265,560,7,4,531,185,523,287,168,637,318,56,139,38,689,120,583,692,76,577,491,33,308,413,363,708,485,650,91,541,18,326,90,110,179,40,328,654,569,680,558,606,595,333,533,693,96,521,725,239,74,283,481,135,513,13,155,430,511,201,538,539,706,526,216,192,126,423,412,419,270,34,682,495,21,559,645,656,465,540,235,422,468,518,212,250,578,77,15,310,618,123,36,492,740,635,611,676,435,128,388,63,744,281,41,549,509,364,316,627,162,719,609,613,58,9,197,150,166,62,180,570,334,42,707,504,671,517,660,607,602,445,743,244,178,499,312,206,433,
332,151.28607559204102,161860.4603493216,158119.98513162625,78,416,460,728,217,464,322,230,373,161,427,534,455,372,49,219,361,67,417,320,6,241,424,158,229,452,742,5,72,704,234,242,85,466,712,453,80,354,272,467,378,240,365,291,394,98,527,366,703,477,691,572,147,590,66,94,183,603,8,567,471,749,258,720,324,64,628,359,476,31,585,519,557,353,323,224,683,723,724,163,501,207,342,619,516,141,551,449,652,325,111,69,171,12,218,187,705,568,573,502,612,290,233,525,457,351,112,279,176,106,631,57,317,327,642,532,245,282,731,26,391,458,670,140,480,446,130,622,736,685,200,362,37,431,335,718,591,95,104,54,600,463,664,138,571,487,621,404,604,747,205,418,285,379,228,461,113,537,548,580,506,552,213,543,369,614,357,173,341,267,748,47,118,167,83,414,347,462,528,432,710,415,711,482,28,666,307,175,343,116,701,82,679,88,739,193,726,498,136,429,208,589,14,60,160,738,696,249,331,148,730,684,105,214,746,131,43,223,169,165,53,408,92,368,443,451,715,119,44,3,587,626,340,152,159,305,254,486,638,377,515,280,428,129,73,410,263,447,157,35,189,667,716,633,97,727,360,472,387,186,734,336,29,294,456,321,292,345,524,10,349,547,156,273,629,109,221,450,729,338,640,1,198,284,714,401,497,675,143,398,65,237,295,257,288,311,289,177,444,71,686,632,51,0,231,227,735,142,440,687,286,556,441,737,555,625,636,154,236,210,79,553,332,469,243,563,699,605,695,630,648,562,246,68,411,301,599,484,406,48,496,520,581,644,380,426,133,300,59,277,565,439,146,608,488,561,114,304,202,674,741,454,473,722,151,505,329,87,616,262,702,721,32,2,470,184,596,164,302,658,434,545,371,397,662,409,597,448,576,145,330,678,350,586,125,24,101,601,181,275,75,508,204,403,303,25,89,653,579,399,659,623,546,238,582,144,407,269,127,393,382,475,663,55,108,132,400,507,620,370,594,593,149,172,170,493,45,535,102,610,657,732,220,319,203,442,681,575,624,39,23,713,425,646,690,655,268,673,542,733,115,386,694,489,61,402,271,384,199,174,134,355,356,661,190,438,247,514,50,592,474,255,196,668,124,260,698,697,137,293,700,672,352,337,437,297,479,194,252,649,314,339,46,494,550,226,122,709,522,261,564,225,309,232,11,358,647,99,256,86,512,264,117,405,396,306,389,278,459,634,298,222,153,375,530,617,266,536,390,598,574,478,215,81,16,381,346,669,392,367,421,30,503,500,93,745,276,248,103,641,665,299,27,385,259,677,17,100,643,688,211,420,554,84,251,296,274,374,639,490,395,376,383,20,195,121,529,566,52,544,436,651,584,510,717,209,253,107,19,182,70,344,191,313,315,588,188,348,483,615,22,265,560,7,4,531,185,523,287,168,637,318,56,139,38,689,120,583,692,76,577,491,33,308,413,363,708,485,650,91,541,18,326,90,110,179,40,328,654,569,680,558,606,595,333,533,693,96,521,725,239,74,283,481,135,513,13,155,430,511,201,538,539,706,526,216,192,126,423,412,419,270,34,682,495,21,559,645,656,465,540,235,422,468,518,212,250,578,77,15,310,618,123,36,492,740,635,611,676,435,128,388,63,744,281,41,549,509,364,316,627,162,719,609,613,58,9,197,150,166,62,180,570,334,42,707,504,671,517,660,607,602,445,743,244,178,499,312,206,433,
333,151.76493453979492,160822.3596855596,158119.98513162625,78,416,460,728,217,464,322,230,373,161,427,534,455,372,49,219,361,67,417,320,6,241,424,158,229,452,742,5,72,704,234,242,85,466,712,453,80,354,272,467,378,240,365,291,394,98,527,366,703,477,691,572,147,590,66,94,183,603,8,567,471,749,258,720,324,64,628,359,476,31,585,519,557,353,323,224,683,723,724,163,501,207,342,619,516,141,551,449,652,325,111,69,171,12,218,187,705,568,573,502,612,290,233,525,457,351,112,279,176,106,631,57,317,327,642,532,245,282,731,26,391,458,670,140,480,446,130,622,736,685,200,362,37,431,335,718,591,95,104,54,600,463,664,138,571,487,621,404,604,747,205,418,285,379,228,461,113,537,548,580,506,552,213,543,369,614,357,173,341,267,748,47,118,167,83,414,347,462,528,432,710,415,711,482,28,666,307,175,343,116,701,82,679,88,739,193,726,498,136,429,208,589,14,60,160,738,696,249,331,148,730,684,105,214,746,131,43,223,169,165,53,408,92,368,443,451,715,119,44,3,587,626,340,152,159,305,254,486,638,377,515,280,428,129,73,410,263,447,157,35,189,667,716,633,97,727,360,472,387,186,734,336,29,294,456,321,292,345,524,10,349,547,156,273,629,109,221,450,729,338,640,1,198,284,714,401,497,675,143,398,65,237,295,257,288,311,289,177,444,71,686,632,51,0,231,227,735,142,440,687,286,556,441,737,555,625,636,154,236,210,79,553,332,469,243,563,699,605,695,630,648,562,246,68,411,301,599,484,406,48,496,520,581,644,380,426,133,300,59,277,565,439,146,608,488,561,114,304,202,674,741,454,473,722,151,505,329,87,616,262,702,721,32,2,470,184,596,164,302,658,434,545,371,397,662,409,597,448,576,145,330,678,350,586,125,24,101,601,181,275,75,508,204,403,303,25,89,653,579,399,659,623,546,238,582,144,407,269,127,393,382,475,663,55,108,132,400,507,620,370,594,593,149,172,170,493,45,535,102,610,657,732,220,319,203,442,681,575,624,39,23,713,425,646,690,655,268,673,542,733,115,386,694,489,61,402,271,384,199,174,134,355,356,661,190,438,247,514,50,592,474,255,196,668,124,260,698,697,137,293,700,672,352,337,437,297,479,194,252,649,314,339,46,494,550,226,122,709,522,261,564,225,309,232,11,358,647,99,256,86,512,264,117,405,396,306,389,278,459,634,298,222,153,375,530,617,266,536,390,598,574,478,215,81,16,381,346,669,392,367,421,30,503,500,93,745,276,248,103,641,665,299,27,385,259,677,17,100,643,688,211,420,554,84,251,296,274,374,639,490,395,376,383,20,195,121,529,566,52,544,436,651,584,510,717,209,253,107,19,182,70,344,191,313,315,588,188,348,483,615,22,265,560,7,4,531,185,523,287,168,637,318,56,139,38,689,120,583,692,76,577,491,33,308,413,363,708,485,650,91,541,18,326,90,110,179,40,328,654,569,680,558,606,595,333,533,693,96,521,725,239,74,283,481,135,513,13,155,430,511,201,538,539,706,526,216,192,126,423,412,419,270,34,682,495,21,559,645,656,465,540,235,422,468,518,212,250,578,77,15,310,618,123,36,492,740,635,611,676,435,128,388,63,744,281,41,549,509,364,316,627,162,719,609,613,58,9,197,150,166,62,180,570,334,42,707,504,671,517,660,607,602,445,743,244,178,499,312,206,433,
334,152.1975712776184,160090.40412918048,158119.98513162625,78,416,460,728,217,464,322,230,373,161,427,534,455,372,49,219,361,67,417,320,6,241,424,158,229,452,742,5,72,704,234,242,85,466,712,453,80,354,272,467,378,240,365,291,394,98,527,366,703,477,691,572,147,590,66,94,183,603,8,567,471,749,258,720,324,64,628,359,476,31,585,519,557,353,323,224,683,723,724,163,501,207,342,619,516,141,551,449,652,325,111,69,171,12,218,187,705,568,573,502,612,290,233,525,457,351,112,279,176,106,631,57,317,327,642,532,245,282,731,26,391,458,670,140,480,446,130,622,736,685,200,362,37,431,335,718,591,95,104,54,600,463,664,138,571,487,621,404,604,747,205,418,285,379,228,461,113,537,548,580,506,552,213,543,369,614,357,173,341,267,748,47,118,167,83,414,347,462,528,432,710,415,711,482,28,666,307,175,343,116,701,82,679,88,739,193,726,498,136,429,208,589,14,60,160,738,696,249,331,148,730,684,105,214,746,131,43,223,169,165,53,408,92,368,443,451,715,119,44,3,587,626,340,152,159,305,254,486,638,377,515,280,428,129,73,410,263,447,157,35,189,667,716,633,97,727,360,472,387,186,734,336,29,294,456,321,292,345,524,10,349,547,156,273,629,109,221,450,729,338,640,1,198,284,714,401,497,675,143,398,65,237,295,257,288,311,289,177,444,71,686,632,51,0,231,227,735,142,440,687,286,556,441,737,555,625,636,154,236,210,79,553,332,469,243,563,699,605,695,630,648,562,246,68,411,301,599,484,406,48,496,520,581,644,380,426,133,300,59,277,565,439,146,608,488,561,114,304,202,674,741,454,473,722,151,505,329,87,616,262,702,721,32,2,470,184,596,164,302,658,434,545,371,397,662,409,597,448,576,145,330,678,350,586,125,24,101,601,181,275,75,508,204,403,303,25,89,653,579,399,659,623,546,238,582,144,407,269,127,393,382,475,663,55,108,132,400,507,620,370,594,593,149,172,170,493,45,535,102,610,657,732,220,319,203,442,681,575,624,39,23,713,425,646,690,655,268,673,542,733,115,386,694,489,61,402,271,384,199,174,134,355,356,661,190,438,247,514,50,592,474,255,196,668,124,260,698,697,137,293,700,672,352,337,437,297,479,194,252,649,314,339,46,494,550,226,122,709,522,261,564,225,309,232,11,358,647,99,256,86,512,264,117,405,396,306,389,278,459,634,298,222,153,375,530,617,266,536,390,598,574,478,215,81,16,381,346,669,392,367,421,30,503,500,93,745,276,248,103,641,665,299,27,385,259,677,17,100,643,688,211,420,554,84,251,296,274,374,639,490,395,376,383,20,195,121,529,566,52,544,436,651,584,510,717,209,253,107,19,182,70,344,191,313,315,588,188,348,483,615,22,265,560,7,4,531,185,523,287,168,637,318,56,139,38,689,120,583,692,76,577,491,33,308,413,363,708,485,650,91,541,18,326,90,110,179,40,328,654,569,680,558,606,595,333,533,693,96,521,725,239,74,283,481,135,513,13,155,430,511,201,538,539,706,526,216,192,126,423,412,419,270,34,682,495,21,559,645,656,465,540,235,422,468,518,212,250,578,77,15,310,618,123,36,492,740,635,611,676,435,128,388,63,744,281,41,549,509,364,316,627,162,719,609,613,58,9,197,150,166,62,180,570,334,42,707,504,671,517,660,607,602,445,743,244,178,499,312,206,433,
335,152.73377585411072,159757.23847816707,158119.98513162625,78,416,460,728,217,464,322,230,373,161,427,534,455,372,49,219,361,67,417,320,6,241,424,158,229,452,742,5,72,704,234,242,85,466,712,453,80,354,272,467,378,240,365,291,394,98,527,366,703,477,691,572,147,590,66,94,183,603,8,567,471,749,258,720,324,64,628,359,476,31,585,519,557,353,323,224,683,723,724,163,501,207,342,619,516,141,551,449,652,325,111,69,171,12,218,187,705,568,573,502,612,290,233,525,457,351,112,279,176,106,631,57,317,327,642,532,245,282,731,26,391,458,670,140,480,446,130,622,736,685,200,362,37,431,335,718,591,95,104,54,600,463,664,138,571,487,621,404,604,747,205,418,285,379,228,461,113,537,548,580,506,552,213,543,369,614,357,173,341,267,748,47,118,167,83,414,347,462,528,432,710,415,711,482,28,666,307,175,343,116,701,82,679,88,739,193,726,498,136,429,208,589,14,60,160,738,696,249,331,148,730,684,105,214,746,131,43,223,169,165,53,408,92,368,443,451,715,119,44,3,587,626,340,152,159,305,254,486,638,377,515,280,428,129,73,410,263,447,157,35,189,667,716,633,97,727,360,472,387,186,734,336,29,294,456,321,292,345,524,10,349,547,156,273,629,109,221,450,729,338,640,1,198,284,714,401,497,675,143,398,65,237,295,257,288,311,289,177,444,71,686,632,51,0,231,227,735,142,440,687,286,556,441,737,555,625,636,154,236,210,79,553,332,469,243,563,699,605,695,630,648,562,246,68,411,301,599,484,406,48,496,520,581,644,380,426,133,300,59,277,565,439,146,608,488,561,114,304,202,674,741,454,473,722,151,505,329,87,616,262,702,721,32,2,470,184,596,164,302,658,434,545,371,397,662,409,597,448,576,145,330,678,350,586,125,24,101,601,181,275,75,508,204,403,303,25,89,653,579,399,659,623,546,238,582,144,407,269,127,393,382,475,663,55,108,132,400,507,620,370,594,593,149,172,170,493,45,535,102,610,657,732,220,319,203,442,681,575,624,39,23,713,425,646,690,655,268,673,542,733,115,386,694,489,61,402,271,384,199,174,134,355,356,661,190,438,247,514,50,592,474,255,196,668,124,260,698,697,137,293,700,672,352,337,437,297,479,194,252,649,314,339,46,494,550,226,122,709,522,261,564,225,309,232,11,358,647,99,256,86,512,264,117,405,396,306,389,278,459,634,298,222,153,375,530,617,266,536,390,598,574,478,215,81,16,381,346,669,392,367,421,30,503,500,93,745,276,248,103,641,665,299,27,385,259,677,17,100,643,688,211,420,554,84,251,296,274,374,639,490,395,376,383,20,195,121,529,566,52,544,436,651,584,510,717,209,253,107,19,182,70,344,191,313,315,588,188,348,483,615,22,265,560,7,4,531,185,523,287,168,637,318,56,139,38,689,120,583,692,76,577,491,33,308,413,363,708,485,650,91,541,18,326,90,110,179,40,328,654,569,680,558,606,595,333,533,693,96,521,725,239,74,283,481,135,513,13,155,430,511,201,538,539,706,526,216,192,126,423,412,419,270,34,682,495,21,559,645,656,465,540,235,422,468,518,212,250,578,77,15,310,618,123,36,492,740,635,611,676,435,128,388,63,744,281,41,549,509,364,316,627,162,719,609,613,58,9,197,150,166,62,180,570,334,42,707,504,671,517,660,607,602,445,743,244,178,499,312,206,433,
336,153.20623135566711,160774.49646386204,158119.98513162625,78,416,460,728,217,464,322,230,373,161,427,534,455,372,49,219,361,67,417,320,6,241,424,158,229,452,742,5,72,704,234,242,85,466,712,453,80,354,272,467,378,240,365,291,394,98,527,366,703,477,691,572,147,590,66,94,183,603,8,567,471,749,258,720,324,64,628,359,476,31,585,519,557,353,323,224,683,723,724,163,501,207,342,619,516,141,551,449,652,325,111,69,171,12,218,187,705,568,573,502,612,290,233,525,457,351,112,279,176,106,631,57,317,327,642,532,245,282,731,26,391,458,670,140,480,446,130,622,736,685,200,362,37,431,335,718,591,95,104,54,600,463,664,138,571,487,621,404,604,747,205,418,285,379,228,461,113,537,548,580,506,552,213,543,369,614,357,173,341,267,748,47,118,167,83,414,347,462,528,432,710,415,711,482,28,666,307,175,343,116,701,82,679,88,739,193,726,498,136,429,208,589,14,60,160,738,696,249,331,148,730,684,105,214,746,131,43,223,169,165,53,408,92,368,443,451,715,119,44,3,587,626,340,152,159,305,254,486,638,377,515,280,428,129,73,410,263,447,157,35,189,667,716,633,97,727,360,472,387,186,734,336,29,294,456,321,292,345,524,10,349,547,156,273,629,109,221,450,729,338,640,1,198,284,714,401,497,675,143,398,65,237,295,257,288,311,289,177,444,71,686,632,51,0,231,227,735,142,440,687,286,556,441,737,555,625,636,154,236,210,79,553,332,469,243,563,699,605,695,630,648,562,246,68,411,301,599,484,406,48,496,520,581,644,380,426,133,300,59,277,565,439,146,608,488,561,114,304,202,674,741,454,473,722,151,505,329,87,616,262,702,721,32,2,470,184,596,164,302,658,434,545,371,397,662,409,597,448,576,145,330,678,350,586,125,24,101,601,181,275,75,508,204,403,303,25,89,653,579,399,659,623,546,238,582,144,407,269,127,393,382,475,663,55,108,132,400,507,620,370,594,593,149,172,170,493,45,535,102,610,657,732,220,319,203,442,681,575,624,39,23,713,425,646,690,655,268,673,542,733,115,386,694,489,61,402,271,384,199,174,134,355,356,661,190,438,247,514,50,592,474,255,196,668,124,260,698,697,137,293,700,672,352,337,437,297,479,194,252,649,314,339,46,494,550,226,122,709,522,261,564,225,309,232,11,358,647,99,256,86,512,264,117,405,396,306,389,278,459,634,298,222,153,375,530,617,266,536,390,598,574,478,215,81,16,381,346,669,392,367,421,30,503,500,93,745,276,248,103,641,665,299,27,385,259,677,17,100,643,688,211,420,554,84,251,296,274,374,639,490,395,376,383,20,195,121,529,566,52,544,436,651,584,510,717,209,253,107,19,182,70,344,191,313,315,588,188,348,483,615,22,265,560,7,4,531,185,523,287,168,637,318,56,139,38,689,120,583,692,76,577,491,33,308,413,363,708,485,650,91,541,18,326,90,110,179,40,328,654,569,680,558,606,595,333,533,693,96,521,725,239,74,283,481,135,513,13,155,430,511,201,538,539,706,526,216,192,126,423,412,419,270,34,682,495,21,559,645,656,465,540,235,422,468,518,212,250,578,77,15,310,618,123,36,492,740,635,611,676,435,128,388,63,744,281,41,549,509,364,316,627,162,719,609,613,58,9,197,150,166,62,180,570,334,42,707,504,671,517,660,607,602,445,743,244,178,499,312,206,433,
337,153.74190950393677,160055.33886432924,158119.98513162625,78,416,460,728,217,464,322,230,373,161,427,534,455,372,49,219,361,67,417,320,6,241,424,158,229,452,742,5,72,704,234,242,85,466,712,453,80,354,272,467,378,240,365,291,394,98,527,366,703,477,691,572,147,590,66,94,183,603,8,567,471,749,258,720,324,64,628,359,476,31,585,519,557,353,323,224,683,723,724,163,501,207,342,619,516,141,551,449,652,325,111,69,171,12,218,187,705,568,573,502,612,290,233,525,457,351,112,279,176,106,631,57,317,327,642,532,245,282,731,26,391,458,670,140,480,446,130,622,736,685,200,362,37,431,335,718,591,95,104,54,600,463,664,138,571,487,621,404,604,747,205,418,285,379,228,461,113,537,548,580,506,552,213,543,369,614,357,173,341,267,748,47,118,167,83,414,347,462,528,432,710,415,711,482,28,666,307,175,343,116,701,82,679,88,739,193,726,498,136,429,208,589,14,60,160,738,696,249,331,148,730,684,105,214,746,131,43,223,169,165,53,408,92,368,443,451,715,119,44,3,587,626,340,152,159,305,254,486,638,377,515,280,428,129,73,410,263,447,157,35,189,667,716,633,97,727,360,472,387,186,734,336,29,294,456,321,292,345,524,10,349,547,156,273,629,109,221,450,729,338,640,1,198,284,714,401,497,675,143,398,65,237,295,257,288,311,289,177,444,71,686,632,51,0,231,227,735,142,440,687,286,556,441,737,555,625,636,154,236,210,79,553,332,469,243,563,699,605,695,630,648,562,246,68,411,301,599,484,406,48,496,520,581,644,380,426,133,300,59,277,565,439,146,608,488,561,114,304,202,674,741,454,473,722,151,505,329,87,616,262,702,721,32,2,470,184,596,164,302,658,434,545,371,397,662,409,597,448,576,145,330,678,350,586,125,24,101,601,181,275,75,508,204,403,303,25,89,653,579,399,659,623,546,238,582,144,407,269,127,393,382,475,663,55,108,132,400,507,620,370,594,593,149,172,170,493,45,535,102,610,657,732,220,319,203,442,681,575,624,39,23,713,425,646,690,655,268,673,542,733,115,386,694,489,61,402,271,384,199,174,134,355,356,661,190,438,247,514,50,592,474,255,196,668,124,260,698,697,137,293,700,672,352,337,437,297,479,194,252,649,314,339,46,494,550,226,122,709,522,261,564,225,309,232,11,358,647,99,256,86,512,264,117,405,396,306,389,278,459,634,298,222,153,375,530,617,266,536,390,598,574,478,215,81,16,381,346,669,392,367,421,30,503,500,93,745,276,248,103,641,665,299,27,385,259,677,17,100,643,688,211,420,554,84,251,296,274,374,639,490,395,376,383,20,195,121,529,566,52,544,436,651,584,510,717,209,253,107,19,182,70,344,191,313,315,588,188,348,483,615,22,265,560,7,4,531,185,523,287,168,637,318,56,139,38,689,120,583,692,76,577,491,33,308,413,363,708,485,650,91,541,18,326,90,110,179,40,328,654,569,680,558,606,595,333,533,693,96,521,725,239,74,283,481,135,513,13,155,430,511,201,538,539,706,526,216,192,126,423,412,419,270,34,682,495,21,559,645,656,465,540,235,422,468,518,212,250,578,77,15,310,618,123,36,492,740,635,611,676,435,128,388,63,744,281,41,549,509,364,316,627,162,719,609,613,58,9,197,150,166,62,180,570,334,42,707,504,671,517,660,607,602,445,743,244,178,499,312,206,433,
338,154.1845200061798,161219.89509619586,158119.98513162625,78,416,460,728,217,464,322,230,373,161,427,534,455,372,49,219,361,67,417,320,6,241,424,158,229,452,742,5,72,704,234,242,85,466,712,453,80,354,272,467,378,240,365,291,394,98,527,366,703,477,691,572,147,590,66,94,183,603,8,567,471,749,258,720,324,64,628,359,476,31,585,519,557,353,323,224,683,723,724,163,501,207,342,619,516,141,551,449,652,325,111,69,171,12,218,187,705,568,573,502,612,290,233,525,457,351,112,279,176,106,631,57,317,327,642,532,245,282,731,26,391,458,670,140,480,446,130,622,736,685,200,362,37,431,335,718,591,95,104,54,600,463,664,138,571,487,621,404,604,747,205,418,285,379,228,461,113,537,548,580,506,552,213,543,369,614,357,173,341,267,748,47,118,167,83,414,347,462,528,432,710,415,711,482,28,666,307,175,343,116,701,82,679,88,739,193,726,498,136,429,208,589,14,60,160,738,696,249,331,148,730,684,105,214,746,131,43,223,169,165,53,408,92,368,443,451,715,119,44,3,587,626,340,152,159,305,254,486,638,377,515,280,428,129,73,410,263,447,157,35,189,667,716,633,97,727,360,472,387,186,734,336,29,294,456,321,292,345,524,10,349,547,156,273,629,109,221,450,729,338,640,1,198,284,714,401,497,675,143,398,65,237,295,257,288,311,289,177,444,71,686,632,51,0,231,227,735,142,440,687,286,556,441,737,555,625,636,154,236,210,79,553,332,469,243,563,699,605,695,630,648,562,246,68,411,301,599,484,406,48,496,520,581,644,380,426,133,300,59,277,565,439,146,608,488,561,114,304,202,674,741,454,473,722,151,505,329,87,616,262,702,721,32,2,470,184,596,164,302,658,434,545,371,397,662,409,597,448,576,145,330,678,350,586,125,24,101,601,181,275,75,508,204,403,303,25,89,653,579,399,659,623,546,238,582,144,407,269,127,393,382,475,663,55,108,132,400,507,620,370,594,593,149,172,170,493,45,535,102,610,657,732,220,319,203,442,681,575,624,39,23,713,425,646,690,655,268,673,542,733,115,386,694,489,61,402,271,384,199,174,134,355,356,661,190,438,247,514,50,592,474,255,196,668,124,260,698,697,137,293,700,672,352,337,437,297,479,194,252,649,314,339,46,494,550,226,122,709,522,261,564,225,309,232,11,358,647,99,256,86,512,264,117,405,396,306,389,278,459,634,298,222,153,375,530,617,266,536,390,598,574,478,215,81,16,381,346,669,392,367,421,30,503,500,93,745,276,248,103,641,665,299,27,385,259,677,17,100,643,688,211,420,554,84,251,296,274,374,639,490,395,376,383,20,195,121,529,566,52,544,436,651,584,510,717,209,253,107,19,182,70,344,191,313,315,588,188,348,483,615,22,265,560,7,4,531,185,523,287,168,637,318,56,139,38,689,120,583,692,76,577,491,33,308,413,363,708,485,650,91,541,18,326,90,110,179,40,328,654,569,680,558,606,595,333,533,693,96,521,725,239,74,283,481,135,513,13,155,430,511,201,538,539,706,526,216,192,126,423,412,419,270,34,682,495,21,559,645,656,465,540,235,422,468,518,212,250,578,77,15,310,618,123,36,492,740,635,611,676,435,128,388,63,744,281,41,549,509,364,316,627,162,719,609,613,58,9,197,150,166,62,180,570,334,42,707,504,671,517,660,607,602,445,743,244,178,499,312,206,433,
339,154.75151300430298,160699.93443070003,158119.98513162625,78,416,460,728,217,464,322,230,373,161,427,534,455,372,49,219,361,67,417,320,6,241,424,158,229,452,742,5,72,704,234,242,85,466,712,453,80,354,272,467,378,240,365,291,394,98,527,366,703,477,691,572,147,590,66,94,183,603,8,567,471,749,258,720,324,64,628,359,476,31,585,519,557,353,323,224,683,723,724,163,501,207,342,619,516,141,551,449,652,325,111,69,171,12,218,187,705,568,573,502,612,290,233,525,457,351,112,279,176,106,631,57,317,327,642,532,245,282,731,26,391,458,670,140,480,446,130,622,736,685,200,362,37,431,335,718,591,95,104,54,600,463,664,138,571,487,621,404,604,747,205,418,285,379,228,461,113,537,548,580,506,552,213,543,369,614,357,173,341,267,748,47,118,167,83,414,347,462,528,432,710,415,711,482,28,666,307,175,343,116,701,82,679,88,739,193,726,498,136,429,208,589,14,60,160,738,696,249,331,148,730,684,105,214,746,131,43,223,169,165,53,408,92,368,443,451,715,119,44,3,587,626,340,152,159,305,254,486,638,377,515,280,428,129,73,410,263,447,157,35,189,667,716,633,97,727,360,472,387,186,734,336,29,294,456,321,292,345,524,10,349,547,156,273,629,109,221,450,729,338,640,1,198,284,714,401,497,675,143,398,65,237,295,257,288,311,289,177,444,71,686,632,51,0,231,227,735,142,440,687,286,556,441,737,555,625,636,154,236,210,79,553,332,469,243,563,699,605,695,630,648,562,246,68,411,301,599,484,406,48,496,520,581,644,380,426,133,300,59,277,565,439,146,608,488,561,114,304,202,674,741,454,473,722,151,505,329,87,616,262,702,721,32,2,470,184,596,164,302,658,434,545,371,397,662,409,597,448,576,145,330,678,350,586,125,24,101,601,181,275,75,508,204,403,303,25,89,653,579,399,659,623,546,238,582,144,407,269,127,393,382,475,663,55,108,132,400,507,620,370,594,593,149,172,170,493,45,535,102,610,657,732,220,319,203,442,681,575,624,39,23,713,425,646,690,655,268,673,542,733,115,386,694,489,61,402,271,384,199,174,134,355,356,661,190,438,247,514,50,592,474,255,196,668,124,260,698,697,137,293,700,672,352,337,437,297,479,194,252,649,314,339,46,494,550,226,122,709,522,261,564,225,309,232,11,358,647,99,256,86,512,264,117,405,396,306,389,278,459,634,298,222,153,375,530,617,266,536,390,598,574,478,215,81,16,381,346,669,392,367,421,30,503,500,93,745,276,248,103,641,665,299,27,385,259,677,17,100,643,688,211,420,554,84,251,296,274,374,639,490,395,376,383,20,195,121,529,566,52,544,436,651,584,510,717,209,253,107,19,182,70,344,191,313,315,588,188,348,483,615,22,265,560,7,4,531,185,523,287,168,637,318,56,139,38,689,120,583,692,76,577,491,33,308,413,363,708,485,650,91,541,18,326,90,110,179,40,328,654,569,680,558,606,595,333,533,693,96,521,725,239,74,283,481,135,513,13,155,430,511,201,538,539,706,526,216,192,126,423,412,419,270,34,682,495,21,559,645,656,465,540,235,422,468,518,212,250,578,77,15,310,618,123,36,492,740,635,611,676,435,128,388,63,744,281,41,549,509,364,316,627,162,719,609,613,58,9,197,150,166,62,180,570,334,42,707,504,671,517,660,607,602,445,743,244,178,499,312,206,433,
340,155.16915106773376,161870.57432174892,158119.98513162625,78,416,460,728,217,464,322,230,373,161,427,534,455,372,49,219,361,67,417,320,6,241,424,158,229,452,742,5,72,704,234,242,85,466,712,453,80,354,272,467,378,240,365,291,394,98,527,366,703,477,691,572,147,590,66,94,183,603,8,567,471,749,258,720,324,64,628,359,476,31,585,519,557,353,323,224,683,723,724,163,501,207,342,619,516,141,551,449,652,325,111,69,171,12,218,187,705,568,573,502,612,290,233,525,457,351,112,279,176,106,631,57,317,327,642,532,245,282,731,26,391,458,670,140,480,446,130,622,736,685,200,362,37,431,335,718,591,95,104,54,600,463,664,138,571,487,621,404,604,747,205,418,285,379,228,461,113,537,548,580,506,552,213,543,369,614,357,173,341,267,748,47,118,167,83,414,347,462,528,432,710,415,711,482,28,666,307,175,343,116,701,82,679,88,739,193,726,498,136,429,208,589,14,60,160,738,696,249,331,148,730,684,105,214,746,131,43,223,169,165,53,408,92,368,443,451,715,119,44,3,587,626,340,152,159,305,254,486,638,377,515,280,428,129,73,410,263,447,157,35,189,667,716,633,97,727,360,472,387,186,734,336,29,294,456,321,292,345,524,10,349,547,156,273,629,109,221,450,729,338,640,1,198,284,714,401,497,675,143,398,65,237,295,257,288,311,289,177,444,71,686,632,51,0,231,227,735,142,440,687,286,556,441,737,555,625,636,154,236,210,79,553,332,469,243,563,699,605,695,630,648,562,246,68,411,301,599,484,406,48,496,520,581,644,380,426,133,300,59,277,565,439,146,608,488,561,114,304,202,674,741,454,473,722,151,505,329,87,616,262,702,721,32,2,470,184,596,164,302,658,434,545,371,397,662,409,597,448,576,145,330,678,350,586,125,24,101,601,181,275,75,508,204,403,303,25,89,653,579,399,659,623,546,238,582,144,407,269,127,393,382,475,663,55,108,132,400,507,620,370,594,593,149,172,170,493,45,535,102,610,657,732,220,319,203,442,681,575,624,39,23,713,425,646,690,655,268,673,542,733,115,386,694,489,61,402,271,384,199,174,134,355,356,661,190,438,247,514,50,592,474,255,196,668,124,260,698,697,137,293,700,672,352,337,437,297,479,194,252,649,314,339,46,494,550,226,122,709,522,261,564,225,309,232,11,358,647,99,256,86,512,264,117,405,396,306,389,278,459,634,298,222,153,375,530,617,266,536,390,598,574,478,215,81,16,381,346,669,392,367,421,30,503,500,93,745,276,248,103,641,665,299,27,385,259,677,17,100,643,688,211,420,554,84,251,296,274,374,639,490,395,376,383,20,195,121,529,566,52,544,436,651,584,510,717,209,253,107,19,182,70,344,191,313,315,588,188,348,483,615,22,265,560,7,4,531,185,523,287,168,637,318,56,139,38,689,120,583,692,76,577,491,33,308,413,363,708,485,650,91,541,18,326,90,110,179,40,328,654,569,680,558,606,595,333,533,693,96,521,725,239,74,283,481,135,513,13,155,430,511,201,538,539,706,526,216,192,126,423,412,419,270,34,682,495,21,559,645,656,465,540,235,422,468,518,212,250,578,77,15,310,618,123,36,492,740,635,611,676,435,128,388,63,744,281,41,549,509,364,316,627,162,719,609,613,58,9,197,150,166,62,180,570,334,42,707,504,671,517,660,607,602,445,743,244,178,499,312,206,433,
341,155.64414811134338,162314.88155336204,158119.98513162625,78,416,460,728,217,464,322,230,373,161,427,534,455,372,49,219,361,67,417,320,6,241,424,158,229,452,742,5,72,704,234,242,85,466,712,453,80,354,272,467,378,240,365,291,394,98,527,366,703,477,691,572,147,590,66,94,183,603,8,567,471,749,258,720,324,64,628,359,476,31,585,519,557,353,323,224,683,723,724,163,501,207,342,619,516,141,551,449,652,325,111,69,171,12,218,187,705,568,573,502,612,290,233,525,457,351,112,279,176,106,631,57,317,327,642,532,245,282,731,26,391,458,670,140,480,446,130,622,736,685,200,362,37,431,335,718,591,95,104,54,600,463,664,138,571,487,621,404,604,747,205,418,285,379,228,461,113,537,548,580,506,552,213,543,369,614,357,173,341,267,748,47,118,167,83,414,347,462,528,432,710,415,711,482,28,666,307,175,343,116,701,82,679,88,739,193,726,498,136,429,208,589,14,60,160,738,696,249,331,148,730,684,105,214,746,131,43,223,169,165,53,408,92,368,443,451,715,119,44,3,587,626,340,152,159,305,254,486,638,377,515,280,428,129,73,410,263,447,157,35,189,667,716,633,97,727,360,472,387,186,734,336,29,294,456,321,292,345,524,10,349,547,156,273,629,109,221,450,729,338,640,1,198,284,714,401,497,675,143,398,65,237,295,257,288,311,289,177,444,71,686,632,51,0,231,227,735,142,440,687,286,556,441,737,555,625,636,154,236,210,79,553,332,469,243,563,699,605,695,630,648,562,246,68,411,301,599,484,406,48,496,520,581,644,380,426,133,300,59,277,565,439,146,608,488,561,114,304,202,674,741,454,473,722,151,505,329,87,616,262,702,721,32,2,470,184,596,164,302,658,434,545,371,397,662,409,597,448,576,145,330,678,350,586,125,24,101,601,181,275,75,508,204,403,303,25,89,653,579,399,659,623,546,238,582,144,407,269,127,393,382,475,663,55,108,132,400,507,620,370,594,593,149,172,170,493,45,535,102,610,657,732,220,319,203,442,681,575,624,39,23,713,425,646,690,655,268,673,542,733,115,386,694,489,61,402,271,384,199,174,134,355,356,661,190,438,247,514,50,592,474,255,196,668,124,260,698,697,137,293,700,672,352,337,437,297,479,194,252,649,314,339,46,494,550,226,122,709,522,261,564,225,309,232,11,358,647,99,256,86,512,264,117,405,396,306,389,278,459,634,298,222,153,375,530,617,266,536,390,598,574,478,215,81,16,381,346,669,392,367,421,30,503,500,93,745,276,248,103,641,665,299,27,385,259,677,17,100,643,688,211,420,554,84,251,296,274,374,639,490,395,376,383,20,195,121,529,566,52,544,436,651,584,510,717,209,253,107,19,182,70,344,191,313,315,588,188,348,483,615,22,265,560,7,4,531,185,523,287,168,637,318,56,139,38,689,120,583,692,76,577,491,33,308,413,363,708,485,650,91,541,18,326,90,110,179,40,328,654,569,680,558,606,595,333,533,693,96,521,725,239,74,283,481,135,513,13,155,430,511,201,538,539,706,526,216,192,126,423,412,419,270,34,682,495,21,559,645,656,465,540,235,422,468,518,212,250,578,77,15,310,618,123,36,492,740,635,611,676,435,128,388,63,744,281,41,549,509,364,316,627,162,719,609,613,58,9,197,150,166,62,180,570,334,42,707,504,671,517,660,607,602,445,743,244,178,499,312,206,433,
342,156.09792637825012,161257.6878875215,158119.98513162625,78,416,460,728,217,464,322,230,373,161,427,534,455,372,49,219,361,67,417,320,6,241,424,158,229,452,742,5,72,704,234,242,85,466,712,453,80,354,272,467,378,240,365,291,394,98,527,366,703,477,691,572,147,590,66,94,183,603,8,567,471,749,258,720,324,64,628,359,476,31,585,519,557,353,323,224,683,723,724,163,501,207,342,619,516,141,551,449,652,325,111,69,171,12,218,187,705,568,573,502,612,290,233,525,457,351,112,279,176,106,631,57,317,327,642,532,245,282,731,26,391,458,670,140,480,446,130,622,736,685,200,362,37,431,335,718,591,95,104,54,600,463,664,138,571,487,621,404,604,747,205,418,285,379,228,461,113,537,548,580,506,552,213,543,369,614,357,173,341,267,748,47,118,167,83,414,347,462,528,432,710,415,711,482,28,666,307,175,343,116,701,82,679,88,739,193,726,498,136,429,208,589,14,60,160,738,696,249,331,148,730,684,105,214,746,131,43,223,169,165,53,408,92,368,443,451,715,119,44,3,587,626,340,152,159,305,254,486,638,377,515,280,428,129,73,410,263,447,157,35,189,667,716,633,97,727,360,472,387,186,734,336,29,294,456,321,292,345,524,10,349,547,156,273,629,109,221,450,729,338,640,1,198,284,714,401,497,675,143,398,65,237,295,257,288,311,289,177,444,71,686,632,51,0,231,227,735,142,440,687,286,556,441,737,555,625,636,154,236,210,79,553,332,469,243,563,699,605,695,630,648,562,246,68,411,301,599,484,406,48,496,520,581,644,380,426,133,300,59,277,565,439,146,608,488,561,114,304,202,674,741,454,473,722,151,505,329,87,616,262,702,721,32,2,470,184,596,164,302,658,434,545,371,397,662,409,597,448,576,145,330,678,350,586,125,24,101,601,181,275,75,508,204,403,303,25,89,653,579,399,659,623,546,238,582,144,407,269,127,393,382,475,663,55,108,132,400,507,620,370,594,593,149,172,170,493,45,535,102,610,657,732,220,319,203,442,681,575,624,39,23,713,425,646,690,655,268,673,542,733,115,386,694,489,61,402,271,384,199,174,134,355,356,661,190,438,247,514,50,592,474,255,196,668,124,260,698,697,137,293,700,672,352,337,437,297,479,194,252,649,314,339,46,494,550,226,122,709,522,261,564,225,309,232,11,358,647,99,256,86,512,264,117,405,396,306,389,278,459,634,298,222,153,375,530,617,266,536,390,598,574,478,215,81,16,381,346,669,392,367,421,30,503,500,93,745,276,248,103,641,665,299,27,385,259,677,17,100,643,688,211,420,554,84,251,296,274,374,639,490,395,376,383,20,195,121,529,566,52,544,436,651,584,510,717,209,253,107,19,182,70,344,191,313,315,588,188,348,483,615,22,265,560,7,4,531,185,523,287,168,637,318,56,139,38,689,120,583,692,76,577,491,33,308,413,363,708,485,650,91,541,18,326,90,110,179,40,328,654,569,680,558,606,595,333,533,693,96,521,725,239,74,283,481,135,513,13,155,430,511,201,538,539,706,526,216,192,126,423,412,419,270,34,682,495,21,559,645,656,465,540,235,422,468,518,212,250,578,77,15,310,618,123,36,492,740,635,611,676,435,128,388,63,744,281,41,549,509,364,316,627,162,719,609,613,58,9,197,150,166,62,180,570,334,42,707,504,671,517,660,607,602,445,743,244,178,499,312,206,433,
343,156.59597849845886,161255.96225689392,158119.98513162625,78,416,460,728,217,464,322,230,373,161,427,534,455,372,49,219,361,67,417,320,6,241,424,158,229,452,742,5,72,704,234,242,85,466,712,453,80,354,272,467,378,240,365,291,394,98,527,366,703,477,691,572,147,590,66,94,183,603,8,567,471,749,258,720,324,64,628,359,476,31,585,519,557,353,323,224,683,723,724,163,501,207,342,619,516,141,551,449,652,325,111,69,171,12,218,187,705,568,573,502,612,290,233,525,457,351,112,279,176,106,631,57,317,327,642,532,245,282,731,26,391,458,670,140,480,446,130,622,736,685,200,362,37,431,335,718,591,95,104,54,600,463,664,138,571,487,621,404,604,747,205,418,285,379,228,461,113,537,548,580,506,552,213,543,369,614,357,173,341,267,748,47,118,167,83,414,347,462,528,432,710,415,711,482,28,666,307,175,343,116,701,82,679,88,739,193,726,498,136,429,208,589,14,60,160,738,696,249,331,148,730,684,105,214,746,131,43,223,169,165,53,408,92,368,443,451,715,119,44,3,587,626,340,152,159,305,254,486,638,377,515,280,428,129,73,410,263,447,157,35,189,667,716,633,97,727,360,472,387,186,734,336,29,294,456,321,292,345,524,10,349,547,156,273,629,109,221,450,729,338,640,1,198,284,714,401,497,675,143,398,65,237,295,257,288,311,289,177,444,71,686,632,51,0,231,227,735,142,440,687,286,556,441,737,555,625,636,154,236,210,79,553,332,469,243,563,699,605,695,630,648,562,246,68,411,301,599,484,406,48,496,520,581,644,380,426,133,300,59,277,565,439,146,608,488,561,114,304,202,674,741,454,473,722,151,505,329,87,616,262,702,721,32,2,470,184,596,164,302,658,434,545,371,397,662,409,597,448,576,145,330,678,350,586,125,24,101,601,181,275,75,508,204,403,303,25,89,653,579,399,659,623,546,238,582,144,407,269,127,393,382,475,663,55,108,132,400,507,620,370,594,593,149,172,170,493,45,535,102,610,657,732,220,319,203,442,681,575,624,39,23,713,425,646,690,655,268,673,542,733,115,386,694,489,61,402,271,384,199,174,134,355,356,661,190,438,247,514,50,592,474,255,196,668,124,260,698,697,137,293,700,672,352,337,437,297,479,194,252,649,314,339,46,494,550,226,122,709,522,261,564,225,309,232,11,358,647,99,256,86,512,264,117,405,396,306,389,278,459,634,298,222,153,375,530,617,266,536,390,598,574,478,215,81,16,381,346,669,392,367,421,30,503,500,93,745,276,248,103,641,665,299,27,385,259,677,17,100,643,688,211,420,554,84,251,296,274,374,639,490,395,376,383,20,195,121,529,566,52,544,436,651,584,510,717,209,253,107,19,182,70,344,191,313,315,588,188,348,483,615,22,265,560,7,4,531,185,523,287,168,637,318,56,139,38,689,120,583,692,76,577,491,33,308,413,363,708,485,650,91,541,18,326,90,110,179,40,328,654,569,680,558,606,595,333,533,693,96,521,725,239,74,283,481,135,513,13,155,430,511,201,538,539,706,526,216,192,126,423,412,419,270,34,682,495,21,559,645,656,465,540,235,422,468,518,212,250,578,77,15,310,618,123,36,492,740,635,611,676,435,128,388,63,744,281,41,549,509,364,316,627,162,719,609,613,58,9,197,150,166,62,180,570,334,42,707,504,671,517,660,607,602,445,743,244,178,499,312,206,433,
344,157.04360175132751,162087.7298541865,158119.98513162625,78,416,460,728,217,464,322,230,373,161,427,534,455,372,49,219,361,67,417,320,6,241,424,158,229,452,742,5,72,704,234,242,85,466,712,453,80,354,272,467,378,240,365,291,394,98,527,366,703,477,691,572,147,590,66,94,183,603,8,567,471,749,258,720,324,64,628,359,476,31,585,519,557,353,323,224,683,723,724,163,501,207,342,619,516,141,551,449,652,325,111,69,171,12,218,187,705,568,573,502,612,290,233,525,457,351,112,279,176,106,631,57,317,327,642,532,245,282,731,26,391,458,670,140,480,446,130,622,736,685,200,362,37,431,335,718,591,95,104,54,600,463,664,138,571,487,621,404,604,747,205,418,285,379,228,461,113,537,548,580,506,552,213,543,369,614,357,173,341,267,748,47,118,167,83,414,347,462,528,432,710,415,711,482,28,666,307,175,343,116,701,82,679,88,739,193,726,498,136,429,208,589,14,60,160,738,696,249,331,148,730,684,105,214,746,131,43,223,169,165,53,408,92,368,443,451,715,119,44,3,587,626,340,152,159,305,254,486,638,377,515,280,428,129,73,410,263,447,157,35,189,667,716,633,97,727,360,472,387,186,734,336,29,294,456,321,292,345,524,10,349,547,156,273,629,109,221,450,729,338,640,1,198,284,714,401,497,675,143,398,65,237,295,257,288,311,289,177,444,71,686,632,51,0,231,227,735,142,440,687,286,556,441,737,555,625,636,154,236,210,79,553,332,469,243,563,699,605,695,630,648,562,246,68,411,301,599,484,406,48,496,520,581,644,380,426,133,300,59,277,565,439,146,608,488,561,114,304,202,674,741,454,473,722,151,505,329,87,616,262,702,721,32,2,470,184,596,164,302,658,434,545,371,397,662,409,597,448,576,145,330,678,350,586,125,24,101,601,181,275,75,508,204,403,303,25,89,653,579,399,659,623,546,238,582,144,407,269,127,393,382,475,663,55,108,132,400,507,620,370,594,593,149,172,170,493,45,535,102,610,657,732,220,319,203,442,681,575,624,39,23,713,425,646,690,655,268,673,542,733,115,386,694,489,61,402,271,384,199,174,134,355,356,661,190,438,247,514,50,592,474,255,196,668,124,260,698,697,137,293,700,672,352,337,437,297,479,194,252,649,314,339,46,494,550,226,122,709,522,261,564,225,309,232,11,358,647,99,256,86,512,264,117,405,396,306,389,278,459,634,298,222,153,375,530,617,266,536,390,598,574,478,215,81,16,381,346,669,392,367,421,30,503,500,93,745,276,248,103,641,665,299,27,385,259,677,17,100,643,688,211,420,554,84,251,296,274,374,639,490,395,376,383,20,195,121,529,566,52,544,436,651,584,510,717,209,253,107,19,182,70,344,191,313,315,588,188,348,483,615,22,265,560,7,4,531,185,523,287,168,637,318,56,139,38,689,120,583,692,76,577,491,33,308,413,363,708,485,650,91,541,18,326,90,110,179,40,328,654,569,680,558,606,595,333,533,693,96,521,725,239,74,283,481,135,513,13,155,430,511,201,538,539,706,526,216,192,126,423,412,419,270,34,682,495,21,559,645,656,465,540,235,422,468,518,212,250,578,77,15,310,618,123,36,492,740,635,611,676,435,128,388,63,744,281,41,549,509,364,316,627,162,719,609,613,58,9,197,150,166,62,180,570,334,42,707,504,671,517,660,607,602,445,743,244,178,499,312,206,433,
345,157.5075385570526,160531.23947590322,157972.292695645,378,240,365,291,394,98,527,366,703,477,691,572,147,590,66,94,183,603,8,567,471,749,258,720,324,64,628,359,476,31,585,519,557,353,323,224,683,723,724,163,501,207,342,619,516,141,551,449,652,325,111,69,171,12,218,187,705,568,573,502,612,290,233,525,457,351,112,279,176,106,631,57,317,327,642,532,245,282,731,26,391,458,670,140,480,446,130,622,736,685,200,362,37,431,335,718,591,95,104,54,600,463,664,138,571,487,621,404,604,747,205,418,285,379,228,461,113,537,548,580,506,552,213,543,369,614,357,173,341,267,748,47,118,167,83,414,347,462,528,432,710,415,711,482,28,666,307,175,343,116,701,82,679,88,739,193,726,498,136,429,208,589,14,60,160,738,696,249,331,148,730,684,105,214,746,131,43,223,169,165,53,408,92,368,443,451,715,119,44,3,587,626,340,152,159,305,254,486,638,377,515,280,428,129,73,410,263,447,157,35,189,667,716,633,97,727,360,472,387,186,734,336,29,294,456,321,292,345,524,10,349,547,156,273,629,109,221,450,729,338,640,1,198,284,714,401,497,675,143,398,65,237,295,257,288,311,289,177,444,71,686,632,51,0,231,227,735,142,440,687,286,556,441,737,555,625,636,154,236,210,79,553,332,469,243,563,699,605,695,630,648,562,246,68,411,301,599,484,406,48,496,520,581,644,380,426,133,300,59,277,565,439,146,608,488,561,114,304,202,674,741,454,473,722,151,181,275,75,508,204,403,303,25,89,653,579,616,87,399,32,721,702,262,659,623,2,470,184,596,164,302,658,434,545,371,397,662,409,597,448,576,145,330,678,350,586,125,24,101,601,329,505,546,238,582,144,407,269,127,393,382,475,663,55,108,132,400,507,620,370,594,593,149,172,170,493,45,535,102,610,657,732,220,319,203,442,681,575,624,39,23,713,425,646,690,655,268,673,542,733,115,386,694,489,61,402,271,384,199,174,134,355,356,661,190,438,247,514,50,592,474,255,196,668,124,260,698,697,137,293,700,672,352,337,437,297,479,194,252,649,314,339,46,494,550,226,122,709,522,261,564,225,309,232,11,358,647,99,256,86,512,264,117,405,396,306,389,278,459,634,298,222,153,375,530,617,266,536,390,598,574,478,215,81,16,381,346,669,392,367,421,30,503,500,93,745,276,248,103,641,665,299,27,385,259,677,17,100,643,688,211,420,554,84,251,296,274,374,639,490,395,376,383,20,195,121,529,566,52,544,436,651,584,510,717,209,253,107,19,182,70,344,191,313,315,588,188,348,483,615,22,265,560,7,4,531,185,523,287,168,637,318,56,139,38,689,120,583,692,76,577,491,33,308,413,363,708,485,650,91,541,18,326,90,110,179,40,328,654,569,680,558,606,595,333,533,693,96,521,725,239,74,283,481,135,513,13,155,430,511,201,538,539,706,526,216,192,126,423,412,419,270,34,682,495,21,559,645,656,465,540,235,422,468,518,212,250,578,77,15,310,618,123,36,492,740,635,611,676,435,128,388,63,744,281,41,549,509,364,316,627,162,719,609,613,58,9,197,150,166,62,180,570,334,42,707,504,671,517,660,607,602,445,743,244,178,499,312,206,433,78,416,460,728,217,464,322,230,373,161,427,534,455,372,49,219,361,67,417,320,6,241,424,158,229,452,742,5,72,704,234,242,85,466,712,453,80,354,272,467,
346,158.0146520137787,160935.43611014367,157965.04071390364,346,669,392,367,421,30,503,500,93,745,276,248,103,641,665,299,27,385,259,677,17,376,383,20,195,121,529,566,52,544,436,651,584,510,717,209,253,107,19,182,70,344,191,313,315,588,188,348,483,615,22,265,560,7,4,531,185,523,287,168,637,318,56,139,38,689,120,583,692,76,577,491,33,308,413,363,708,485,650,91,541,18,326,90,110,179,40,328,654,569,680,558,606,595,333,533,693,96,521,725,239,74,283,481,135,513,13,155,430,511,201,538,539,706,526,216,192,126,423,412,419,270,34,682,495,21,559,645,656,465,540,235,422,468,518,212,250,578,77,15,310,618,123,36,492,740,635,611,676,435,128,388,63,744,281,41,549,509,364,316,627,162,719,609,613,58,9,197,150,166,62,180,570,334,42,707,504,671,517,660,607,602,445,743,244,178,499,312,206,433,78,416,460,728,251,296,274,374,639,490,395,100,643,688,211,420,554,84,217,464,322,230,373,161,427,534,455,372,49,219,361,67,417,320,6,241,424,158,229,452,742,5,72,704,234,242,85,466,712,453,80,354,272,467,378,240,365,291,394,98,527,366,703,477,691,572,147,590,66,94,183,603,8,567,471,749,258,720,324,64,628,359,476,31,585,519,557,353,323,224,683,723,724,163,501,207,342,619,516,141,551,449,652,325,111,69,171,12,218,187,705,568,573,502,612,290,233,525,457,351,112,279,176,106,631,57,317,327,642,532,245,282,731,26,391,458,670,140,480,446,130,622,736,685,200,362,37,431,335,718,591,95,104,54,600,463,664,138,571,487,621,404,604,747,205,418,285,379,228,461,113,537,548,580,506,552,213,543,369,614,357,173,341,267,748,47,118,167,83,414,347,462,528,432,710,415,711,482,28,666,307,175,343,116,701,82,679,88,739,193,726,498,136,429,208,589,14,60,160,738,696,249,331,148,730,684,105,214,746,131,43,223,169,165,53,408,92,368,443,451,715,119,44,3,587,626,340,152,159,305,254,486,638,377,515,280,428,129,73,410,263,447,157,35,189,667,716,633,97,727,360,472,387,186,734,336,29,294,456,321,292,345,524,10,349,547,156,273,629,109,221,450,729,338,640,1,198,284,714,401,497,675,143,398,65,237,295,257,288,311,289,177,444,71,686,632,51,0,231,227,735,142,440,687,286,556,441,737,555,625,636,154,236,210,79,553,332,469,243,563,699,605,695,630,648,562,246,68,411,301,599,484,406,48,496,520,581,644,380,426,133,300,59,277,565,439,146,608,488,561,114,304,202,674,741,454,473,722,151,181,275,75,508,204,403,303,25,89,653,579,616,87,399,32,721,702,262,659,623,2,470,184,596,164,302,658,434,545,371,397,662,409,597,448,576,145,330,678,350,586,125,24,101,601,329,505,546,238,582,144,407,269,127,393,382,475,663,55,108,132,400,507,620,370,594,593,149,172,170,493,45,535,102,610,657,732,220,319,203,442,681,575,624,39,23,713,425,646,690,655,268,673,542,733,255,355,356,661,190,438,174,134,271,384,199,61,402,489,694,115,386,474,592,247,514,50,196,668,124,260,698,697,137,293,700,672,352,337,437,297,479,194,252,649,314,339,46,494,550,226,122,709,522,261,564,225,309,232,11,358,647,99,256,86,512,264,117,405,396,306,389,278,459,634,298,222,153,375,530,617,266,536,390,598,574,478,215,81,16,381,
347,158.47478580474854,161200.1031540036,157965.04071390364,346,669,392,367,421,30,503,500,93,745,276,248,103,641,665,299,27,385,259,677,17,376,383,20,195,121,529,566,52,544,436,651,584,510,717,209,253,107,19,182,70,344,191,313,315,588,188,348,483,615,22,265,560,7,4,531,185,523,287,168,637,318,56,139,38,689,120,583,692,76,577,491,33,308,413,363,708,485,650,91,541,18,326,90,110,179,40,328,654,569,680,558,606,595,333,533,693,96,521,725,239,74,283,481,135,513,13,155,430,511,201,538,539,706,526,216,192,126,423,412,419,270,34,682,495,21,559,645,656,465,540,235,422,468,518,212,250,578,77,15,310,618,123,36,492,740,635,611,676,435,128,388,63,744,281,41,549,509,364,316,627,162,719,609,613,58,9,197,150,166,62,180,570,334,42,707,504,671,517,660,607,602,445,743,244,178,499,312,206,433,78,416,460,728,251,296,274,374,639,490,395,100,643,688,211,420,554,84,217,464,322,230,373,161,427,534,455,372,49,219,361,67,417,320,6,241,424,158,229,452,742,5,72,704,234,242,85,466,712,453,80,354,272,467,378,240,365,291,394,98,527,366,703,477,691,572,147,590,66,94,183,603,8,567,471,749,258,720,324,64,628,359,476,31,585,519,557,353,323,224,683,723,724,163,501,207,342,619,516,141,551,449,652,325,111,69,171,12,218,187,705,568,573,502,612,290,233,525,457,351,112,279,176,106,631,57,317,327,642,532,245,282,731,26,391,458,670,140,480,446,130,622,736,685,200,362,37,431,335,718,591,95,104,54,600,463,664,138,571,487,621,404,604,747,205,418,285,379,228,461,113,537,548,580,506,552,213,543,369,614,357,173,341,267,748,47,118,167,83,414,347,462,528,432,710,415,711,482,28,666,307,175,343,116,701,82,679,88,739,193,726,498,136,429,208,589,14,60,160,738,696,249,331,148,730,684,105,214,746,131,43,223,169,165,53,408,92,368,443,451,715,119,44,3,587,626,340,152,159,305,254,486,638,377,515,280,428,129,73,410,263,447,157,35,189,667,716,633,97,727,360,472,387,186,734,336,29,294,456,321,292,345,524,10,349,547,156,273,629,109,221,450,729,338,640,1,198,284,714,401,497,675,143,398,65,237,295,257,288,311,289,177,444,71,686,632,51,0,231,227,735,142,440,687,286,556,441,737,555,625,636,154,236,210,79,553,332,469,243,563,699,605,695,630,648,562,246,68,411,301,599,484,406,48,496,520,581,644,380,426,133,300,59,277,565,439,146,608,488,561,114,304,202,674,741,454,473,722,151,181,275,75,508,204,403,303,25,89,653,579,616,87,399,32,721,702,262,659,623,2,470,184,596,164,302,658,434,545,371,397,662,409,597,448,576,145,330,678,350,586,125,24,101,601,329,505,546,238,582,144,407,269,127,393,382,475,663,55,108,132,400,507,620,370,594,593,149,172,170,493,45,535,102,610,657,732,220,319,203,442,681,575,624,39,23,713,425,646,690,655,268,673,542,733,255,355,356,661,190,438,174,134,271,384,199,61,402,489,694,115,386,474,592,247,514,50,196,668,124,260,698,697,137,293,700,672,352,337,437,297,479,194,252,649,314,339,46,494,550,226,122,709,522,261,564,225,309,232,11,358,647,99,256,86,512,264,117,405,396,306,389,278,459,634,298,222,153,375,530,617,266,536,390,598,574,478,215,81,16,381,
348,158.9263207912445,161651.89221427825,157965.04071390364,346,669,392,367,421,30,503,500,93,745,276,248,103,641,665,299,27,385,259,677,17,376,383,20,195,121,529,566,52,544,436,651,584,510,717,209,253,107,19,182,70,344,191,313,315,588,188,348,483,615,22,265,560,7,4,531,185,523,287,168,637,318,56,139,38,689,120,583,692,76,577,491,33,308,413,363,708,485,650,91,541,18,326,90,110,179,40,328,654,569,680,558,606,595,333,533,693,96,521,725,239,74,283,481,135,513,13,155,430,511,201,538,539,706,526,216,192,126,423,412,419,270,34,682,495,21,559,645,656,465,540,235,422,468,518,212,250,578,77,15,310,618,123,36,492,740,635,611,676,435,128,388,63,744,281,41,549,509,364,316,627,162,719,609,613,58,9,197,150,166,62,180,570,334,42,707,504,671,517,660,607,602,445,743,244,178,499,312,206,433,78,416,460,728,251,296,274,374,639,490,395,100,643,688,211,420,554,84,217,464,322,230,373,161,427,534,455,372,49,219,361,67,417,320,6,241,424,158,229,452,742,5,72,704,234,242,85,466,712,453,80,354,272,467,378,240,365,291,394,98,527,366,703,477,691,572,147,590,66,94,183,603,8,567,471,749,258,720,324,64,628,359,476,31,585,519,557,353,323,224,683,723,724,163,501,207,342,619,516,141,551,449,652,325,111,69,171,12,218,187,705,568,573,502,612,290,233,525,457,351,112,279,176,106,631,57,317,327,642,532,245,282,731,26,391,458,670,140,480,446,130,622,736,685,200,362,37,431,335,718,591,95,104,54,600,463,664,138,571,487,621,404,604,747,205,418,285,379,228,461,113,537,548,580,506,552,213,543,369,614,357,173,341,267,748,47,118,167,83,414,347,462,528,432,710,415,711,482,28,666,307,175,343,116,701,82,679,88,739,193,726,498,136,429,208,589,14,60,160,738,696,249,331,148,730,684,105,214,746,131,43,223,169,165,53,408,92,368,443,451,715,119,44,3,587,626,340,152,159,305,254,486,638,377,515,280,428,129,73,410,263,447,157,35,189,667,716,633,97,727,360,472,387,186,734,336,29,294,456,321,292,345,524,10,349,547,156,273,629,109,221,450,729,338,640,1,198,284,714,401,497,675,143,398,65,237,295,257,288,311,289,177,444,71,686,632,51,0,231,227,735,142,440,687,286,556,441,737,555,625,636,154,236,210,79,553,332,469,243,563,699,605,695,630,648,562,246,68,411,301,599,484,406,48,496,520,581,644,380,426,133,300,59,277,565,439,146,608,488,561,114,304,202,674,741,454,473,722,151,181,275,75,508,204,403,303,25,89,653,579,616,87,399,32,721,702,262,659,623,2,470,184,596,164,302,658,434,545,371,397,662,409,597,448,576,145,330,678,350,586,125,24,101,601,329,505,546,238,582,144,407,269,127,393,382,475,663,55,108,132,400,507,620,370,594,593,149,172,170,493,45,535,102,610,657,732,220,319,203,442,681,575,624,39,23,713,425,646,690,655,268,673,542,733,255,355,356,661,190,438,174,134,271,384,199,61,402,489,694,115,386,474,592,247,514,50,196,668,124,260,698,697,137,293,700,672,352,337,437,297,479,194,252,649,314,339,46,494,550,226,122,709,522,261,564,225,309,232,11,358,647,99,256,86,512,264,117,405,396,306,389,278,459,634,298,222,153,375,530,617,266,536,390,598,574,478,215,81,16,381,
349,159.35525250434875,161125.5762342983,157965.04071390364,346,669,392,367,421,30,503,500,93,745,276,248,103,641,665,299,27,385,259,677,17,376,383,20,195,121,529,566,52,544,436,651,584,510,717,209,253,107,19,182,70,344,191,313,315,588,188,348,483,615,22,265,560,7,4,531,185,523,287,168,637,318,56,139,38,689,120,583,692,76,577,491,33,308,413,363,708,485,650,91,541,18,326,90,110,179,40,328,654,569,680,558,606,595,333,533,693,96,521,725,239,74,283,481,135,513,13,155,430,511,201,538,539,706,526,216,192,126,423,412,419,270,34,682,495,21,559,645,656,465,540,235,422,468,518,212,250,578,77,15,310,618,123,36,492,740,635,611,676,435,128,388,63,744,281,41,549,509,364,316,627,162,719,609,613,58,9,197,150,166,62,180,570,334,42,707,504,671,517,660,607,602,445,743,244,178,499,312,206,433,78,416,460,728,251,296,274,374,639,490,395,100,643,688,211,420,554,84,217,464,322,230,373,161,427,534,455,372,49,219,361,67,417,320,6,241,424,158,229,452,742,5,72,704,234,242,85,466,712,453,80,354,272,467,378,240,365,291,394,98,527,366,703,477,691,572,147,590,66,94,183,603,8,567,471,749,258,720,324,64,628,359,476,31,585,519,557,353,323,224,683,723,724,163,501,207,342,619,516,141,551,449,652,325,111,69,171,12,218,187,705,568,573,502,612,290,233,525,457,351,112,279,176,106,631,57,317,327,642,532,245,282,731,26,391,458,670,140,480,446,130,622,736,685,200,362,37,431,335,718,591,95,104,54,600,463,664,138,571,487,621,404,604,747,205,418,285,379,228,461,113,537,548,580,506,552,213,543,369,614,357,173,341,267,748,47,118,167,83,414,347,462,528,432,710,415,711,482,28,666,307,175,343,116,701,82,679,88,739,193,726,498,136,429,208,589,14,60,160,738,696,249,331,148,730,684,105,214,746,131,43,223,169,165,53,408,92,368,443,451,715,119,44,3,587,626,340,152,159,305,254,486,638,377,515,280,428,129,73,410,263,447,157,35,189,667,716,633,97,727,360,472,387,186,734,336,29,294,456,321,292,345,524,10,349,547,156,273,629,109,221,450,729,338,640,1,198,284,714,401,497,675,143,398,65,237,295,257,288,311,289,177,444,71,686,632,51,0,231,227,735,142,440,687,286,556,441,737,555,625,636,154,236,210,79,553,332,469,243,563,699,605,695,630,648,562,246,68,411,301,599,484,406,48,496,520,581,644,380,426,133,300,59,277,565,439,146,608,488,561,114,304,202,674,741,454,473,722,151,181,275,75,508,204,403,303,25,89,653,579,616,87,399,32,721,702,262,659,623,2,470,184,596,164,302,658,434,545,371,397,662,409,597,448,576,145,330,678,350,586,125,24,101,601,329,505,546,238,582,144,407,269,127,393,382,475,663,55,108,132,400,507,620,370,594,593,149,172,170,493,45,535,102,610,657,732,220,319,203,442,681,575,624,39,23,713,425,646,690,655,268,673,542,733,255,355,356,661,190,438,174,134,271,384,199,61,402,489,694,115,386,474,592,247,514,50,196,668,124,260,698,697,137,293,700,672,352,337,437,297,479,194,252,649,314,339,46,494,550,226,122,709,522,261,564,225,309,232,11,358,647,99,256,86,512,264,117,405,396,306,389,278,459,634,298,222,153,375,530,617,266,536,390,598,574,478,215,81,16,381,
350,159.82904601097107,161788.89114012884,157965.04071390364,346,669,392,367,421,30,503,500,93,745,276,248,103,641,665,299,27,385,259,677,17,376,383,20,195,121,529,566,52,544,436,651,584,510,717,209,253,107,19,182,70,344,191,313,315,588,188,348,483,615,22,265,560,7,4,531,185,523,287,168,637,318,56,139,38,689,120,583,692,76,577,491,33,308,413,363,708,485,650,91,541,18,326,90,110,179,40,328,654,569,680,558,606,595,333,533,693,96,521,725,239,74,283,481,135,513,13,155,430,511,201,538,539,706,526,216,192,126,423,412,419,270,34,682,495,21,559,645,656,465,540,235,422,468,518,212,250,578,77,15,310,618,123,36,492,740,635,611,676,435,128,388,63,744,281,41,549,509,364,316,627,162,719,609,613,58,9,197,150,166,62,180,570,334,42,707,504,671,517,660,607,602,445,743,244,178,499,312,206,433,78,416,460,728,251,296,274,374,639,490,395,100,643,688,211,420,554,84,217,464,322,230,373,161,427,534,455,372,49,219,361,67,417,320,6,241,424,158,229,452,742,5,72,704,234,242,85,466,712,453,80,354,272,467,378,240,365,291,394,98,527,366,703,477,691,572,147,590,66,94,183,603,8,567,471,749,258,720,324,64,628,359,476,31,585,519,557,353,323,224,683,723,724,163,501,207,342,619,516,141,551,449,652,325,111,69,171,12,218,187,705,568,573,502,612,290,233,525,457,351,112,279,176,106,631,57,317,327,642,532,245,282,731,26,391,458,670,140,480,446,130,622,736,685,200,362,37,431,335,718,591,95,104,54,600,463,664,138,571,487,621,404,604,747,205,418,285,379,228,461,113,537,548,580,506,552,213,543,369,614,357,173,341,267,748,47,118,167,83,414,347,462,528,432,710,415,711,482,28,666,307,175,343,116,701,82,679,88,739,193,726,498,136,429,208,589,14,60,160,738,696,249,331,148,730,684,105,214,746,131,43,223,169,165,53,408,92,368,443,451,715,119,44,3,587,626,340,152,159,305,254,486,638,377,515,280,428,129,73,410,263,447,157,35,189,667,716,633,97,727,360,472,387,186,734,336,29,294,456,321,292,345,524,10,349,547,156,273,629,109,221,450,729,338,640,1,198,284,714,401,497,675,143,398,65,237,295,257,288,311,289,177,444,71,686,632,51,0,231,227,735,142,440,687,286,556,441,737,555,625,636,154,236,210,79,553,332,469,243,563,699,605,695,630,648,562,246,68,411,301,599,484,406,48,496,520,581,644,380,426,133,300,59,277,565,439,146,608,488,561,114,304,202,674,741,454,473,722,151,181,275,75,508,204,403,303,25,89,653,579,616,87,399,32,721,702,262,659,623,2,470,184,596,164,302,658,434,545,371,397,662,409,597,448,576,145,330,678,350,586,125,24,101,601,329,505,546,238,582,144,407,269,127,393,382,475,663,55,108,132,400,507,620,370,594,593,149,172,170,493,45,535,102,610,657,732,220,319,203,442,681,575,624,39,23,713,425,646,690,655,268,673,542,733,255,355,356,661,190,438,174,134,271,384,199,61,402,489,694,115,386,474,592,247,514,50,196,668,124,260,698,697,137,293,700,672,352,337,437,297,479,194,252,649,314,339,46,494,550,226,122,709,522,261,564,225,309,232,11,358,647,99,256,86,512,264,117,405,396,306,389,278,459,634,298,222,153,375,530,617,266,536,390,598,574,478,215,81,16,381,
351,160.2742476463318,161771.65747740483,157965.04071390364,346,669,392,367,421,30,503,500,93,745,276,248,103,641,665,299,27,385,259,677,17,376,383,20,195,121,529,566,52,544,436,651,584,510,717,209,253,107,19,182,70,344,191,313,315,588,188,348,483,615,22,265,560,7,4,531,185,523,287,168,637,318,56,139,38,689,120,583,692,76,577,491,33,308,413,363,708,485,650,91,541,18,326,90,110,179,40,328,654,569,680,558,606,595,333,533,693,96,521,725,239,74,283,481,135,513,13,155,430,511,201,538,539,706,526,216,192,126,423,412,419,270,34,682,495,21,559,645,656,465,540,235,422,468,518,212,250,578,77,15,310,618,123,36,492,740,635,611,676,435,128,388,63,744,281,41,549,509,364,316,627,162,719,609,613,58,9,197,150,166,62,180,570,334,42,707,504,671,517,660,607,602,445,743,244,178,499,312,206,433,78,416,460,728,251,296,274,374,639,490,395,100,643,688,211,420,554,84,217,464,322,230,373,161,427,534,455,372,49,219,361,67,417,320,6,241,424,158,229,452,742,5,72,704,234,242,85,466,712,453,80,354,272,467,378,240,365,291,394,98,527,366,703,477,691,572,147,590,66,94,183,603,8,567,471,749,258,720,324,64,628,359,476,31,585,519,557,353,323,224,683,723,724,163,501,207,342,619,516,141,551,449,652,325,111,69,171,12,218,187,705,568,573,502,612,290,233,525,457,351,112,279,176,106,631,57,317,327,642,532,245,282,731,26,391,458,670,140,480,446,130,622,736,685,200,362,37,431,335,718,591,95,104,54,600,463,664,138,571,487,621,404,604,747,205,418,285,379,228,461,113,537,548,580,506,552,213,543,369,614,357,173,341,267,748,47,118,167,83,414,347,462,528,432,710,415,711,482,28,666,307,175,343,116,701,82,679,88,739,193,726,498,136,429,208,589,14,60,160,738,696,249,331,148,730,684,105,214,746,131,43,223,169,165,53,408,92,368,443,451,715,119,44,3,587,626,340,152,159,305,254,486,638,377,515,280,428,129,73,410,263,447,157,35,189,667,716,633,97,727,360,472,387,186,734,336,29,294,456,321,292,345,524,10,349,547,156,273,629,109,221,450,729,338,640,1,198,284,714,401,497,675,143,398,65,237,295,257,288,311,289,177,444,71,686,632,51,0,231,227,735,142,440,687,286,556,441,737,555,625,636,154,236,210,79,553,332,469,243,563,699,605,695,630,648,562,246,68,411,301,599,484,406,48,496,520,581,644,380,426,133,300,59,277,565,439,146,608,488,561,114,304,202,674,741,454,473,722,151,181,275,75,508,204,403,303,25,89,653,579,616,87,399,32,721,702,262,659,623,2,470,184,596,164,302,658,434,545,371,397,662,409,597,448,576,145,330,678,350,586,125,24,101,601,329,505,546,238,582,144,407,269,127,393,382,475,663,55,108,132,400,507,620,370,594,593,149,172,170,493,45,535,102,610,657,732,220,319,203,442,681,575,624,39,23,713,425,646,690,655,268,673,542,733,255,355,356,661,190,438,174,134,271,384,199,61,402,489,694,115,386,474,592,247,514,50,196,668,124,260,698,697,137,293,700,672,352,337,437,297,479,194,252,649,314,339,46,494,550,226,122,709,522,261,564,225,309,232,11,358,647,99,256,86,512,264,117,405,396,306,389,278,459,634,298,222,153,375,530,617,266,536,390,598,574,478,215,81,16,381,
352,160.68274903297424,163955.7035528531,157838.07836972753,78,416,460,728,217,464,322,230,373,161,427,534,455,372,49,219,361,67,417,320,6,241,424,158,229,452,742,5,72,704,234,242,85,466,712,453,80,354,272,467,378,240,365,291,394,98,527,109,221,450,729,338,640,1,198,284,714,401,497,675,143,398,65,237,295,257,288,311,289,177,444,71,686,632,51,0,231,227,735,142,440,687,286,556,441,737,555,625,636,154,236,210,79,553,332,469,243,563,699,605,695,630,648,562,246,68,411,301,599,484,406,48,496,520,581,644,380,426,133,300,59,277,565,439,146,608,488,561,114,304,202,674,741,454,473,722,151,505,329,87,616,262,702,721,32,2,470,184,596,164,302,658,434,545,371,397,662,409,597,448,576,145,330,678,350,586,125,24,101,601,181,275,75,508,204,403,303,25,89,653,579,399,659,623,546,238,582,144,407,269,127,393,382,475,663,55,108,132,400,507,620,370,594,593,149,172,170,493,45,535,102,610,657,732,220,319,203,442,681,575,624,39,23,713,425,646,690,655,268,673,428,280,515,129,73,410,263,447,157,35,189,667,716,633,97,727,360,472,387,186,734,336,29,294,456,477,691,321,292,345,524,10,349,547,156,273,366,703,629,572,147,590,66,94,183,603,8,567,471,749,258,720,324,64,628,359,476,31,585,519,557,353,323,224,683,723,724,163,501,207,342,619,516,141,551,449,652,325,111,69,171,12,218,187,705,568,573,502,612,290,233,525,457,351,112,279,176,106,631,57,317,327,642,532,245,282,731,26,391,458,670,140,480,446,130,622,736,685,200,362,37,431,335,718,591,95,104,54,600,463,664,138,571,487,621,404,604,747,205,418,285,379,228,461,113,537,548,580,506,552,213,543,369,614,357,173,341,267,748,47,118,167,83,414,347,462,528,432,710,415,711,482,28,666,307,175,343,116,701,82,679,88,739,193,726,498,136,429,208,589,14,60,160,738,696,249,331,148,730,684,105,214,746,131,43,223,169,165,53,408,92,368,443,451,715,119,44,3,587,626,340,152,159,305,254,486,638,377,542,733,115,386,694,489,61,402,271,384,199,174,134,355,356,661,190,438,247,514,50,592,474,255,196,668,124,260,698,697,137,293,700,672,352,337,437,297,479,194,252,649,314,339,46,494,550,226,122,709,522,261,564,225,309,232,11,358,647,99,256,86,512,264,117,405,396,306,389,278,459,634,298,222,153,375,530,617,266,536,390,598,574,478,215,81,16,381,346,669,392,367,421,30,503,500,93,745,276,248,103,641,665,299,27,385,259,677,17,100,643,688,211,420,554,84,251,296,274,374,639,490,395,376,383,20,195,121,529,566,52,544,436,651,584,510,717,209,253,107,19,182,70,344,191,313,315,588,188,348,483,615,22,265,560,7,4,531,185,523,287,168,637,318,56,139,38,689,120,583,692,76,577,491,33,308,413,363,708,485,650,91,541,18,326,90,110,179,40,328,654,569,680,558,606,595,333,533,693,96,521,725,239,74,283,481,135,513,13,155,430,511,201,538,539,706,526,216,192,126,423,412,419,270,34,682,495,21,559,645,656,465,540,235,422,468,518,212,250,578,77,15,310,618,123,36,492,740,635,611,676,435,128,388,63,744,281,41,549,509,364,316,627,162,719,609,613,58,9,197,150,166,62,180,570,334,42,707,504,671,517,660,607,602,445,743,244,178,499,312,206,433,
353,161.10285902023315,162831.42150473304,157804.63704308213,78,416,460,728,217,464,322,230,373,161,427,534,455,372,49,219,361,67,417,320,6,241,424,158,229,452,742,5,72,704,234,242,85,466,712,453,80,354,272,467,378,240,365,291,394,98,527,109,221,450,729,338,640,1,198,284,714,401,497,675,143,398,65,237,295,257,288,311,289,177,444,71,686,632,51,0,231,227,735,142,440,687,286,556,441,737,555,625,636,154,236,210,79,553,332,469,243,563,699,605,695,630,648,562,246,68,411,301,599,484,406,48,496,520,581,644,380,426,133,300,59,277,565,439,146,608,488,561,114,304,202,674,741,454,473,722,151,505,329,87,616,262,702,721,32,2,470,184,596,164,302,658,434,545,371,397,662,409,597,448,576,145,330,678,350,586,125,24,101,601,181,275,75,508,204,403,303,25,89,653,579,399,659,623,546,238,582,144,407,269,127,393,382,475,663,55,108,132,400,507,620,370,594,593,149,172,170,493,45,535,102,610,657,732,220,319,203,442,681,575,624,39,23,713,425,646,690,655,268,673,428,280,515,129,73,410,263,447,157,35,189,667,716,633,97,727,360,472,387,186,734,336,29,294,456,321,292,345,524,10,349,547,156,273,366,703,629,572,477,691,147,590,66,94,183,603,8,567,471,749,258,720,324,64,628,359,476,31,585,519,557,353,323,224,683,723,724,163,501,207,342,619,516,141,551,449,652,325,111,69,171,12,218,187,705,568,573,502,612,290,233,525,457,351,112,279,176,106,631,57,317,327,642,532,245,282,731,26,391,458,670,140,480,446,130,622,736,685,200,362,37,431,335,718,591,95,104,54,600,463,664,138,571,487,621,404,604,747,205,418,285,379,228,461,113,537,548,580,506,552,213,543,369,614,357,173,341,267,748,47,118,167,83,414,347,462,528,432,710,415,711,482,28,666,307,175,343,116,701,82,679,88,739,193,726,498,136,429,208,589,14,60,160,738,696,249,331,148,730,684,105,214,746,131,43,223,169,165,53,408,92,368,443,451,715,119,44,3,587,626,340,152,159,305,254,486,638,377,542,733,115,386,694,489,61,402,271,384,199,174,134,355,356,661,190,438,247,514,50,592,474,255,196,668,124,260,698,697,137,293,700,672,352,337,437,297,479,194,252,649,314,339,46,494,550,226,122,709,522,261,564,225,309,232,11,358,647,99,256,86,512,264,117,405,396,306,389,278,459,634,298,222,153,375,530,617,266,536,390,598,574,478,215,81,16,381,346,669,392,367,421,30,503,500,93,745,276,248,103,641,665,299,27,385,259,677,17,100,643,688,211,420,554,84,251,296,274,374,639,490,395,376,383,20,195,121,529,566,52,544,436,651,584,510,717,209,253,107,19,182,70,344,191,313,315,588,188,348,483,615,22,265,560,7,4,531,185,523,287,168,637,318,56,139,38,689,120,583,692,76,577,491,33,308,413,363,708,485,650,91,541,18,326,90,110,179,40,328,654,569,680,558,606,595,333,533,693,96,521,725,239,74,283,481,135,513,13,155,430,511,201,538,539,706,526,216,192,126,423,412,419,270,34,682,495,21,559,645,656,465,540,235,422,468,518,212,250,578,77,15,310,618,123,36,492,740,635,611,676,435,128,388,63,744,281,41,549,509,364,316,627,162,719,609,613,58,9,197,150,166,62,180,570,334,42,707,504,671,517,660,607,602,445,743,244,178,499,312,206,433,
354,161.579904794693,161993.97894721382,157804.63704308213,78,416,460,728,217,464,322,230,373,161,427,534,455,372,49,219,361,67,417,320,6,241,424,158,229,452,742,5,72,704,234,242,85,466,712,453,80,354,272,467,378,240,365,291,394,98,527,109,221,450,729,338,640,1,198,284,714,401,497,675,143,398,65,237,295,257,288,311,289,177,444,71,686,632,51,0,231,227,735,142,440,687,286,556,441,737,555,625,636,154,236,210,79,553,332,469,243,563,699,605,695,630,648,562,246,68,411,301,599,484,406,48,496,520,581,644,380,426,133,300,59,277,565,439,146,608,488,561,114,304,202,674,741,454,473,722,151,505,329,87,616,262,702,721,32,2,470,184,596,164,302,658,434,545,371,397,662,409,597,448,576,145,330,678,350,586,125,24,101,601,181,275,75,508,204,403,303,25,89,653,579,399,659,623,546,238,582,144,407,269,127,393,382,475,663,55,108,132,400,507,620,370,594,593,149,172,170,493,45,535,102,610,657,732,220,319,203,442,681,575,624,39,23,713,425,646,690,655,268,673,428,280,515,129,73,410,263,447,157,35,189,667,716,633,97,727,360,472,387,186,734,336,29,294,456,321,292,345,524,10,349,547,156,273,366,703,629,572,477,691,147,590,66,94,183,603,8,567,471,749,258,720,324,64,628,359,476,31,585,519,557,353,323,224,683,723,724,163,501,207,342,619,516,141,551,449,652,325,111,69,171,12,218,187,705,568,573,502,612,290,233,525,457,351,112,279,176,106,631,57,317,327,642,532,245,282,731,26,391,458,670,140,480,446,130,622,736,685,200,362,37,431,335,718,591,95,104,54,600,463,664,138,571,487,621,404,604,747,205,418,285,379,228,461,113,537,548,580,506,552,213,543,369,614,357,173,341,267,748,47,118,167,83,414,347,462,528,432,710,415,711,482,28,666,307,175,343,116,701,82,679,88,739,193,726,498,136,429,208,589,14,60,160,738,696,249,331,148,730,684,105,214,746,131,43,223,169,165,53,408,92,368,443,451,715,119,44,3,587,626,340,152,159,305,254,486,638,377,542,733,115,386,694,489,61,402,271,384,199,174,134,355,356,661,190,438,247,514,50,592,474,255,196,668,124,260,698,697,137,293,700,672,352,337,437,297,479,194,252,649,314,339,46,494,550,226,122,709,522,261,564,225,309,232,11,358,647,99,256,86,512,264,117,405,396,306,389,278,459,634,298,222,153,375,530,617,266,536,390,598,574,478,215,81,16,381,346,669,392,367,421,30,503,500,93,745,276,248,103,641,665,299,27,385,259,677,17,100,643,688,211,420,554,84,251,296,274,374,639,490,395,376,383,20,195,121,529,566,52,544,436,651,584,510,717,209,253,107,19,182,70,344,191,313,315,588,188,348,483,615,22,265,560,7,4,531,185,523,287,168,637,318,56,139,38,689,120,583,692,76,577,491,33,308,413,363,708,485,650,91,541,18,326,90,110,179,40,328,654,569,680,558,606,595,333,533,693,96,521,725,239,74,283,481,135,513,13,155,430,511,201,538,539,706,526,216,192,126,423,412,419,270,34,682,495,21,559,645,656,465,540,235,422,468,518,212,250,578,77,15,310,618,123,36,492,740,635,611,676,435,128,388,63,744,281,41,549,509,364,316,627,162,719,609,613,58,9,197,150,166,62,180,570,334,42,707,504,671,517,660,607,602,445,743,244,178,499,312,206,433,
355,161.994863986969,161838.96234275383,157804.63704308213,78,416,460,728,217,464,322,230,373,161,427,534,455,372,49,219,361,67,417,320,6,241,424,158,229,452,742,5,72,704,234,242,85,466,712,453,80,354,272,467,378,240,365,291,394,98,527,109,221,450,729,338,640,1,198,284,714,401,497,675,143,398,65,237,295,257,288,311,289,177,444,71,686,632,51,0,231,227,735,142,440,687,286,556,441,737,555,625,636,154,236,210,79,553,332,469,243,563,699,605,695,630,648,562,246,68,411,301,599,484,406,48,496,520,581,644,380,426,133,300,59,277,565,439,146,608,488,561,114,304,202,674,741,454,473,722,151,505,329,87,616,262,702,721,32,2,470,184,596,164,302,658,434,545,371,397,662,409,597,448,576,145,330,678,350,586,125,24,101,601,181,275,75,508,204,403,303,25,89,653,579,399,659,623,546,238,582,144,407,269,127,393,382,475,663,55,108,132,400,507,620,370,594,593,149,172,170,493,45,535,102,610,657,732,220,319,203,442,681,575,624,39,23,713,425,646,690,655,268,673,428,280,515,129,73,410,263,447,157,35,189,667,716,633,97,727,360,472,387,186,734,336,29,294,456,321,292,345,524,10,349,547,156,273,366,703,629,572,477,691,147,590,66,94,183,603,8,567,471,749,258,720,324,64,628,359,476,31,585,519,557,353,323,224,683,723,724,163,501,207,342,619,516,141,551,449,652,325,111,69,171,12,218,187,705,568,573,502,612,290,233,525,457,351,112,279,176,106,631,57,317,327,642,532,245,282,731,26,391,458,670,140,480,446,130,622,736,685,200,362,37,431,335,718,591,95,104,54,600,463,664,138,571,487,621,404,604,747,205,418,285,379,228,461,113,537,548,580,506,552,213,543,369,614,357,173,341,267,748,47,118,167,83,414,347,462,528,432,710,415,711,482,28,666,307,175,343,116,701,82,679,88,739,193,726,498,136,429,208,589,14,60,160,738,696,249,331,148,730,684,105,214,746,131,43,223,169,165,53,408,92,368,443,451,715,119,44,3,587,626,340,152,159,305,254,486,638,377,542,733,115,386,694,489,61,402,271,384,199,174,134,355,356,661,190,438,247,514,50,592,474,255,196,668,124,260,698,697,137,293,700,672,352,337,437,297,479,194,252,649,314,339,46,494,550,226,122,709,522,261,564,225,309,232,11,358,647,99,256,86,512,264,117,405,396,306,389,278,459,634,298,222,153,375,530,617,266,536,390,598,574,478,215,81,16,381,346,669,392,367,421,30,503,500,93,745,276,248,103,641,665,299,27,385,259,677,17,100,643,688,211,420,554,84,251,296,274,374,639,490,395,376,383,20,195,121,529,566,52,544,436,651,584,510,717,209,253,107,19,182,70,344,191,313,315,588,188,348,483,615,22,265,560,7,4,531,185,523,287,168,637,318,56,139,38,689,120,583,692,76,577,491,33,308,413,363,708,485,650,91,541,18,326,90,110,179,40,328,654,569,680,558,606,595,333,533,693,96,521,725,239,74,283,481,135,513,13,155,430,511,201,538,539,706,526,216,192,126,423,412,419,270,34,682,495,21,559,645,656,465,540,235,422,468,518,212,250,578,77,15,310,618,123,36,492,740,635,611,676,435,128,388,63,744,281,41,549,509,364,316,627,162,719,609,613,58,9,197,150,166,62,180,570,334,42,707,504,671,517,660,607,602,445,743,244,178,499,312,206,433,
356,162.37850308418274,161793.89306721883,157804.63704308213,78,416,460,728,217,464,322,230,373,161,427,534,455,372,49,219,361,67,417,320,6,241,424,158,229,452,742,5,72,704,234,242,85,466,712,453,80,354,272,467,378,240,365,291,394,98,527,109,221,450,729,338,640,1,198,284,714,401,497,675,143,398,65,237,295,257,288,311,289,177,444,71,686,632,51,0,231,227,735,142,440,687,286,556,441,737,555,625,636,154,236,210,79,553,332,469,243,563,699,605,695,630,648,562,246,68,411,301,599,484,406,48,496,520,581,644,380,426,133,300,59,277,565,439,146,608,488,561,114,304,202,674,741,454,473,722,151,505,329,87,616,262,702,721,32,2,470,184,596,164,302,658,434,545,371,397,662,409,597,448,576,145,330,678,350,586,125,24,101,601,181,275,75,508,204,403,303,25,89,653,579,399,659,623,546,238,582,144,407,269,127,393,382,475,663,55,108,132,400,507,620,370,594,593,149,172,170,493,45,535,102,610,657,732,220,319,203,442,681,575,624,39,23,713,425,646,690,655,268,673,428,280,515,129,73,410,263,447,157,35,189,667,716,633,97,727,360,472,387,186,734,336,29,294,456,321,292,345,524,10,349,547,156,273,366,703,629,572,477,691,147,590,66,94,183,603,8,567,471,749,258,720,324,64,628,359,476,31,585,519,557,353,323,224,683,723,724,163,501,207,342,619,516,141,551,449,652,325,111,69,171,12,218,187,705,568,573,502,612,290,233,525,457,351,112,279,176,106,631,57,317,327,642,532,245,282,731,26,391,458,670,140,480,446,130,622,736,685,200,362,37,431,335,718,591,95,104,54,600,463,664,138,571,487,621,404,604,747,205,418,285,379,228,461,113,537,548,580,506,552,213,543,369,614,357,173,341,267,748,47,118,167,83,414,347,462,528,432,710,415,711,482,28,666,307,175,343,116,701,82,679,88,739,193,726,498,136,429,208,589,14,60,160,738,696,249,331,148,730,684,105,214,746,131,43,223,169,165,53,408,92,368,443,451,715,119,44,3,587,626,340,152,159,305,254,486,638,377,542,733,115,386,694,489,61,402,271,384,199,174,134,355,356,661,190,438,247,514,50,592,474,255,196,668,124,260,698,697,137,293,700,672,352,337,437,297,479,194,252,649,314,339,46,494,550,226,122,709,522,261,564,225,309,232,11,358,647,99,256,86,512,264,117,405,396,306,389,278,459,634,298,222,153,375,530,617,266,536,390,598,574,478,215,81,16,381,346,669,392,367,421,30,503,500,93,745,276,248,103,641,665,299,27,385,259,677,17,100,643,688,211,420,554,84,251,296,274,374,639,490,395,376,383,20,195,121,529,566,52,544,436,651,584,510,717,209,253,107,19,182,70,344,191,313,315,588,188,348,483,615,22,265,560,7,4,531,185,523,287,168,637,318,56,139,38,689,120,583,692,76,577,491,33,308,413,363,708,485,650,91,541,18,326,90,110,179,40,328,654,569,680,558,606,595,333,533,693,96,521,725,239,74,283,481,135,513,13,155,430,511,201,538,539,706,526,216,192,126,423,412,419,270,34,682,495,21,559,645,656,465,540,235,422,468,518,212,250,578,77,15,310,618,123,36,492,740,635,611,676,435,128,388,63,744,281,41,549,509,364,316,627,162,719,609,613,58,9,197,150,166,62,180,570,334,42,707,504,671,517,660,607,602,445,743,244,178,499,312,206,433,
357,162.797780752182,161740.54846215938,157804.63704308213,78,416,460,728,217,464,322,230,373,161,427,534,455,372,49,219,361,67,417,320,6,241,424,158,229,452,742,5,72,704,234,242,85,466,712,453,80,354,272,467,378,240,365,291,394,98,527,109,221,450,729,338,640,1,198,284,714,401,497,675,143,398,65,237,295,257,288,311,289,177,444,71,686,632,51,0,231,227,735,142,440,687,286,556,441,737,555,625,636,154,236,210,79,553,332,469,243,563,699,605,695,630,648,562,246,68,411,301,599,484,406,48,496,520,581,644,380,426,133,300,59,277,565,439,146,608,488,561,114,304,202,674,741,454,473,722,151,505,329,87,616,262,702,721,32,2,470,184,596,164,302,658,434,545,371,397,662,409,597,448,576,145,330,678,350,586,125,24,101,601,181,275,75,508,204,403,303,25,89,653,579,399,659,623,546,238,582,144,407,269,127,393,382,475,663,55,108,132,400,507,620,370,594,593,149,172,170,493,45,535,102,610,657,732,220,319,203,442,681,575,624,39,23,713,425,646,690,655,268,673,428,280,515,129,73,410,263,447,157,35,189,667,716,633,97,727,360,472,387,186,734,336,29,294,456,321,292,345,524,10,349,547,156,273,366,703,629,572,477,691,147,590,66,94,183,603,8,567,471,749,258,720,324,64,628,359,476,31,585,519,557,353,323,224,683,723,724,163,501,207,342,619,516,141,551,449,652,325,111,69,171,12,218,187,705,568,573,502,612,290,233,525,457,351,112,279,176,106,631,57,317,327,642,532,245,282,731,26,391,458,670,140,480,446,130,622,736,685,200,362,37,431,335,718,591,95,104,54,600,463,664,138,571,487,621,404,604,747,205,418,285,379,228,461,113,537,548,580,506,552,213,543,369,614,357,173,341,267,748,47,118,167,83,414,347,462,528,432,710,415,711,482,28,666,307,175,343,116,701,82,679,88,739,193,726,498,136,429,208,589,14,60,160,738,696,249,331,148,730,684,105,214,746,131,43,223,169,165,53,408,92,368,443,451,715,119,44,3,587,626,340,152,159,305,254,486,638,377,542,733,115,386,694,489,61,402,271,384,199,174,134,355,356,661,190,438,247,514,50,592,474,255,196,668,124,260,698,697,137,293,700,672,352,337,437,297,479,194,252,649,314,339,46,494,550,226,122,709,522,261,564,225,309,232,11,358,647,99,256,86,512,264,117,405,396,306,389,278,459,634,298,222,153,375,530,617,266,536,390,598,574,478,215,81,16,381,346,669,392,367,421,30,503,500,93,745,276,248,103,641,665,299,27,385,259,677,17,100,643,688,211,420,554,84,251,296,274,374,639,490,395,376,383,20,195,121,529,566,52,544,436,651,584,510,717,209,253,107,19,182,70,344,191,313,315,588,188,348,483,615,22,265,560,7,4,531,185,523,287,168,637,318,56,139,38,689,120,583,692,76,577,491,33,308,413,363,708,485,650,91,541,18,326,90,110,179,40,328,654,569,680,558,606,595,333,533,693,96,521,725,239,74,283,481,135,513,13,155,430,511,201,538,539,706,526,216,192,126,423,412,419,270,34,682,495,21,559,645,656,465,540,235,422,468,518,212,250,578,77,15,310,618,123,36,492,740,635,611,676,435,128,388,63,744,281,41,549,509,364,316,627,162,719,609,613,58,9,197,150,166,62,180,570,334,42,707,504,671,517,660,607,602,445,743,244,178,499,312,206,433,
358,163.2259500026703,161743.74578956104,157804.63704308213,78,416,460,728,217,464,322,230,373,161,427,534,455,372,49,219,361,67,417,320,6,241,424,158,229,452,742,5,72,704,234,242,85,466,712,453,80,354,272,467,378,240,365,291,394,98,527,109,221,450,729,338,640,1,198,284,714,401,497,675,143,398,65,237,295,257,288,311,289,177,444,71,686,632,51,0,231,227,735,142,440,687,286,556,441,737,555,625,636,154,236,210,79,553,332,469,243,563,699,605,695,630,648,562,246,68,411,301,599,484,406,48,496,520,581,644,380,426,133,300,59,277,565,439,146,608,488,561,114,304,202,674,741,454,473,722,151,505,329,87,616,262,702,721,32,2,470,184,596,164,302,658,434,545,371,397,662,409,597,448,576,145,330,678,350,586,125,24,101,601,181,275,75,508,204,403,303,25,89,653,579,399,659,623,546,238,582,144,407,269,127,393,382,475,663,55,108,132,400,507,620,370,594,593,149,172,170,493,45,535,102,610,657,732,220,319,203,442,681,575,624,39,23,713,425,646,690,655,268,673,428,280,515,129,73,410,263,447,157,35,189,667,716,633,97,727,360,472,387,186,734,336,29,294,456,321,292,345,524,10,349,547,156,273,366,703,629,572,477,691,147,590,66,94,183,603,8,567,471,749,258,720,324,64,628,359,476,31,585,519,557,353,323,224,683,723,724,163,501,207,342,619,516,141,551,449,652,325,111,69,171,12,218,187,705,568,573,502,612,290,233,525,457,351,112,279,176,106,631,57,317,327,642,532,245,282,731,26,391,458,670,140,480,446,130,622,736,685,200,362,37,431,335,718,591,95,104,54,600,463,664,138,571,487,621,404,604,747,205,418,285,379,228,461,113,537,548,580,506,552,213,543,369,614,357,173,341,267,748,47,118,167,83,414,347,462,528,432,710,415,711,482,28,666,307,175,343,116,701,82,679,88,739,193,726,498,136,429,208,589,14,60,160,738,696,249,331,148,730,684,105,214,746,131,43,223,169,165,53,408,92,368,443,451,715,119,44,3,587,626,340,152,159,305,254,486,638,377,542,733,115,386,694,489,61,402,271,384,199,174,134,355,356,661,190,438,247,514,50,592,474,255,196,668,124,260,698,697,137,293,700,672,352,337,437,297,479,194,252,649,314,339,46,494,550,226,122,709,522,261,564,225,309,232,11,358,647,99,256,86,512,264,117,405,396,306,389,278,459,634,298,222,153,375,530,617,266,536,390,598,574,478,215,81,16,381,346,669,392,367,421,30,503,500,93,745,276,248,103,641,665,299,27,385,259,677,17,100,643,688,211,420,554,84,251,296,274,374,639,490,395,376,383,20,195,121,529,566,52,544,436,651,584,510,717,209,253,107,19,182,70,344,191,313,315,588,188,348,483,615,22,265,560,7,4,531,185,523,287,168,637,318,56,139,38,689,120,583,692,76,577,491,33,308,413,363,708,485,650,91,541,18,326,90,110,179,40,328,654,569,680,558,606,595,333,533,693,96,521,725,239,74,283,481,135,513,13,155,430,511,201,538,539,706,526,216,192,126,423,412,419,270,34,682,495,21,559,645,656,465,540,235,422,468,518,212,250,578,77,15,310,618,123,36,492,740,635,611,676,435,128,388,63,744,281,41,549,509,364,316,627,162,719,609,613,58,9,197,150,166,62,180,570,334,42,707,504,671,517,660,607,602,445,743,244,178,499,312,206,433,
359,163.6531879901886,160556.28057618334,157804.63704308213,78,416,460,728,217,464,322,230,373,161,427,534,455,372,49,219,361,67,417,320,6,241,424,158,229,452,742,5,72,704,234,242,85,466,712,453,80,354,272,467,378,240,365,291,394,98,527,109,221,450,729,338,640,1,198,284,714,401,497,675,143,398,65,237,295,257,288,311,289,177,444,71,686,632,51,0,231,227,735,142,440,687,286,556,441,737,555,625,636,154,236,210,79,553,332,469,243,563,699,605,695,630,648,562,246,68,411,301,599,484,406,48,496,520,581,644,380,426,133,300,59,277,565,439,146,608,488,561,114,304,202,674,741,454,473,722,151,505,329,87,616,262,702,721,32,2,470,184,596,164,302,658,434,545,371,397,662,409,597,448,576,145,330,678,350,586,125,24,101,601,181,275,75,508,204,403,303,25,89,653,579,399,659,623,546,238,582,144,407,269,127,393,382,475,663,55,108,132,400,507,620,370,594,593,149,172,170,493,45,535,102,610,657,732,220,319,203,442,681,575,624,39,23,713,425,646,690,655,268,673,428,280,515,129,73,410,263,447,157,35,189,667,716,633,97,727,360,472,387,186,734,336,29,294,456,321,292,345,524,10,349,547,156,273,366,703,629,572,477,691,147,590,66,94,183,603,8,567,471,749,258,720,324,64,628,359,476,31,585,519,557,353,323,224,683,723,724,163,501,207,342,619,516,141,551,449,652,325,111,69,171,12,218,187,705,568,573,502,612,290,233,525,457,351,112,279,176,106,631,57,317,327,642,532,245,282,731,26,391,458,670,140,480,446,130,622,736,685,200,362,37,431,335,718,591,95,104,54,600,463,664,138,571,487,621,404,604,747,205,418,285,379,228,461,113,537,548,580,506,552,213,543,369,614,357,173,341,267,748,47,118,167,83,414,347,462,528,432,710,415,711,482,28,666,307,175,343,116,701,82,679,88,739,193,726,498,136,429,208,589,14,60,160,738,696,249,331,148,730,684,105,214,746,131,43,223,169,165,53,408,92,368,443,451,715,119,44,3,587,626,340,152,159,305,254,486,638,377,542,733,115,386,694,489,61,402,271,384,199,174,134,355,356,661,190,438,247,514,50,592,474,255,196,668,124,260,698,697,137,293,700,672,352,337,437,297,479,194,252,649,314,339,46,494,550,226,122,709,522,261,564,225,309,232,11,358,647,99,256,86,512,264,117,405,396,306,389,278,459,634,298,222,153,375,530,617,266,536,390,598,574,478,215,81,16,381,346,669,392,367,421,30,503,500,93,745,276,248,103,641,665,299,27,385,259,677,17,100,643,688,211,420,554,84,251,296,274,374,639,490,395,376,383,20,195,121,529,566,52,544,436,651,584,510,717,209,253,107,19,182,70,344,191,313,315,588,188,348,483,615,22,265,560,7,4,531,185,523,287,168,637,318,56,139,38,689,120,583,692,76,577,491,33,308,413,363,708,485,650,91,541,18,326,90,110,179,40,328,654,569,680,558,606,595,333,533,693,96,521,725,239,74,283,481,135,513,13,155,430,511,201,538,539,706,526,216,192,126,423,412,419,270,34,682,495,21,559,645,656,465,540,235,422,468,518,212,250,578,77,15,310,618,123,36,492,740,635,611,676,435,128,388,63,744,281,41,549,509,364,316,627,162,719,609,613,58,9,197,150,166,62,180,570,334,42,707,504,671,517,660,607,602,445,743,244,178,499,312,206,433,
360,164.16774678230286,161551.41968273825,157804.63704308213,78,416,460,728,217,464,322,230,373,161,427,534,455,372,49,219,361,67,417,320,6,241,424,158,229,452,742,5,72,704,234,242,85,466,712,453,80,354,272,467,378,240,365,291,394,98,527,109,221,450,729,338,640,1,198,284,714,401,497,675,143,398,65,237,295,257,288,311,289,177,444,71,686,632,51,0,231,227,735,142,440,687,286,556,441,737,555,625,636,154,236,210,79,553,332,469,243,563,699,605,695,630,648,562,246,68,411,301,599,484,406,48,496,520,581,644,380,426,133,300,59,277,565,439,146,608,488,561,114,304,202,674,741,454,473,722,151,505,329,87,616,262,702,721,32,2,470,184,596,164,302,658,434,545,371,397,662,409,597,448,576,145,330,678,350,586,125,24,101,601,181,275,75,508,204,403,303,25,89,653,579,399,659,623,546,238,582,144,407,269,127,393,382,475,663,55,108,132,400,507,620,370,594,593,149,172,170,493,45,535,102,610,657,732,220,319,203,442,681,575,624,39,23,713,425,646,690,655,268,673,428,280,515,129,73,410,263,447,157,35,189,667,716,633,97,727,360,472,387,186,734,336,29,294,456,321,292,345,524,10,349,547,156,273,366,703,629,572,477,691,147,590,66,94,183,603,8,567,471,749,258,720,324,64,628,359,476,31,585,519,557,353,323,224,683,723,724,163,501,207,342,619,516,141,551,449,652,325,111,69,171,12,218,187,705,568,573,502,612,290,233,525,457,351,112,279,176,106,631,57,317,327,642,532,245,282,731,26,391,458,670,140,480,446,130,622,736,685,200,362,37,431,335,718,591,95,104,54,600,463,664,138,571,487,621,404,604,747,205,418,285,379,228,461,113,537,548,580,506,552,213,543,369,614,357,173,341,267,748,47,118,167,83,414,347,462,528,432,710,415,711,482,28,666,307,175,343,116,701,82,679,88,739,193,726,498,136,429,208,589,14,60,160,738,696,249,331,148,730,684,105,214,746,131,43,223,169,165,53,408,92,368,443,451,715,119,44,3,587,626,340,152,159,305,254,486,638,377,542,733,115,386,694,489,61,402,271,384,199,174,134,355,356,661,190,438,247,514,50,592,474,255,196,668,124,260,698,697,137,293,700,672,352,337,437,297,479,194,252,649,314,339,46,494,550,226,122,709,522,261,564,225,309,232,11,358,647,99,256,86,512,264,117,405,396,306,389,278,459,634,298,222,153,375,530,617,266,536,390,598,574,478,215,81,16,381,346,669,392,367,421,30,503,500,93,745,276,248,103,641,665,299,27,385,259,677,17,100,643,688,211,420,554,84,251,296,274,374,639,490,395,376,383,20,195,121,529,566,52,544,436,651,584,510,717,209,253,107,19,182,70,344,191,313,315,588,188,348,483,615,22,265,560,7,4,531,185,523,287,168,637,318,56,139,38,689,120,583,692,76,577,491,33,308,413,363,708,485,650,91,541,18,326,90,110,179,40,328,654,569,680,558,606,595,333,533,693,96,521,725,239,74,283,481,135,513,13,155,430,511,201,538,539,706,526,216,192,126,423,412,419,270,34,682,495,21,559,645,656,465,540,235,422,468,518,212,250,578,77,15,310,618,123,36,492,740,635,611,676,435,128,388,63,744,281,41,549,509,364,316,627,162,719,609,613,58,9,197,150,166,62,180,570,334,42,707,504,671,517,660,607,602,445,743,244,178,499,312,206,433,
361,164.58126306533813,161658.38171122814,157804.63704308213,78,416,460,728,217,464,322,230,373,161,427,534,455,372,49,219,361,67,417,320,6,241,424,158,229,452,742,5,72,704,234,242,85,466,712,453,80,354,272,467,378,240,365,291,394,98,527,109,221,450,729,338,640,1,198,284,714,401,497,675,143,398,65,237,295,257,288,311,289,177,444,71,686,632,51,0,231,227,735,142,440,687,286,556,441,737,555,625,636,154,236,210,79,553,332,469,243,563,699,605,695,630,648,562,246,68,411,301,599,484,406,48,496,520,581,644,380,426,133,300,59,277,565,439,146,608,488,561,114,304,202,674,741,454,473,722,151,505,329,87,616,262,702,721,32,2,470,184,596,164,302,658,434,545,371,397,662,409,597,448,576,145,330,678,350,586,125,24,101,601,181,275,75,508,204,403,303,25,89,653,579,399,659,623,546,238,582,144,407,269,127,393,382,475,663,55,108,132,400,507,620,370,594,593,149,172,170,493,45,535,102,610,657,732,220,319,203,442,681,575,624,39,23,713,425,646,690,655,268,673,428,280,515,129,73,410,263,447,157,35,189,667,716,633,97,727,360,472,387,186,734,336,29,294,456,321,292,345,524,10,349,547,156,273,366,703,629,572,477,691,147,590,66,94,183,603,8,567,471,749,258,720,324,64,628,359,476,31,585,519,557,353,323,224,683,723,724,163,501,207,342,619,516,141,551,449,652,325,111,69,171,12,218,187,705,568,573,502,612,290,233,525,457,351,112,279,176,106,631,57,317,327,642,532,245,282,731,26,391,458,670,140,480,446,130,622,736,685,200,362,37,431,335,718,591,95,104,54,600,463,664,138,571,487,621,404,604,747,205,418,285,379,228,461,113,537,548,580,506,552,213,543,369,614,357,173,341,267,748,47,118,167,83,414,347,462,528,432,710,415,711,482,28,666,307,175,343,116,701,82,679,88,739,193,726,498,136,429,208,589,14,60,160,738,696,249,331,148,730,684,105,214,746,131,43,223,169,165,53,408,92,368,443,451,715,119,44,3,587,626,340,152,159,305,254,486,638,377,542,733,115,386,694,489,61,402,271,384,199,174,134,355,356,661,190,438,247,514,50,592,474,255,196,668,124,260,698,697,137,293,700,672,352,337,437,297,479,194,252,649,314,339,46,494,550,226,122,709,522,261,564,225,309,232,11,358,647,99,256,86,512,264,117,405,396,306,389,278,459,634,298,222,153,375,530,617,266,536,390,598,574,478,215,81,16,381,346,669,392,367,421,30,503,500,93,745,276,248,103,641,665,299,27,385,259,677,17,100,643,688,211,420,554,84,251,296,274,374,639,490,395,376,383,20,195,121,529,566,52,544,436,651,584,510,717,209,253,107,19,182,70,344,191,313,315,588,188,348,483,615,22,265,560,7,4,531,185,523,287,168,637,318,56,139,38,689,120,583,692,76,577,491,33,308,413,363,708,485,650,91,541,18,326,90,110,179,40,328,654,569,680,558,606,595,333,533,693,96,521,725,239,74,283,481,135,513,13,155,430,511,201,538,539,706,526,216,192,126,423,412,419,270,34,682,495,21,559,645,656,465,540,235,422,468,518,212,250,578,77,15,310,618,123,36,492,740,635,611,676,435,128,388,63,744,281,41,549,509,364,316,627,162,719,609,613,58,9,197,150,166,62,180,570,334,42,707,504,671,517,660,607,602,445,743,244,178,499,312,206,433,
362,165.20254278182983,162273.95502423396,157804.63704308213,78,416,460,728,217,464,322,230,373,161,427,534,455,372,49,219,361,67,417,320,6,241,424,158,229,452,742,5,72,704,234,242,85,466,712,453,80,354,272,467,378,240,365,291,394,98,527,109,221,450,729,338,640,1,198,284,714,401,497,675,143,398,65,237,295,257,288,311,289,177,444,71,686,632,51,0,231,227,735,142,440,687,286,556,441,737,555,625,636,154,236,210,79,553,332,469,243,563,699,605,695,630,648,562,246,68,411,301,599,484,406,48,496,520,581,644,380,426,133,300,59,277,565,439,146,608,488,561,114,304,202,674,741,454,473,722,151,505,329,87,616,262,702,721,32,2,470,184,596,164,302,658,434,545,371,397,662,409,597,448,576,145,330,678,350,586,125,24,101,601,181,275,75,508,204,403,303,25,89,653,579,399,659,623,546,238,582,144,407,269,127,393,382,475,663,55,108,132,400,507,620,370,594,593,149,172,170,493,45,535,102,610,657,732,220,319,203,442,681,575,624,39,23,713,425,646,690,655,268,673,428,280,515,129,73,410,263,447,157,35,189,667,716,633,97,727,360,472,387,186,734,336,29,294,456,321,292,345,524,10,349,547,156,273,366,703,629,572,477,691,147,590,66,94,183,603,8,567,471,749,258,720,324,64,628,359,476,31,585,519,557,353,323,224,683,723,724,163,501,207,342,619,516,141,551,449,652,325,111,69,171,12,218,187,705,568,573,502,612,290,233,525,457,351,112,279,176,106,631,57,317,327,642,532,245,282,731,26,391,458,670,140,480,446,130,622,736,685,200,362,37,431,335,718,591,95,104,54,600,463,664,138,571,487,621,404,604,747,205,418,285,379,228,461,113,537,548,580,506,552,213,543,369,614,357,173,341,267,748,47,118,167,83,414,347,462,528,432,710,415,711,482,28,666,307,175,343,116,701,82,679,88,739,193,726,498,136,429,208,589,14,60,160,738,696,249,331,148,730,684,105,214,746,131,43,223,169,165,53,408,92,368,443,451,715,119,44,3,587,626,340,152,159,305,254,486,638,377,542,733,115,386,694,489,61,402,271,384,199,174,134,355,356,661,190,438,247,514,50,592,474,255,196,668,124,260,698,697,137,293,700,672,352,337,437,297,479,194,252,649,314,339,46,494,550,226,122,709,522,261,564,225,309,232,11,358,647,99,256,86,512,264,117,405,396,306,389,278,459,634,298,222,153,375,530,617,266,536,390,598,574,478,215,81,16,381,346,669,392,367,421,30,503,500,93,745,276,248,103,641,665,299,27,385,259,677,17,100,643,688,211,420,554,84,251,296,274,374,639,490,395,376,383,20,195,121,529,566,52,544,436,651,584,510,717,209,253,107,19,182,70,344,191,313,315,588,188,348,483,615,22,265,560,7,4,531,185,523,287,168,637,318,56,139,38,689,120,583,692,76,577,491,33,308,413,363,708,485,650,91,541,18,326,90,110,179,40,328,654,569,680,558,606,595,333,533,693,96,521,725,239,74,283,481,135,513,13,155,430,511,201,538,539,706,526,216,192,126,423,412,419,270,34,682,495,21,559,645,656,465,540,235,422,468,518,212,250,578,77,15,310,618,123,36,492,740,635,611,676,435,128,388,63,744,281,41,549,509,364,316,627,162,719,609,613,58,9,197,150,166,62,180,570,334,42,707,504,671,517,660,607,602,445,743,244,178,499,312,206,433,
363,165.6224992275238,162996.67297767883,157804.63704308213,78,416,460,728,217,464,322,230,373,161,427,534,455,372,49,219,361,67,417,320,6,241,424,158,229,452,742,5,72,704,234,242,85,466,712,453,80,354,272,467,378,240,365,291,394,98,527,109,221,450,729,338,640,1,198,284,714,401,497,675,143,398,65,237,295,257,288,311,289,177,444,71,686,632,51,0,231,227,735,142,440,687,286,556,441,737,555,625,636,154,236,210,79,553,332,469,243,563,699,605,695,630,648,562,246,68,411,301,599,484,406,48,496,520,581,644,380,426,133,300,59,277,565,439,146,608,488,561,114,304,202,674,741,454,473,722,151,505,329,87,616,262,702,721,32,2,470,184,596,164,302,658,434,545,371,397,662,409,597,448,576,145,330,678,350,586,125,24,101,601,181,275,75,508,204,403,303,25,89,653,579,399,659,623,546,238,582,144,407,269,127,393,382,475,663,55,108,132,400,507,620,370,594,593,149,172,170,493,45,535,102,610,657,732,220,319,203,442,681,575,624,39,23,713,425,646,690,655,268,673,428,280,515,129,73,410,263,447,157,35,189,667,716,633,97,727,360,472,387,186,734,336,29,294,456,321,292,345,524,10,349,547,156,273,366,703,629,572,477,691,147,590,66,94,183,603,8,567,471,749,258,720,324,64,628,359,476,31,585,519,557,353,323,224,683,723,724,163,501,207,342,619,516,141,551,449,652,325,111,69,171,12,218,187,705,568,573,502,612,290,233,525,457,351,112,279,176,106,631,57,317,327,642,532,245,282,731,26,391,458,670,140,480,446,130,622,736,685,200,362,37,431,335,718,591,95,104,54,600,463,664,138,571,487,621,404,604,747,205,418,285,379,228,461,113,537,548,580,506,552,213,543,369,614,357,173,341,267,748,47,118,167,83,414,347,462,528,432,710,415,711,482,28,666,307,175,343,116,701,82,679,88,739,193,726,498,136,429,208,589,14,60,160,738,696,249,331,148,730,684,105,214,746,131,43,223,169,165,53,408,92,368,443,451,715,119,44,3,587,626,340,152,159,305,254,486,638,377,542,733,115,386,694,489,61,402,271,384,199,174,134,355,356,661,190,438,247,514,50,592,474,255,196,668,124,260,698,697,137,293,700,672,352,337,437,297,479,194,252,649,314,339,46,494,550,226,122,709,522,261,564,225,309,232,11,358,647,99,256,86,512,264,117,405,396,306,389,278,459,634,298,222,153,375,530,617,266,536,390,598,574,478,215,81,16,381,346,669,392,367,421,30,503,500,93,745,276,248,103,641,665,299,27,385,259,677,17,100,643,688,211,420,554,84,251,296,274,374,639,490,395,376,383,20,195,121,529,566,52,544,436,651,584,510,717,209,253,107,19,182,70,344,191,313,315,588,188,348,483,615,22,265,560,7,4,531,185,523,287,168,637,318,56,139,38,689,120,583,692,76,577,491,33,308,413,363,708,485,650,91,541,18,326,90,110,179,40,328,654,569,680,558,606,595,333,533,693,96,521,725,239,74,283,481,135,513,13,155,430,511,201,538,539,706,526,216,192,126,423,412,419,270,34,682,495,21,559,645,656,465,540,235,422,468,518,212,250,578,77,15,310,618,123,36,492,740,635,611,676,435,128,388,63,744,281,41,549,509,364,316,627,162,719,609,613,58,9,197,150,166,62,180,570,334,42,707,504,671,517,660,607,602,445,743,244,178,499,312,206,433,
364,166.11151242256165,162906.60160683506,157804.63704308213,78,416,460,728,217,464,322,230,373,161,427,534,455,372,49,219,361,67,417,320,6,241,424,158,229,452,742,5,72,704,234,242,85,466,712,453,80,354,272,467,378,240,365,291,394,98,527,109,221,450,729,338,640,1,198,284,714,401,497,675,143,398,65,237,295,257,288,311,289,177,444,71,686,632,51,0,231,227,735,142,440,687,286,556,441,737,555,625,636,154,236,210,79,553,332,469,243,563,699,605,695,630,648,562,246,68,411,301,599,484,406,48,496,520,581,644,380,426,133,300,59,277,565,439,146,608,488,561,114,304,202,674,741,454,473,722,151,505,329,87,616,262,702,721,32,2,470,184,596,164,302,658,434,545,371,397,662,409,597,448,576,145,330,678,350,586,125,24,101,601,181,275,75,508,204,403,303,25,89,653,579,399,659,623,546,238,582,144,407,269,127,393,382,475,663,55,108,132,400,507,620,370,594,593,149,172,170,493,45,535,102,610,657,732,220,319,203,442,681,575,624,39,23,713,425,646,690,655,268,673,428,280,515,129,73,410,263,447,157,35,189,667,716,633,97,727,360,472,387,186,734,336,29,294,456,321,292,345,524,10,349,547,156,273,366,703,629,572,477,691,147,590,66,94,183,603,8,567,471,749,258,720,324,64,628,359,476,31,585,519,557,353,323,224,683,723,724,163,501,207,342,619,516,141,551,449,652,325,111,69,171,12,218,187,705,568,573,502,612,290,233,525,457,351,112,279,176,106,631,57,317,327,642,532,245,282,731,26,391,458,670,140,480,446,130,622,736,685,200,362,37,431,335,718,591,95,104,54,600,463,664,138,571,487,621,404,604,747,205,418,285,379,228,461,113,537,548,580,506,552,213,543,369,614,357,173,341,267,748,47,118,167,83,414,347,462,528,432,710,415,711,482,28,666,307,175,343,116,701,82,679,88,739,193,726,498,136,429,208,589,14,60,160,738,696,249,331,148,730,684,105,214,746,131,43,223,169,165,53,408,92,368,443,451,715,119,44,3,587,626,340,152,159,305,254,486,638,377,542,733,115,386,694,489,61,402,271,384,199,174,134,355,356,661,190,438,247,514,50,592,474,255,196,668,124,260,698,697,137,293,700,672,352,337,437,297,479,194,252,649,314,339,46,494,550,226,122,709,522,261,564,225,309,232,11,358,647,99,256,86,512,264,117,405,396,306,389,278,459,634,298,222,153,375,530,617,266,536,390,598,574,478,215,81,16,381,346,669,392,367,421,30,503,500,93,745,276,248,103,641,665,299,27,385,259,677,17,100,643,688,211,420,554,84,251,296,274,374,639,490,395,376,383,20,195,121,529,566,52,544,436,651,584,510,717,209,253,107,19,182,70,344,191,313,315,588,188,348,483,615,22,265,560,7,4,531,185,523,287,168,637,318,56,139,38,689,120,583,692,76,577,491,33,308,413,363,708,485,650,91,541,18,326,90,110,179,40,328,654,569,680,558,606,595,333,533,693,96,521,725,239,74,283,481,135,513,13,155,430,511,201,538,539,706,526,216,192,126,423,412,419,270,34,682,495,21,559,645,656,465,540,235,422,468,518,212,250,578,77,15,310,618,123,36,492,740,635,611,676,435,128,388,63,744,281,41,549,509,364,316,627,162,719,609,613,58,9,197,150,166,62,180,570,334,42,707,504,671,517,660,607,602,445,743,244,178,499,312,206,433,
365,166.56144881248474,162968.64998426184,157804.63704308213,78,416,460,728,217,464,322,230,373,161,427,534,455,372,49,219,361,67,417,320,6,241,424,158,229,452,742,5,72,704,234,242,85,466,712,453,80,354,272,467,378,240,365,291,394,98,527,109,221,450,729,338,640,1,198,284,714,401,497,675,143,398,65,237,295,257,288,311,289,177,444,71,686,632,51,0,231,227,735,142,440,687,286,556,441,737,555,625,636,154,236,210,79,553,332,469,243,563,699,605,695,630,648,562,246,68,411,301,599,484,406,48,496,520,581,644,380,426,133,300,59,277,565,439,146,608,488,561,114,304,202,674,741,454,473,722,151,505,329,87,616,262,702,721,32,2,470,184,596,164,302,658,434,545,371,397,662,409,597,448,576,145,330,678,350,586,125,24,101,601,181,275,75,508,204,403,303,25,89,653,579,399,659,623,546,238,582,144,407,269,127,393,382,475,663,55,108,132,400,507,620,370,594,593,149,172,170,493,45,535,102,610,657,732,220,319,203,442,681,575,624,39,23,713,425,646,690,655,268,673,428,280,515,129,73,410,263,447,157,35,189,667,716,633,97,727,360,472,387,186,734,336,29,294,456,321,292,345,524,10,349,547,156,273,366,703,629,572,477,691,147,590,66,94,183,603,8,567,471,749,258,720,324,64,628,359,476,31,585,519,557,353,323,224,683,723,724,163,501,207,342,619,516,141,551,449,652,325,111,69,171,12,218,187,705,568,573,502,612,290,233,525,457,351,112,279,176,106,631,57,317,327,642,532,245,282,731,26,391,458,670,140,480,446,130,622,736,685,200,362,37,431,335,718,591,95,104,54,600,463,664,138,571,487,621,404,604,747,205,418,285,379,228,461,113,537,548,580,506,552,213,543,369,614,357,173,341,267,748,47,118,167,83,414,347,462,528,432,710,415,711,482,28,666,307,175,343,116,701,82,679,88,739,193,726,498,136,429,208,589,14,60,160,738,696,249,331,148,730,684,105,214,746,131,43,223,169,165,53,408,92,368,443,451,715,119,44,3,587,626,340,152,159,305,254,486,638,377,542,733,115,386,694,489,61,402,271,384,199,174,134,355,356,661,190,438,247,514,50,592,474,255,196,668,124,260,698,697,137,293,700,672,352,337,437,297,479,194,252,649,314,339,46,494,550,226,122,709,522,261,564,225,309,232,11,358,647,99,256,86,512,264,117,405,396,306,389,278,459,634,298,222,153,375,530,617,266,536,390,598,574,478,215,81,16,381,346,669,392,367,421,30,503,500,93,745,276,248,103,641,665,299,27,385,259,677,17,100,643,688,211,420,554,84,251,296,274,374,639,490,395,376,383,20,195,121,529,566,52,544,436,651,584,510,717,209,253,107,19,182,70,344,191,313,315,588,188,348,483,615,22,265,560,7,4,531,185,523,287,168,637,318,56,139,38,689,120,583,692,76,577,491,33,308,413,363,708,485,650,91,541,18,326,90,110,179,40,328,654,569,680,558,606,595,333,533,693,96,521,725,239,74,283,481,135,513,13,155,430,511,201,538,539,706,526,216,192,126,423,412,419,270,34,682,495,21,559,645,656,465,540,235,422,468,518,212,250,578,77,15,310,618,123,36,492,740,635,611,676,435,128,388,63,744,281,41,549,509,364,316,627,162,719,609,613,58,9,197,150,166,62,180,570,334,42,707,504,671,517,660,607,602,445,743,244,178,499,312,206,433,
366,167.0044403076172,163006.44089732209,157804.63704308213,78,416,460,728,217,464,322,230,373,161,427,534,455,372,49,219,361,67,417,320,6,241,424,158,229,452,742,5,72,704,234,242,85,466,712,453,80,354,272,467,378,240,365,291,394,98,527,109,221,450,729,338,640,1,198,284,714,401,497,675,143,398,65,237,295,257,288,311,289,177,444,71,686,632,51,0,231,227,735,142,440,687,286,556,441,737,555,625,636,154,236,210,79,553,332,469,243,563,699,605,695,630,648,562,246,68,411,301,599,484,406,48,496,520,581,644,380,426,133,300,59,277,565,439,146,608,488,561,114,304,202,674,741,454,473,722,151,505,329,87,616,262,702,721,32,2,470,184,596,164,302,658,434,545,371,397,662,409,597,448,576,145,330,678,350,586,125,24,101,601,181,275,75,508,204,403,303,25,89,653,579,399,659,623,546,238,582,144,407,269,127,393,382,475,663,55,108,132,400,507,620,370,594,593,149,172,170,493,45,535,102,610,657,732,220,319,203,442,681,575,624,39,23,713,425,646,690,655,268,673,428,280,515,129,73,410,263,447,157,35,189,667,716,633,97,727,360,472,387,186,734,336,29,294,456,321,292,345,524,10,349,547,156,273,366,703,629,572,477,691,147,590,66,94,183,603,8,567,471,749,258,720,324,64,628,359,476,31,585,519,557,353,323,224,683,723,724,163,501,207,342,619,516,141,551,449,652,325,111,69,171,12,218,187,705,568,573,502,612,290,233,525,457,351,112,279,176,106,631,57,317,327,642,532,245,282,731,26,391,458,670,140,480,446,130,622,736,685,200,362,37,431,335,718,591,95,104,54,600,463,664,138,571,487,621,404,604,747,205,418,285,379,228,461,113,537,548,580,506,552,213,543,369,614,357,173,341,267,748,47,118,167,83,414,347,462,528,432,710,415,711,482,28,666,307,175,343,116,701,82,679,88,739,193,726,498,136,429,208,589,14,60,160,738,696,249,331,148,730,684,105,214,746,131,43,223,169,165,53,408,92,368,443,451,715,119,44,3,587,626,340,152,159,305,254,486,638,377,542,733,115,386,694,489,61,402,271,384,199,174,134,355,356,661,190,438,247,514,50,592,474,255,196,668,124,260,698,697,137,293,700,672,352,337,437,297,479,194,252,649,314,339,46,494,550,226,122,709,522,261,564,225,309,232,11,358,647,99,256,86,512,264,117,405,396,306,389,278,459,634,298,222,153,375,530,617,266,536,390,598,574,478,215,81,16,381,346,669,392,367,421,30,503,500,93,745,276,248,103,641,665,299,27,385,259,677,17,100,643,688,211,420,554,84,251,296,274,374,639,490,395,376,383,20,195,121,529,566,52,544,436,651,584,510,717,209,253,107,19,182,70,344,191,313,315,588,188,348,483,615,22,265,560,7,4,531,185,523,287,168,637,318,56,139,38,689,120,583,692,76,577,491,33,308,413,363,708,485,650,91,541,18,326,90,110,179,40,328,654,569,680,558,606,595,333,533,693,96,521,725,239,74,283,481,135,513,13,155,430,511,201,538,539,706,526,216,192,126,423,412,419,270,34,682,495,21,559,645,656,465,540,235,422,468,518,212,250,578,77,15,310,618,123,36,492,740,635,611,676,435,128,388,63,744,281,41,549,509,364,316,627,162,719,609,613,58,9,197,150,166,62,180,570,334,42,707,504,671,517,660,607,602,445,743,244,178,499,312,206,433,
367,167.43451714515686,162300.5656165829,157804.63704308213,78,416,460,728,217,464,322,230,373,161,427,534,455,372,49,219,361,67,417,320,6,241,424,158,229,452,742,5,72,704,234,242,85,466,712,453,80,354,272,467,378,240,365,291,394,98,527,109,221,450,729,338,640,1,198,284,714,401,497,675,143,398,65,237,295,257,288,311,289,177,444,71,686,632,51,0,231,227,735,142,440,687,286,556,441,737,555,625,636,154,236,210,79,553,332,469,243,563,699,605,695,630,648,562,246,68,411,301,599,484,406,48,496,520,581,644,380,426,133,300,59,277,565,439,146,608,488,561,114,304,202,674,741,454,473,722,151,505,329,87,616,262,702,721,32,2,470,184,596,164,302,658,434,545,371,397,662,409,597,448,576,145,330,678,350,586,125,24,101,601,181,275,75,508,204,403,303,25,89,653,579,399,659,623,546,238,582,144,407,269,127,393,382,475,663,55,108,132,400,507,620,370,594,593,149,172,170,493,45,535,102,610,657,732,220,319,203,442,681,575,624,39,23,713,425,646,690,655,268,673,428,280,515,129,73,410,263,447,157,35,189,667,716,633,97,727,360,472,387,186,734,336,29,294,456,321,292,345,524,10,349,547,156,273,366,703,629,572,477,691,147,590,66,94,183,603,8,567,471,749,258,720,324,64,628,359,476,31,585,519,557,353,323,224,683,723,724,163,501,207,342,619,516,141,551,449,652,325,111,69,171,12,218,187,705,568,573,502,612,290,233,525,457,351,112,279,176,106,631,57,317,327,642,532,245,282,731,26,391,458,670,140,480,446,130,622,736,685,200,362,37,431,335,718,591,95,104,54,600,463,664,138,571,487,621,404,604,747,205,418,285,379,228,461,113,537,548,580,506,552,213,543,369,614,357,173,341,267,748,47,118,167,83,414,347,462,528,432,710,415,711,482,28,666,307,175,343,116,701,82,679,88,739,193,726,498,136,429,208,589,14,60,160,738,696,249,331,148,730,684,105,214,746,131,43,223,169,165,53,408,92,368,443,451,715,119,44,3,587,626,340,152,159,305,254,486,638,377,542,733,115,386,694,489,61,402,271,384,199,174,134,355,356,661,190,438,247,514,50,592,474,255,196,668,124,260,698,697,137,293,700,672,352,337,437,297,479,194,252,649,314,339,46,494,550,226,122,709,522,261,564,225,309,232,11,358,647,99,256,86,512,264,117,405,396,306,389,278,459,634,298,222,153,375,530,617,266,536,390,598,574,478,215,81,16,381,346,669,392,367,421,30,503,500,93,745,276,248,103,641,665,299,27,385,259,677,17,100,643,688,211,420,554,84,251,296,274,374,639,490,395,376,383,20,195,121,529,566,52,544,436,651,584,510,717,209,253,107,19,182,70,344,191,313,315,588,188,348,483,615,22,265,560,7,4,531,185,523,287,168,637,318,56,139,38,689,120,583,692,76,577,491,33,308,413,363,708,485,650,91,541,18,326,90,110,179,40,328,654,569,680,558,606,595,333,533,693,96,521,725,239,74,283,481,135,513,13,155,430,511,201,538,539,706,526,216,192,126,423,412,419,270,34,682,495,21,559,645,656,465,540,235,422,468,518,212,250,578,77,15,310,618,123,36,492,740,635,611,676,435,128,388,63,744,281,41,549,509,364,316,627,162,719,609,613,58,9,197,150,166,62,180,570,334,42,707,504,671,517,660,607,602,445,743,244,178,499,312,206,433,
368,167.9110598564148,162869.48255905596,157804.63704308213,78,416,460,728,217,464,322,230,373,161,427,534,455,372,49,219,361,67,417,320,6,241,424,158,229,452,742,5,72,704,234,242,85,466,712,453,80,354,272,467,378,240,365,291,394,98,527,109,221,450,729,338,640,1,198,284,714,401,497,675,143,398,65,237,295,257,288,311,289,177,444,71,686,632,51,0,231,227,735,142,440,687,286,556,441,737,555,625,636,154,236,210,79,553,332,469,243,563,699,605,695,630,648,562,246,68,411,301,599,484,406,48,496,520,581,644,380,426,133,300,59,277,565,439,146,608,488,561,114,304,202,674,741,454,473,722,151,505,329,87,616,262,702,721,32,2,470,184,596,164,302,658,434,545,371,397,662,409,597,448,576,145,330,678,350,586,125,24,101,601,181,275,75,508,204,403,303,25,89,653,579,399,659,623,546,238,582,144,407,269,127,393,382,475,663,55,108,132,400,507,620,370,594,593,149,172,170,493,45,535,102,610,657,732,220,319,203,442,681,575,624,39,23,713,425,646,690,655,268,673,428,280,515,129,73,410,263,447,157,35,189,667,716,633,97,727,360,472,387,186,734,336,29,294,456,321,292,345,524,10,349,547,156,273,366,703,629,572,477,691,147,590,66,94,183,603,8,567,471,749,258,720,324,64,628,359,476,31,585,519,557,353,323,224,683,723,724,163,501,207,342,619,516,141,551,449,652,325,111,69,171,12,218,187,705,568,573,502,612,290,233,525,457,351,112,279,176,106,631,57,317,327,642,532,245,282,731,26,391,458,670,140,480,446,130,622,736,685,200,362,37,431,335,718,591,95,104,54,600,463,664,138,571,487,621,404,604,747,205,418,285,379,228,461,113,537,548,580,506,552,213,543,369,614,357,173,341,267,748,47,118,167,83,414,347,462,528,432,710,415,711,482,28,666,307,175,343,116,701,82,679,88,739,193,726,498,136,429,208,589,14,60,160,738,696,249,331,148,730,684,105,214,746,131,43,223,169,165,53,408,92,368,443,451,715,119,44,3,587,626,340,152,159,305,254,486,638,377,542,733,115,386,694,489,61,402,271,384,199,174,134,355,356,661,190,438,247,514,50,592,474,255,196,668,124,260,698,697,137,293,700,672,352,337,437,297,479,194,252,649,314,339,46,494,550,226,122,709,522,261,564,225,309,232,11,358,647,99,256,86,512,264,117,405,396,306,389,278,459,634,298,222,153,375,530,617,266,536,390,598,574,478,215,81,16,381,346,669,392,367,421,30,503,500,93,745,276,248,103,641,665,299,27,385,259,677,17,100,643,688,211,420,554,84,251,296,274,374,639,490,395,376,383,20,195,121,529,566,52,544,436,651,584,510,717,209,253,107,19,182,70,344,191,313,315,588,188,348,483,615,22,265,560,7,4,531,185,523,287,168,637,318,56,139,38,689,120,583,692,76,577,491,33,308,413,363,708,485,650,91,541,18,326,90,110,179,40,328,654,569,680,558,606,595,333,533,693,96,521,725,239,74,283,481,135,513,13,155,430,511,201,538,539,706,526,216,192,126,423,412,419,270,34,682,495,21,559,645,656,465,540,235,422,468,518,212,250,578,77,15,310,618,123,36,492,740,635,611,676,435,128,388,63,744,281,41,549,509,364,316,627,162,719,609,613,58,9,197,150,166,62,180,570,334,42,707,504,671,517,660,607,602,445,743,244,178,499,312,206,433,
369,168.34316658973694,162629.5254686567,157804.63704308213,78,416,460,728,217,464,322,230,373,161,427,534,455,372,49,219,361,67,417,320,6,241,424,158,229,452,742,5,72,704,234,242,85,466,712,453,80,354,272,467,378,240,365,291,394,98,527,109,221,450,729,338,640,1,198,284,714,401,497,675,143,398,65,237,295,257,288,311,289,177,444,71,686,632,51,0,231,227,735,142,440,687,286,556,441,737,555,625,636,154,236,210,79,553,332,469,243,563,699,605,695,630,648,562,246,68,411,301,599,484,406,48,496,520,581,644,380,426,133,300,59,277,565,439,146,608,488,561,114,304,202,674,741,454,473,722,151,505,329,87,616,262,702,721,32,2,470,184,596,164,302,658,434,545,371,397,662,409,597,448,576,145,330,678,350,586,125,24,101,601,181,275,75,508,204,403,303,25,89,653,579,399,659,623,546,238,582,144,407,269,127,393,382,475,663,55,108,132,400,507,620,370,594,593,149,172,170,493,45,535,102,610,657,732,220,319,203,442,681,575,624,39,23,713,425,646,690,655,268,673,428,280,515,129,73,410,263,447,157,35,189,667,716,633,97,727,360,472,387,186,734,336,29,294,456,321,292,345,524,10,349,547,156,273,366,703,629,572,477,691,147,590,66,94,183,603,8,567,471,749,258,720,324,64,628,359,476,31,585,519,557,353,323,224,683,723,724,163,501,207,342,619,516,141,551,449,652,325,111,69,171,12,218,187,705,568,573,502,612,290,233,525,457,351,112,279,176,106,631,57,317,327,642,532,245,282,731,26,391,458,670,140,480,446,130,622,736,685,200,362,37,431,335,718,591,95,104,54,600,463,664,138,571,487,621,404,604,747,205,418,285,379,228,461,113,537,548,580,506,552,213,543,369,614,357,173,341,267,748,47,118,167,83,414,347,462,528,432,710,415,711,482,28,666,307,175,343,116,701,82,679,88,739,193,726,498,136,429,208,589,14,60,160,738,696,249,331,148,730,684,105,214,746,131,43,223,169,165,53,408,92,368,443,451,715,119,44,3,587,626,340,152,159,305,254,486,638,377,542,733,115,386,694,489,61,402,271,384,199,174,134,355,356,661,190,438,247,514,50,592,474,255,196,668,124,260,698,697,137,293,700,672,352,337,437,297,479,194,252,649,314,339,46,494,550,226,122,709,522,261,564,225,309,232,11,358,647,99,256,86,512,264,117,405,396,306,389,278,459,634,298,222,153,375,530,617,266,536,390,598,574,478,215,81,16,381,346,669,392,367,421,30,503,500,93,745,276,248,103,641,665,299,27,385,259,677,17,100,643,688,211,420,554,84,251,296,274,374,639,490,395,376,383,20,195,121,529,566,52,544,436,651,584,510,717,209,253,107,19,182,70,344,191,313,315,588,188,348,483,615,22,265,560,7,4,531,185,523,287,168,637,318,56,139,38,689,120,583,692,76,577,491,33,308,413,363,708,485,650,91,541,18,326,90,110,179,40,328,654,569,680,558,606,595,333,533,693,96,521,725,239,74,283,481,135,513,13,155,430,511,201,538,539,706,526,216,192,126,423,412,419,270,34,682,495,21,559,645,656,465,540,235,422,468,518,212,250,578,77,15,310,618,123,36,492,740,635,611,676,435,128,388,63,744,281,41,549,509,364,316,627,162,719,609,613,58,9,197,150,166,62,180,570,334,42,707,504,671,517,660,607,602,445,743,244,178,499,312,206,433,
370,168.83747100830078,163167.8950949903,157804.63704308213,78,416,460,728,217,464,322,230,373,161,427,534,455,372,49,219,361,67,417,320,6,241,424,158,229,452,742,5,72,704,234,242,85,466,712,453,80,354,272,467,378,240,365,291,394,98,527,109,221,450,729,338,640,1,198,284,714,401,497,675,143,398,65,237,295,257,288,311,289,177,444,71,686,632,51,0,231,227,735,142,440,687,286,556,441,737,555,625,636,154,236,210,79,553,332,469,243,563,699,605,695,630,648,562,246,68,411,301,599,484,406,48,496,520,581,644,380,426,133,300,59,277,565,439,146,608,488,561,114,304,202,674,741,454,473,722,151,505,329,87,616,262,702,721,32,2,470,184,596,164,302,658,434,545,371,397,662,409,597,448,576,145,330,678,350,586,125,24,101,601,181,275,75,508,204,403,303,25,89,653,579,399,659,623,546,238,582,144,407,269,127,393,382,475,663,55,108,132,400,507,620,370,594,593,149,172,170,493,45,535,102,610,657,732,220,319,203,442,681,575,624,39,23,713,425,646,690,655,268,673,428,280,515,129,73,410,263,447,157,35,189,667,716,633,97,727,360,472,387,186,734,336,29,294,456,321,292,345,524,10,349,547,156,273,366,703,629,572,477,691,147,590,66,94,183,603,8,567,471,749,258,720,324,64,628,359,476,31,585,519,557,353,323,224,683,723,724,163,501,207,342,619,516,141,551,449,652,325,111,69,171,12,218,187,705,568,573,502,612,290,233,525,457,351,112,279,176,106,631,57,317,327,642,532,245,282,731,26,391,458,670,140,480,446,130,622,736,685,200,362,37,431,335,718,591,95,104,54,600,463,664,138,571,487,621,404,604,747,205,418,285,379,228,461,113,537,548,580,506,552,213,543,369,614,357,173,341,267,748,47,118,167,83,414,347,462,528,432,710,415,711,482,28,666,307,175,343,116,701,82,679,88,739,193,726,498,136,429,208,589,14,60,160,738,696,249,331,148,730,684,105,214,746,131,43,223,169,165,53,408,92,368,443,451,715,119,44,3,587,626,340,152,159,305,254,486,638,377,542,733,115,386,694,489,61,402,271,384,199,174,134,355,356,661,190,438,247,514,50,592,474,255,196,668,124,260,698,697,137,293,700,672,352,337,437,297,479,194,252,649,314,339,46,494,550,226,122,709,522,261,564,225,309,232,11,358,647,99,256,86,512,264,117,405,396,306,389,278,459,634,298,222,153,375,530,617,266,536,390,598,574,478,215,81,16,381,346,669,392,367,421,30,503,500,93,745,276,248,103,641,665,299,27,385,259,677,17,100,643,688,211,420,554,84,251,296,274,374,639,490,395,376,383,20,195,121,529,566,52,544,436,651,584,510,717,209,253,107,19,182,70,344,191,313,315,588,188,348,483,615,22,265,560,7,4,531,185,523,287,168,637,318,56,139,38,689,120,583,692,76,577,491,33,308,413,363,708,485,650,91,541,18,326,90,110,179,40,328,654,569,680,558,606,595,333,533,693,96,521,725,239,74,283,481,135,513,13,155,430,511,201,538,539,706,526,216,192,126,423,412,419,270,34,682,495,21,559,645,656,465,540,235,422,468,518,212,250,578,77,15,310,618,123,36,492,740,635,611,676,435,128,388,63,744,281,41,549,509,364,316,627,162,719,609,613,58,9,197,150,166,62,180,570,334,42,707,504,671,517,660,607,602,445,743,244,178,499,312,206,433,
371,169.3150029182434,160919.13095923956,157804.63704308213,78,416,460,728,217,464,322,230,373,161,427,534,455,372,49,219,361,67,417,320,6,241,424,158,229,452,742,5,72,704,234,242,85,466,712,453,80,354,272,467,378,240,365,291,394,98,527,109,221,450,729,338,640,1,198,284,714,401,497,675,143,398,65,237,295,257,288,311,289,177,444,71,686,632,51,0,231,227,735,142,440,687,286,556,441,737,555,625,636,154,236,210,79,553,332,469,243,563,699,605,695,630,648,562,246,68,411,301,599,484,406,48,496,520,581,644,380,426,133,300,59,277,565,439,146,608,488,561,114,304,202,674,741,454,473,722,151,505,329,87,616,262,702,721,32,2,470,184,596,164,302,658,434,545,371,397,662,409,597,448,576,145,330,678,350,586,125,24,101,601,181,275,75,508,204,403,303,25,89,653,579,399,659,623,546,238,582,144,407,269,127,393,382,475,663,55,108,132,400,507,620,370,594,593,149,172,170,493,45,535,102,610,657,732,220,319,203,442,681,575,624,39,23,713,425,646,690,655,268,673,428,280,515,129,73,410,263,447,157,35,189,667,716,633,97,727,360,472,387,186,734,336,29,294,456,321,292,345,524,10,349,547,156,273,366,703,629,572,477,691,147,590,66,94,183,603,8,567,471,749,258,720,324,64,628,359,476,31,585,519,557,353,323,224,683,723,724,163,501,207,342,619,516,141,551,449,652,325,111,69,171,12,218,187,705,568,573,502,612,290,233,525,457,351,112,279,176,106,631,57,317,327,642,532,245,282,731,26,391,458,670,140,480,446,130,622,736,685,200,362,37,431,335,718,591,95,104,54,600,463,664,138,571,487,621,404,604,747,205,418,285,379,228,461,113,537,548,580,506,552,213,543,369,614,357,173,341,267,748,47,118,167,83,414,347,462,528,432,710,415,711,482,28,666,307,175,343,116,701,82,679,88,739,193,726,498,136,429,208,589,14,60,160,738,696,249,331,148,730,684,105,214,746,131,43,223,169,165,53,408,92,368,443,451,715,119,44,3,587,626,340,152,159,305,254,486,638,377,542,733,115,386,694,489,61,402,271,384,199,174,134,355,356,661,190,438,247,514,50,592,474,255,196,668,124,260,698,697,137,293,700,672,352,337,437,297,479,194,252,649,314,339,46,494,550,226,122,709,522,261,564,225,309,232,11,358,647,99,256,86,512,264,117,405,396,306,389,278,459,634,298,222,153,375,530,617,266,536,390,598,574,478,215,81,16,381,346,669,392,367,421,30,503,500,93,745,276,248,103,641,665,299,27,385,259,677,17,100,643,688,211,420,554,84,251,296,274,374,639,490,395,376,383,20,195,121,529,566,52,544,436,651,584,510,717,209,253,107,19,182,70,344,191,313,315,588,188,348,483,615,22,265,560,7,4,531,185,523,287,168,637,318,56,139,38,689,120,583,692,76,577,491,33,308,413,363,708,485,650,91,541,18,326,90,110,179,40,328,654,569,680,558,606,595,333,533,693,96,521,725,239,74,283,481,135,513,13,155,430,511,201,538,539,706,526,216,192,126,423,412,419,270,34,682,495,21,559,645,656,465,540,235,422,468,518,212,250,578,77,15,310,618,123,36,492,740,635,611,676,435,128,388,63,744,281,41,549,509,364,316,627,162,719,609,613,58,9,197,150,166,62,180,570,334,42,707,504,671,517,660,607,602,445,743,244,178,499,312,206,433,
372,169.84819626808167,160497.63193496942,157804.63704308213,78,416,460,728,217,464,322,230,373,161,427,534,455,372,49,219,361,67,417,320,6,241,424,158,229,452,742,5,72,704,234,242,85,466,712,453,80,354,272,467,378,240,365,291,394,98,527,109,221,450,729,338,640,1,198,284,714,401,497,675,143,398,65,237,295,257,288,311,289,177,444,71,686,632,51,0,231,227,735,142,440,687,286,556,441,737,555,625,636,154,236,210,79,553,332,469,243,563,699,605,695,630,648,562,246,68,411,301,599,484,406,48,496,520,581,644,380,426,133,300,59,277,565,439,146,608,488,561,114,304,202,674,741,454,473,722,151,505,329,87,616,262,702,721,32,2,470,184,596,164,302,658,434,545,371,397,662,409,597,448,576,145,330,678,350,586,125,24,101,601,181,275,75,508,204,403,303,25,89,653,579,399,659,623,546,238,582,144,407,269,127,393,382,475,663,55,108,132,400,507,620,370,594,593,149,172,170,493,45,535,102,610,657,732,220,319,203,442,681,575,624,39,23,713,425,646,690,655,268,673,428,280,515,129,73,410,263,447,157,35,189,667,716,633,97,727,360,472,387,186,734,336,29,294,456,321,292,345,524,10,349,547,156,273,366,703,629,572,477,691,147,590,66,94,183,603,8,567,471,749,258,720,324,64,628,359,476,31,585,519,557,353,323,224,683,723,724,163,501,207,342,619,516,141,551,449,652,325,111,69,171,12,218,187,705,568,573,502,612,290,233,525,457,351,112,279,176,106,631,57,317,327,642,532,245,282,731,26,391,458,670,140,480,446,130,622,736,685,200,362,37,431,335,718,591,95,104,54,600,463,664,138,571,487,621,404,604,747,205,418,285,379,228,461,113,537,548,580,506,552,213,543,369,614,357,173,341,267,748,47,118,167,83,414,347,462,528,432,710,415,711,482,28,666,307,175,343,116,701,82,679,88,739,193,726,498,136,429,208,589,14,60,160,738,696,249,331,148,730,684,105,214,746,131,43,223,169,165,53,408,92,368,443,451,715,119,44,3,587,626,340,152,159,305,254,486,638,377,542,733,115,386,694,489,61,402,271,384,199,174,134,355,356,661,190,438,247,514,50,592,474,255,196,668,124,260,698,697,137,293,700,672,352,337,437,297,479,194,252,649,314,339,46,494,550,226,122,709,522,261,564,225,309,232,11,358,647,99,256,86,512,264,117,405,396,306,389,278,459,634,298,222,153,375,530,617,266,536,390,598,574,478,215,81,16,381,346,669,392,367,421,30,503,500,93,745,276,248,103,641,665,299,27,385,259,677,17,100,643,688,211,420,554,84,251,296,274,374,639,490,395,376,383,20,195,121,529,566,52,544,436,651,584,510,717,209,253,107,19,182,70,344,191,313,315,588,188,348,483,615,22,265,560,7,4,531,185,523,287,168,637,318,56,139,38,689,120,583,692,76,577,491,33,308,413,363,708,485,650,91,541,18,326,90,110,179,40,328,654,569,680,558,606,595,333,533,693,96,521,725,239,74,283,481,135,513,13,155,430,511,201,538,539,706,526,216,192,126,423,412,419,270,34,682,495,21,559,645,656,465,540,235,422,468,518,212,250,578,77,15,310,618,123,36,492,740,635,611,676,435,128,388,63,744,281,41,549,509,364,316,627,162,719,609,613,58,9,197,150,166,62,180,570,334,42,707,504,671,517,660,607,602,445,743,244,178,499,312,206,433,
373,170.29415845870972,161064.03823804116,157804.63704308213,78,416,460,728,217,464,322,230,373,161,427,534,455,372,49,219,361,67,417,320,6,241,424,158,229,452,742,5,72,704,234,242,85,466,712,453,80,354,272,467,378,240,365,291,394,98,527,109,221,450,729,338,640,1,198,284,714,401,497,675,143,398,65,237,295,257,288,311,289,177,444,71,686,632,51,0,231,227,735,142,440,687,286,556,441,737,555,625,636,154,236,210,79,553,332,469,243,563,699,605,695,630,648,562,246,68,411,301,599,484,406,48,496,520,581,644,380,426,133,300,59,277,565,439,146,608,488,561,114,304,202,674,741,454,473,722,151,505,329,87,616,262,702,721,32,2,470,184,596,164,302,658,434,545,371,397,662,409,597,448,576,145,330,678,350,586,125,24,101,601,181,275,75,508,204,403,303,25,89,653,579,399,659,623,546,238,582,144,407,269,127,393,382,475,663,55,108,132,400,507,620,370,594,593,149,172,170,493,45,535,102,610,657,732,220,319,203,442,681,575,624,39,23,713,425,646,690,655,268,673,428,280,515,129,73,410,263,447,157,35,189,667,716,633,97,727,360,472,387,186,734,336,29,294,456,321,292,345,524,10,349,547,156,273,366,703,629,572,477,691,147,590,66,94,183,603,8,567,471,749,258,720,324,64,628,359,476,31,585,519,557,353,323,224,683,723,724,163,501,207,342,619,516,141,551,449,652,325,111,69,171,12,218,187,705,568,573,502,612,290,233,525,457,351,112,279,176,106,631,57,317,327,642,532,245,282,731,26,391,458,670,140,480,446,130,622,736,685,200,362,37,431,335,718,591,95,104,54,600,463,664,138,571,487,621,404,604,747,205,418,285,379,228,461,113,537,548,580,506,552,213,543,369,614,357,173,341,267,748,47,118,167,83,414,347,462,528,432,710,415,711,482,28,666,307,175,343,116,701,82,679,88,739,193,726,498,136,429,208,589,14,60,160,738,696,249,331,148,730,684,105,214,746,131,43,223,169,165,53,408,92,368,443,451,715,119,44,3,587,626,340,152,159,305,254,486,638,377,542,733,115,386,694,489,61,402,271,384,199,174,134,355,356,661,190,438,247,514,50,592,474,255,196,668,124,260,698,697,137,293,700,672,352,337,437,297,479,194,252,649,314,339,46,494,550,226,122,709,522,261,564,225,309,232,11,358,647,99,256,86,512,264,117,405,396,306,389,278,459,634,298,222,153,375,530,617,266,536,390,598,574,478,215,81,16,381,346,669,392,367,421,30,503,500,93,745,276,248,103,641,665,299,27,385,259,677,17,100,643,688,211,420,554,84,251,296,274,374,639,490,395,376,383,20,195,121,529,566,52,544,436,651,584,510,717,209,253,107,19,182,70,344,191,313,315,588,188,348,483,615,22,265,560,7,4,531,185,523,287,168,637,318,56,139,38,689,120,583,692,76,577,491,33,308,413,363,708,485,650,91,541,18,326,90,110,179,40,328,654,569,680,558,606,595,333,533,693,96,521,725,239,74,283,481,135,513,13,155,430,511,201,538,539,706,526,216,192,126,423,412,419,270,34,682,495,21,559,645,656,465,540,235,422,468,518,212,250,578,77,15,310,618,123,36,492,740,635,611,676,435,128,388,63,744,281,41,549,509,364,316,627,162,719,609,613,58,9,197,150,166,62,180,570,334,42,707,504,671,517,660,607,602,445,743,244,178,499,312,206,433,
374,170.81642842292786,162182.7972760397,157804.63704308213,78,416,460,728,217,464,322,230,373,161,427,534,455,372,49,219,361,67,417,320,6,241,424,158,229,452,742,5,72,704,234,242,85,466,712,453,80,354,272,467,378,240,365,291,394,98,527,109,221,450,729,338,640,1,198,284,714,401,497,675,143,398,65,237,295,257,288,311,289,177,444,71,686,632,51,0,231,227,735,142,440,687,286,556,441,737,555,625,636,154,236,210,79,553,332,469,243,563,699,605,695,630,648,562,246,68,411,301,599,484,406,48,496,520,581,644,380,426,133,300,59,277,565,439,146,608,488,561,114,304,202,674,741,454,473,722,151,505,329,87,616,262,702,721,32,2,470,184,596,164,302,658,434,545,371,397,662,409,597,448,576,145,330,678,350,586,125,24,101,601,181,275,75,508,204,403,303,25,89,653,579,399,659,623,546,238,582,144,407,269,127,393,382,475,663,55,108,132,400,507,620,370,594,593,149,172,170,493,45,535,102,610,657,732,220,319,203,442,681,575,624,39,23,713,425,646,690,655,268,673,428,280,515,129,73,410,263,447,157,35,189,667,716,633,97,727,360,472,387,186,734,336,29,294,456,321,292,345,524,10,349,547,156,273,366,703,629,572,477,691,147,590,66,94,183,603,8,567,471,749,258,720,324,64,628,359,476,31,585,519,557,353,323,224,683,723,724,163,501,207,342,619,516,141,551,449,652,325,111,69,171,12,218,187,705,568,573,502,612,290,233,525,457,351,112,279,176,106,631,57,317,327,642,532,245,282,731,26,391,458,670,140,480,446,130,622,736,685,200,362,37,431,335,718,591,95,104,54,600,463,664,138,571,487,621,404,604,747,205,418,285,379,228,461,113,537,548,580,506,552,213,543,369,614,357,173,341,267,748,47,118,167,83,414,347,462,528,432,710,415,711,482,28,666,307,175,343,116,701,82,679,88,739,193,726,498,136,429,208,589,14,60,160,738,696,249,331,148,730,684,105,214,746,131,43,223,169,165,53,408,92,368,443,451,715,119,44,3,587,626,340,152,159,305,254,486,638,377,542,733,115,386,694,489,61,402,271,384,199,174,134,355,356,661,190,438,247,514,50,592,474,255,196,668,124,260,698,697,137,293,700,672,352,337,437,297,479,194,252,649,314,339,46,494,550,226,122,709,522,261,564,225,309,232,11,358,647,99,256,86,512,264,117,405,396,306,389,278,459,634,298,222,153,375,530,617,266,536,390,598,574,478,215,81,16,381,346,669,392,367,421,30,503,500,93,745,276,248,103,641,665,299,27,385,259,677,17,100,643,688,211,420,554,84,251,296,274,374,639,490,395,376,383,20,195,121,529,566,52,544,436,651,584,510,717,209,253,107,19,182,70,344,191,313,315,588,188,348,483,615,22,265,560,7,4,531,185,523,287,168,637,318,56,139,38,689,120,583,692,76,577,491,33,308,413,363,708,485,650,91,541,18,326,90,110,179,40,328,654,569,680,558,606,595,333,533,693,96,521,725,239,74,283,481,135,513,13,155,430,511,201,538,539,706,526,216,192,126,423,412,419,270,34,682,495,21,559,645,656,465,540,235,422,468,518,212,250,578,77,15,310,618,123,36,492,740,635,611,676,435,128,388,63,744,281,41,549,509,364,316,627,162,719,609,613,58,9,197,150,166,62,180,570,334,42,707,504,671,517,660,607,602,445,743,244,178,499,312,206,433,
375,171.28719425201416,162915.69068687884,157804.63704308213,78,416,460,728,217,464,322,230,373,161,427,534,455,372,49,219,361,67,417,320,6,241,424,158,229,452,742,5,72,704,234,242,85,466,712,453,80,354,272,467,378,240,365,291,394,98,527,109,221,450,729,338,640,1,198,284,714,401,497,675,143,398,65,237,295,257,288,311,289,177,444,71,686,632,51,0,231,227,735,142,440,687,286,556,441,737,555,625,636,154,236,210,79,553,332,469,243,563,699,605,695,630,648,562,246,68,411,301,599,484,406,48,496,520,581,644,380,426,133,300,59,277,565,439,146,608,488,561,114,304,202,674,741,454,473,722,151,505,329,87,616,262,702,721,32,2,470,184,596,164,302,658,434,545,371,397,662,409,597,448,576,145,330,678,350,586,125,24,101,601,181,275,75,508,204,403,303,25,89,653,579,399,659,623,546,238,582,144,407,269,127,393,382,475,663,55,108,132,400,507,620,370,594,593,149,172,170,493,45,535,102,610,657,732,220,319,203,442,681,575,624,39,23,713,425,646,690,655,268,673,428,280,515,129,73,410,263,447,157,35,189,667,716,633,97,727,360,472,387,186,734,336,29,294,456,321,292,345,524,10,349,547,156,273,366,703,629,572,477,691,147,590,66,94,183,603,8,567,471,749,258,720,324,64,628,359,476,31,585,519,557,353,323,224,683,723,724,163,501,207,342,619,516,141,551,449,652,325,111,69,171,12,218,187,705,568,573,502,612,290,233,525,457,351,112,279,176,106,631,57,317,327,642,532,245,282,731,26,391,458,670,140,480,446,130,622,736,685,200,362,37,431,335,718,591,95,104,54,600,463,664,138,571,487,621,404,604,747,205,418,285,379,228,461,113,537,548,580,506,552,213,543,369,614,357,173,341,267,748,47,118,167,83,414,347,462,528,432,710,415,711,482,28,666,307,175,343,116,701,82,679,88,739,193,726,498,136,429,208,589,14,60,160,738,696,249,331,148,730,684,105,214,746,131,43,223,169,165,53,408,92,368,443,451,715,119,44,3,587,626,340,152,159,305,254,486,638,377,542,733,115,386,694,489,61,402,271,384,199,174,134,355,356,661,190,438,247,514,50,592,474,255,196,668,124,260,698,697,137,293,700,672,352,337,437,297,479,194,252,649,314,339,46,494,550,226,122,709,522,261,564,225,309,232,11,358,647,99,256,86,512,264,117,405,396,306,389,278,459,634,298,222,153,375,530,617,266,536,390,598,574,478,215,81,16,381,346,669,392,367,421,30,503,500,93,745,276,248,103,641,665,299,27,385,259,677,17,100,643,688,211,420,554,84,251,296,274,374,639,490,395,376,383,20,195,121,529,566,52,544,436,651,584,510,717,209,253,107,19,182,70,344,191,313,315,588,188,348,483,615,22,265,560,7,4,531,185,523,287,168,637,318,56,139,38,689,120,583,692,76,577,491,33,308,413,363,708,485,650,91,541,18,326,90,110,179,40,328,654,569,680,558,606,595,333,533,693,96,521,725,239,74,283,481,135,513,13,155,430,511,201,538,539,706,526,216,192,126,423,412,419,270,34,682,495,21,559,645,656,465,540,235,422,468,518,212,250,578,77,15,310,618,123,36,492,740,635,611,676,435,128,388,63,744,281,41,549,509,364,316,627,162,719,609,613,58,9,197,150,166,62,180,570,334,42,707,504,671,517,660,607,602,445,743,244,178,499,312,206,433,
376,172.04862809181213,162224.40106662,157804.63704308213,78,416,460,728,217,464,322,230,373,161,427,534,455,372,49,219,361,67,417,320,6,241,424,158,229,452,742,5,72,704,234,242,85,466,712,453,80,354,272,467,378,240,365,291,394,98,527,109,221,450,729,338,640,1,198,284,714,401,497,675,143,398,65,237,295,257,288,311,289,177,444,71,686,632,51,0,231,227,735,142,440,687,286,556,441,737,555,625,636,154,236,210,79,553,332,469,243,563,699,605,695,630,648,562,246,68,411,301,599,484,406,48,496,520,581,644,380,426,133,300,59,277,565,439,146,608,488,561,114,304,202,674,741,454,473,722,151,505,329,87,616,262,702,721,32,2,470,184,596,164,302,658,434,545,371,397,662,409,597,448,576,145,330,678,350,586,125,24,101,601,181,275,75,508,204,403,303,25,89,653,579,399,659,623,546,238,582,144,407,269,127,393,382,475,663,55,108,132,400,507,620,370,594,593,149,172,170,493,45,535,102,610,657,732,220,319,203,442,681,575,624,39,23,713,425,646,690,655,268,673,428,280,515,129,73,410,263,447,157,35,189,667,716,633,97,727,360,472,387,186,734,336,29,294,456,321,292,345,524,10,349,547,156,273,366,703,629,572,477,691,147,590,66,94,183,603,8,567,471,749,258,720,324,64,628,359,476,31,585,519,557,353,323,224,683,723,724,163,501,207,342,619,516,141,551,449,652,325,111,69,171,12,218,187,705,568,573,502,612,290,233,525,457,351,112,279,176,106,631,57,317,327,642,532,245,282,731,26,391,458,670,140,480,446,130,622,736,685,200,362,37,431,335,718,591,95,104,54,600,463,664,138,571,487,621,404,604,747,205,418,285,379,228,461,113,537,548,580,506,552,213,543,369,614,357,173,341,267,748,47,118,167,83,414,347,462,528,432,710,415,711,482,28,666,307,175,343,116,701,82,679,88,739,193,726,498,136,429,208,589,14,60,160,738,696,249,331,148,730,684,105,214,746,131,43,223,169,165,53,408,92,368,443,451,715,119,44,3,587,626,340,152,159,305,254,486,638,377,542,733,115,386,694,489,61,402,271,384,199,174,134,355,356,661,190,438,247,514,50,592,474,255,196,668,124,260,698,697,137,293,700,672,352,337,437,297,479,194,252,649,314,339,46,494,550,226,122,709,522,261,564,225,309,232,11,358,647,99,256,86,512,264,117,405,396,306,389,278,459,634,298,222,153,375,530,617,266,536,390,598,574,478,215,81,16,381,346,669,392,367,421,30,503,500,93,745,276,248,103,641,665,299,27,385,259,677,17,100,643,688,211,420,554,84,251,296,274,374,639,490,395,376,383,20,195,121,529,566,52,544,436,651,584,510,717,209,253,107,19,182,70,344,191,313,315,588,188,348,483,615,22,265,560,7,4,531,185,523,287,168,637,318,56,139,38,689,120,583,692,76,577,491,33,308,413,363,708,485,650,91,541,18,326,90,110,179,40,328,654,569,680,558,606,595,333,533,693,96,521,725,239,74,283,481,135,513,13,155,430,511,201,538,539,706,526,216,192,126,423,412,419,270,34,682,495,21,559,645,656,465,540,235,422,468,518,212,250,578,77,15,310,618,123,36,492,740,635,611,676,435,128,388,63,744,281,41,549,509,364,316,627,162,719,609,613,58,9,197,150,166,62,180,570,334,42,707,504,671,517,660,607,602,445,743,244,178,499,312,206,433,
377,172.61363339424133,inf,157804.63704308213,78,416,460,728,217,464,322,230,373,161,427,534,455,372,49,219,361,67,417,320,6,241,424,158,229,452,742,5,72,704,234,242,85,466,712,453,80,354,272,467,378,240,365,291,394,98,527,109,221,450,729,338,640,1,198,284,714,401,497,675,143,398,65,237,295,257,288,311,289,177,444,71,686,632,51,0,231,227,735,142,440,687,286,556,441,737,555,625,636,154,236,210,79,553,332,469,243,563,699,605,695,630,648,562,246,68,411,301,599,484,406,48,496,520,581,644,380,426,133,300,59,277,565,439,146,608,488,561,114,304,202,674,741,454,473,722,151,505,329,87,616,262,702,721,32,2,470,184,596,164,302,658,434,545,371,397,662,409,597,448,576,145,330,678,350,586,125,24,101,601,181,275,75,508,204,403,303,25,89,653,579,399,659,623,546,238,582,144,407,269,127,393,382,475,663,55,108,132,400,507,620,370,594,593,149,172,170,493,45,535,102,610,657,732,220,319,203,442,681,575,624,39,23,713,425,646,690,655,268,673,428,280,515,129,73,410,263,447,157,35,189,667,716,633,97,727,360,472,387,186,734,336,29,294,456,321,292,345,524,10,349,547,156,273,366,703,629,572,477,691,147,590,66,94,183,603,8,567,471,749,258,720,324,64,628,359,476,31,585,519,557,353,323,224,683,723,724,163,501,207,342,619,516,141,551,449,652,325,111,69,171,12,218,187,705,568,573,502,612,290,233,525,457,351,112,279,176,106,631,57,317,327,642,532,245,282,731,26,391,458,670,140,480,446,130,622,736,685,200,362,37,431,335,718,591,95,104,54,600,463,664,138,571,487,621,404,604,747,205,418,285,379,228,461,113,537,548,580,506,552,213,543,369,614,357,173,341,267,748,47,118,167,83,414,347,462,528,432,710,415,711,482,28,666,307,175,343,116,701,82,679,88,739,193,726,498,136,429,208,589,14,60,160,738,696,249,331,148,730,684,105,214,746,131,43,223,169,165,53,408,92,368,443,451,715,119,44,3,587,626,340,152,159,305,254,486,638,377,542,733,115,386,694,489,61,402,271,384,199,174,134,355,356,661,190,438,247,514,50,592,474,255,196,668,124,260,698,697,137,293,700,672,352,337,437,297,479,194,252,649,314,339,46,494,550,226,122,709,522,261,564,225,309,232,11,358,647,99,256,86,512,264,117,405,396,306,389,278,459,634,298,222,153,375,530,617,266,536,390,598,574,478,215,81,16,381,346,669,392,367,421,30,503,500,93,745,276,248,103,641,665,299,27,385,259,677,17,100,643,688,211,420,554,84,251,296,274,374,639,490,395,376,383,20,195,121,529,566,52,544,436,651,584,510,717,209,253,107,19,182,70,344,191,313,315,588,188,348,483,615,22,265,560,7,4,531,185,523,287,168,637,318,56,139,38,689,120,583,692,76,577,491,33,308,413,363,708,485,650,91,541,18,326,90,110,179,40,328,654,569,680,558,606,595,333,533,693,96,521,725,239,74,283,481,135,513,13,155,430,511,201,538,539,706,526,216,192,126,423,412,419,270,34,682,495,21,559,645,656,465,540,235,422,468,518,212,250,578,77,15,310,618,123,36,492,740,635,611,676,435,128,388,63,744,281,41,549,509,364,316,627,162,719,609,613,58,9,197,150,166,62,180,570,334,42,707,504,671,517,660,607,602,445,743,244,178,499,312,206,433,
378,173.332861661911,161784.62705283015,157804.63704308213,78,416,460,728,217,464,322,230,373,161,427,534,455,372,49,219,361,67,417,320,6,241,424,158,229,452,742,5,72,704,234,242,85,466,712,453,80,354,272,467,378,240,365,291,394,98,527,109,221,450,729,338,640,1,198,284,714,401,497,675,143,398,65,237,295,257,288,311,289,177,444,71,686,632,51,0,231,227,735,142,440,687,286,556,441,737,555,625,636,154,236,210,79,553,332,469,243,563,699,605,695,630,648,562,246,68,411,301,599,484,406,48,496,520,581,644,380,426,133,300,59,277,565,439,146,608,488,561,114,304,202,674,741,454,473,722,151,505,329,87,616,262,702,721,32,2,470,184,596,164,302,658,434,545,371,397,662,409,597,448,576,145,330,678,350,586,125,24,101,601,181,275,75,508,204,403,303,25,89,653,579,399,659,623,546,238,582,144,407,269,127,393,382,475,663,55,108,132,400,507,620,370,594,593,149,172,170,493,45,535,102,610,657,732,220,319,203,442,681,575,624,39,23,713,425,646,690,655,268,673,428,280,515,129,73,410,263,447,157,35,189,667,716,633,97,727,360,472,387,186,734,336,29,294,456,321,292,345,524,10,349,547,156,273,366,703,629,572,477,691,147,590,66,94,183,603,8,567,471,749,258,720,324,64,628,359,476,31,585,519,557,353,323,224,683,723,724,163,501,207,342,619,516,141,551,449,652,325,111,69,171,12,218,187,705,568,573,502,612,290,233,525,457,351,112,279,176,106,631,57,317,327,642,532,245,282,731,26,391,458,670,140,480,446,130,622,736,685,200,362,37,431,335,718,591,95,104,54,600,463,664,138,571,487,621,404,604,747,205,418,285,379,228,461,113,537,548,580,506,552,213,543,369,614,357,173,341,267,748,47,118,167,83,414,347,462,528,432,710,415,711,482,28,666,307,175,343,116,701,82,679,88,739,193,726,498,136,429,208,589,14,60,160,738,696,249,331,148,730,684,105,214,746,131,43,223,169,165,53,408,92,368,443,451,715,119,44,3,587,626,340,152,159,305,254,486,638,377,542,733,115,386,694,489,61,402,271,384,199,174,134,355,356,661,190,438,247,514,50,592,474,255,196,668,124,260,698,697,137,293,700,672,352,337,437,297,479,194,252,649,314,339,46,494,550,226,122,709,522,261,564,225,309,232,11,358,647,99,256,86,512,264,117,405,396,306,389,278,459,634,298,222,153,375,530,617,266,536,390,598,574,478,215,81,16,381,346,669,392,367,421,30,503,500,93,745,276,248,103,641,665,299,27,385,259,677,17,100,643,688,211,420,554,84,251,296,274,374,639,490,395,376,383,20,195,121,529,566,52,544,436,651,584,510,717,209,253,107,19,182,70,344,191,313,315,588,188,348,483,615,22,265,560,7,4,531,185,523,287,168,637,318,56,139,38,689,120,583,692,76,577,491,33,308,413,363,708,485,650,91,541,18,326,90,110,179,40,328,654,569,680,558,606,595,333,533,693,96,521,725,239,74,283,481,135,513,13,155,430,511,201,538,539,706,526,216,192,126,423,412,419,270,34,682,495,21,559,645,656,465,540,235,422,468,518,212,250,578,77,15,310,618,123,36,492,740,635,611,676,435,128,388,63,744,281,41,549,509,364,316,627,162,719,609,613,58,9,197,150,166,62,180,570,334,42,707,504,671,517,660,607,602,445,743,244,178,499,312,206,433,
379,173.777015209198,162700.27234388824,157804.63704308213,78,416,460,728,217,464,322,230,373,161,427,534,455,372,49,219,361,67,417,320,6,241,424,158,229,452,742,5,72,704,234,242,85,466,712,453,80,354,272,467,378,240,365,291,394,98,527,109,221,450,729,338,640,1,198,284,714,401,497,675,143,398,65,237,295,257,288,311,289,177,444,71,686,632,51,0,231,227,735,142,440,687,286,556,441,737,555,625,636,154,236,210,79,553,332,469,243,563,699,605,695,630,648,562,246,68,411,301,599,484,406,48,496,520,581,644,380,426,133,300,59,277,565,439,146,608,488,561,114,304,202,674,741,454,473,722,151,505,329,87,616,262,702,721,32,2,470,184,596,164,302,658,434,545,371,397,662,409,597,448,576,145,330,678,350,586,125,24,101,601,181,275,75,508,204,403,303,25,89,653,579,399,659,623,546,238,582,144,407,269,127,393,382,475,663,55,108,132,400,507,620,370,594,593,149,172,170,493,45,535,102,610,657,732,220,319,203,442,681,575,624,39,23,713,425,646,690,655,268,673,428,280,515,129,73,410,263,447,157,35,189,667,716,633,97,727,360,472,387,186,734,336,29,294,456,321,292,345,524,10,349,547,156,273,366,703,629,572,477,691,147,590,66,94,183,603,8,567,471,749,258,720,324,64,628,359,476,31,585,519,557,353,323,224,683,723,724,163,501,207,342,619,516,141,551,449,652,325,111,69,171,12,218,187,705,568,573,502,612,290,233,525,457,351,112,279,176,106,631,57,317,327,642,532,245,282,731,26,391,458,670,140,480,446,130,622,736,685,200,362,37,431,335,718,591,95,104,54,600,463,664,138,571,487,621,404,604,747,205,418,285,379,228,461,113,537,548,580,506,552,213,543,369,614,357,173,341,267,748,47,118,167,83,414,347,462,528,432,710,415,711,482,28,666,307,175,343,116,701,82,679,88,739,193,726,498,136,429,208,589,14,60,160,738,696,249,331,148,730,684,105,214,746,131,43,223,169,165,53,408,92,368,443,451,715,119,44,3,587,626,340,152,159,305,254,486,638,377,542,733,115,386,694,489,61,402,271,384,199,174,134,355,356,661,190,438,247,514,50,592,474,255,196,668,124,260,698,697,137,293,700,672,352,337,437,297,479,194,252,649,314,339,46,494,550,226,122,709,522,261,564,225,309,232,11,358,647,99,256,86,512,264,117,405,396,306,389,278,459,634,298,222,153,375,530,617,266,536,390,598,574,478,215,81,16,381,346,669,392,367,421,30,503,500,93,745,276,248,103,641,665,299,27,385,259,677,17,100,643,688,211,420,554,84,251,296,274,374,639,490,395,376,383,20,195,121,529,566,52,544,436,651,584,510,717,209,253,107,19,182,70,344,191,313,315,588,188,348,483,615,22,265,560,7,4,531,185,523,287,168,637,318,56,139,38,689,120,583,692,76,577,491,33,308,413,363,708,485,650,91,541,18,326,90,110,179,40,328,654,569,680,558,606,595,333,533,693,96,521,725,239,74,283,481,135,513,13,155,430,511,201,538,539,706,526,216,192,126,423,412,419,270,34,682,495,21,559,645,656,465,540,235,422,468,518,212,250,578,77,15,310,618,123,36,492,740,635,611,676,435,128,388,63,744,281,41,549,509,364,316,627,162,719,609,613,58,9,197,150,166,62,180,570,334,42,707,504,671,517,660,607,602,445,743,244,178,499,312,206,433,
380,174.40934705734253,161812.92956139785,157804.63704308213,78,416,460,728,217,464,322,230,373,161,427,534,455,372,49,219,361,67,417,320,6,241,424,158,229,452,742,5,72,704,234,242,85,466,712,453,80,354,272,467,378,240,365,291,394,98,527,109,221,450,729,338,640,1,198,284,714,401,497,675,143,398,65,237,295,257,288,311,289,177,444,71,686,632,51,0,231,227,735,142,440,687,286,556,441,737,555,625,636,154,236,210,79,553,332,469,243,563,699,605,695,630,648,562,246,68,411,301,599,484,406,48,496,520,581,644,380,426,133,300,59,277,565,439,146,608,488,561,114,304,202,674,741,454,473,722,151,505,329,87,616,262,702,721,32,2,470,184,596,164,302,658,434,545,371,397,662,409,597,448,576,145,330,678,350,586,125,24,101,601,181,275,75,508,204,403,303,25,89,653,579,399,659,623,546,238,582,144,407,269,127,393,382,475,663,55,108,132,400,507,620,370,594,593,149,172,170,493,45,535,102,610,657,732,220,319,203,442,681,575,624,39,23,713,425,646,690,655,268,673,428,280,515,129,73,410,263,447,157,35,189,667,716,633,97,727,360,472,387,186,734,336,29,294,456,321,292,345,524,10,349,547,156,273,366,703,629,572,477,691,147,590,66,94,183,603,8,567,471,749,258,720,324,64,628,359,476,31,585,519,557,353,323,224,683,723,724,163,501,207,342,619,516,141,551,449,652,325,111,69,171,12,218,187,705,568,573,502,612,290,233,525,457,351,112,279,176,106,631,57,317,327,642,532,245,282,731,26,391,458,670,140,480,446,130,622,736,685,200,362,37,431,335,718,591,95,104,54,600,463,664,138,571,487,621,404,604,747,205,418,285,379,228,461,113,537,548,580,506,552,213,543,369,614,357,173,341,267,748,47,118,167,83,414,347,462,528,432,710,415,711,482,28,666,307,175,343,116,701,82,679,88,739,193,726,498,136,429,208,589,14,60,160,738,696,249,331,148,730,684,105,214,746,131,43,223,169,165,53,408,92,368,443,451,715,119,44,3,587,626,340,152,159,305,254,486,638,377,542,733,115,386,694,489,61,402,271,384,199,174,134,355,356,661,190,438,247,514,50,592,474,255,196,668,124,260,698,697,137,293,700,672,352,337,437,297,479,194,252,649,314,339,46,494,550,226,122,709,522,261,564,225,309,232,11,358,647,99,256,86,512,264,117,405,396,306,389,278,459,634,298,222,153,375,530,617,266,536,390,598,574,478,215,81,16,381,346,669,392,367,421,30,503,500,93,745,276,248,103,641,665,299,27,385,259,677,17,100,643,688,211,420,554,84,251,296,274,374,639,490,395,376,383,20,195,121,529,566,52,544,436,651,584,510,717,209,253,107,19,182,70,344,191,313,315,588,188,348,483,615,22,265,560,7,4,531,185,523,287,168,637,318,56,139,38,689,120,583,692,76,577,491,33,308,413,363,708,485,650,91,541,18,326,90,110,179,40,328,654,569,680,558,606,595,333,533,693,96,521,725,239,74,283,481,135,513,13,155,430,511,201,538,539,706,526,216,192,126,423,412,419,270,34,682,495,21,559,645,656,465,540,235,422,468,518,212,250,578,77,15,310,618,123,36,492,740,635,611,676,435,128,388,63,744,281,41,549,509,364,316,627,162,719,609,613,58,9,197,150,166,62,180,570,334,42,707,504,671,517,660,607,602,445,743,244,178,499,312,206,433,
381,174.90209293365479,161157.21096439046,157804.63704308213,78,416,460,728,217,464,322,230,373,161,427,534,455,372,49,219,361,67,417,320,6,241,424,158,229,452,742,5,72,704,234,242,85,466,712,453,80,354,272,467,378,240,365,291,394,98,527,109,221,450,729,338,640,1,198,284,714,401,497,675,143,398,65,237,295,257,288,311,289,177,444,71,686,632,51,0,231,227,735,142,440,687,286,556,441,737,555,625,636,154,236,210,79,553,332,469,243,563,699,605,695,630,648,562,246,68,411,301,599,484,406,48,496,520,581,644,380,426,133,300,59,277,565,439,146,608,488,561,114,304,202,674,741,454,473,722,151,505,329,87,616,262,702,721,32,2,470,184,596,164,302,658,434,545,371,397,662,409,597,448,576,145,330,678,350,586,125,24,101,601,181,275,75,508,204,403,303,25,89,653,579,399,659,623,546,238,582,144,407,269,127,393,382,475,663,55,108,132,400,507,620,370,594,593,149,172,170,493,45,535,102,610,657,732,220,319,203,442,681,575,624,39,23,713,425,646,690,655,268,673,428,280,515,129,73,410,263,447,157,35,189,667,716,633,97,727,360,472,387,186,734,336,29,294,456,321,292,345,524,10,349,547,156,273,366,703,629,572,477,691,147,590,66,94,183,603,8,567,471,749,258,720,324,64,628,359,476,31,585,519,557,353,323,224,683,723,724,163,501,207,342,619,516,141,551,449,652,325,111,69,171,12,218,187,705,568,573,502,612,290,233,525,457,351,112,279,176,106,631,57,317,327,642,532,245,282,731,26,391,458,670,140,480,446,130,622,736,685,200,362,37,431,335,718,591,95,104,54,600,463,664,138,571,487,621,404,604,747,205,418,285,379,228,461,113,537,548,580,506,552,213,543,369,614,357,173,341,267,748,47,118,167,83,414,347,462,528,432,710,415,711,482,28,666,307,175,343,116,701,82,679,88,739,193,726,498,136,429,208,589,14,60,160,738,696,249,331,148,730,684,105,214,746,131,43,223,169,165,53,408,92,368,443,451,715,119,44,3,587,626,340,152,159,305,254,486,638,377,542,733,115,386,694,489,61,402,271,384,199,174,134,355,356,661,190,438,247,514,50,592,474,255,196,668,124,260,698,697,137,293,700,672,352,337,437,297,479,194,252,649,314,339,46,494,550,226,122,709,522,261,564,225,309,232,11,358,647,99,256,86,512,264,117,405,396,306,389,278,459,634,298,222,153,375,530,617,266,536,390,598,574,478,215,81,16,381,346,669,392,367,421,30,503,500,93,745,276,248,103,641,665,299,27,385,259,677,17,100,643,688,211,420,554,84,251,296,274,374,639,490,395,376,383,20,195,121,529,566,52,544,436,651,584,510,717,209,253,107,19,182,70,344,191,313,315,588,188,348,483,615,22,265,560,7,4,531,185,523,287,168,637,318,56,139,38,689,120,583,692,76,577,491,33,308,413,363,708,485,650,91,541,18,326,90,110,179,40,328,654,569,680,558,606,595,333,533,693,96,521,725,239,74,283,481,135,513,13,155,430,511,201,538,539,706,526,216,192,126,423,412,419,270,34,682,495,21,559,645,656,465,540,235,422,468,518,212,250,578,77,15,310,618,123,36,492,740,635,611,676,435,128,388,63,744,281,41,549,509,364,316,627,162,719,609,613,58,9,197,150,166,62,180,570,334,42,707,504,671,517,660,607,602,445,743,244,178,499,312,206,433,
382,175.5092442035675,161890.94414853505,157804.63704308213,78,416,460,728,217,464,322,230,373,161,427,534,455,372,49,219,361,67,417,320,6,241,424,158,229,452,742,5,72,704,234,242,85,466,712,453,80,354,272,467,378,240,365,291,394,98,527,109,221,450,729,338,640,1,198,284,714,401,497,675,143,398,65,237,295,257,288,311,289,177,444,71,686,632,51,0,231,227,735,142,440,687,286,556,441,737,555,625,636,154,236,210,79,553,332,469,243,563,699,605,695,630,648,562,246,68,411,301,599,484,406,48,496,520,581,644,380,426,133,300,59,277,565,439,146,608,488,561,114,304,202,674,741,454,473,722,151,505,329,87,616,262,702,721,32,2,470,184,596,164,302,658,434,545,371,397,662,409,597,448,576,145,330,678,350,586,125,24,101,601,181,275,75,508,204,403,303,25,89,653,579,399,659,623,546,238,582,144,407,269,127,393,382,475,663,55,108,132,400,507,620,370,594,593,149,172,170,493,45,535,102,610,657,732,220,319,203,442,681,575,624,39,23,713,425,646,690,655,268,673,428,280,515,129,73,410,263,447,157,35,189,667,716,633,97,727,360,472,387,186,734,336,29,294,456,321,292,345,524,10,349,547,156,273,366,703,629,572,477,691,147,590,66,94,183,603,8,567,471,749,258,720,324,64,628,359,476,31,585,519,557,353,323,224,683,723,724,163,501,207,342,619,516,141,551,449,652,325,111,69,171,12,218,187,705,568,573,502,612,290,233,525,457,351,112,279,176,106,631,57,317,327,642,532,245,282,731,26,391,458,670,140,480,446,130,622,736,685,200,362,37,431,335,718,591,95,104,54,600,463,664,138,571,487,621,404,604,747,205,418,285,379,228,461,113,537,548,580,506,552,213,543,369,614,357,173,341,267,748,47,118,167,83,414,347,462,528,432,710,415,711,482,28,666,307,175,343,116,701,82,679,88,739,193,726,498,136,429,208,589,14,60,160,738,696,249,331,148,730,684,105,214,746,131,43,223,169,165,53,408,92,368,443,451,715,119,44,3,587,626,340,152,159,305,254,486,638,377,542,733,115,386,694,489,61,402,271,384,199,174,134,355,356,661,190,438,247,514,50,592,474,255,196,668,124,260,698,697,137,293,700,672,352,337,437,297,479,194,252,649,314,339,46,494,550,226,122,709,522,261,564,225,309,232,11,358,647,99,256,86,512,264,117,405,396,306,389,278,459,634,298,222,153,375,530,617,266,536,390,598,574,478,215,81,16,381,346,669,392,367,421,30,503,500,93,745,276,248,103,641,665,299,27,385,259,677,17,100,643,688,211,420,554,84,251,296,274,374,639,490,395,376,383,20,195,121,529,566,52,544,436,651,584,510,717,209,253,107,19,182,70,344,191,313,315,588,188,348,483,615,22,265,560,7,4,531,185,523,287,168,637,318,56,139,38,689,120,583,692,76,577,491,33,308,413,363,708,485,650,91,541,18,326,90,110,179,40,328,654,569,680,558,606,595,333,533,693,96,521,725,239,74,283,481,135,513,13,155,430,511,201,538,539,706,526,216,192,126,423,412,419,270,34,682,495,21,559,645,656,465,540,235,422,468,518,212,250,578,77,15,310,618,123,36,492,740,635,611,676,435,128,388,63,744,281,41,549,509,364,316,627,162,719,609,613,58,9,197,150,166,62,180,570,334,42,707,504,671,517,660,607,602,445,743,244,178,499,312,206,433,
383,175.98532891273499,160673.60641366226,157804.63704308213,78,416,460,728,217,464,322,230,373,161,427,534,455,372,49,219,361,67,417,320,6,241,424,158,229,452,742,5,72,704,234,242,85,466,712,453,80,354,272,467,378,240,365,291,394,98,527,109,221,450,729,338,640,1,198,284,714,401,497,675,143,398,65,237,295,257,288,311,289,177,444,71,686,632,51,0,231,227,735,142,440,687,286,556,441,737,555,625,636,154,236,210,79,553,332,469,243,563,699,605,695,630,648,562,246,68,411,301,599,484,406,48,496,520,581,644,380,426,133,300,59,277,565,439,146,608,488,561,114,304,202,674,741,454,473,722,151,505,329,87,616,262,702,721,32,2,470,184,596,164,302,658,434,545,371,397,662,409,597,448,576,145,330,678,350,586,125,24,101,601,181,275,75,508,204,403,303,25,89,653,579,399,659,623,546,238,582,144,407,269,127,393,382,475,663,55,108,132,400,507,620,370,594,593,149,172,170,493,45,535,102,610,657,732,220,319,203,442,681,575,624,39,23,713,425,646,690,655,268,673,428,280,515,129,73,410,263,447,157,35,189,667,716,633,97,727,360,472,387,186,734,336,29,294,456,321,292,345,524,10,349,547,156,273,366,703,629,572,477,691,147,590,66,94,183,603,8,567,471,749,258,720,324,64,628,359,476,31,585,519,557,353,323,224,683,723,724,163,501,207,342,619,516,141,551,449,652,325,111,69,171,12,218,187,705,568,573,502,612,290,233,525,457,351,112,279,176,106,631,57,317,327,642,532,245,282,731,26,391,458,670,140,480,446,130,622,736,685,200,362,37,431,335,718,591,95,104,54,600,463,664,138,571,487,621,404,604,747,205,418,285,379,228,461,113,537,548,580,506,552,213,543,369,614,357,173,341,267,748,47,118,167,83,414,347,462,528,432,710,415,711,482,28,666,307,175,343,116,701,82,679,88,739,193,726,498,136,429,208,589,14,60,160,738,696,249,331,148,730,684,105,214,746,131,43,223,169,165,53,408,92,368,443,451,715,119,44,3,587,626,340,152,159,305,254,486,638,377,542,733,115,386,694,489,61,402,271,384,199,174,134,355,356,661,190,438,247,514,50,592,474,255,196,668,124,260,698,697,137,293,700,672,352,337,437,297,479,194,252,649,314,339,46,494,550,226,122,709,522,261,564,225,309,232,11,358,647,99,256,86,512,264,117,405,396,306,389,278,459,634,298,222,153,375,530,617,266,536,390,598,574,478,215,81,16,381,346,669,392,367,421,30,503,500,93,745,276,248,103,641,665,299,27,385,259,677,17,100,643,688,211,420,554,84,251,296,274,374,639,490,395,376,383,20,195,121,529,566,52,544,436,651,584,510,717,209,253,107,19,182,70,344,191,313,315,588,188,348,483,615,22,265,560,7,4,531,185,523,287,168,637,318,56,139,38,689,120,583,692,76,577,491,33,308,413,363,708,485,650,91,541,18,326,90,110,179,40,328,654,569,680,558,606,595,333,533,693,96,521,725,239,74,283,481,135,513,13,155,430,511,201,538,539,706,526,216,192,126,423,412,419,270,34,682,495,21,559,645,656,465,540,235,422,468,518,212,250,578,77,15,310,618,123,36,492,740,635,611,676,435,128,388,63,744,281,41,549,509,364,316,627,162,719,609,613,58,9,197,150,166,62,180,570,334,42,707,504,671,517,660,607,602,445,743,244,178,499,312,206,433,
384,176.44295287132263,161667.80810505268,157804.63704308213,78,416,460,728,217,464,322,230,373,161,427,534,455,372,49,219,361,67,417,320,6,241,424,158,229,452,742,5,72,704,234,242,85,466,712,453,80,354,272,467,378,240,365,291,394,98,527,109,221,450,729,338,640,1,198,284,714,401,497,675,143,398,65,237,295,257,288,311,289,177,444,71,686,632,51,0,231,227,735,142,440,687,286,556,441,737,555,625,636,154,236,210,79,553,332,469,243,563,699,605,695,630,648,562,246,68,411,301,599,484,406,48,496,520,581,644,380,426,133,300,59,277,565,439,146,608,488,561,114,304,202,674,741,454,473,722,151,505,329,87,616,262,702,721,32,2,470,184,596,164,302,658,434,545,371,397,662,409,597,448,576,145,330,678,350,586,125,24,101,601,181,275,75,508,204,403,303,25,89,653,579,399,659,623,546,238,582,144,407,269,127,393,382,475,663,55,108,132,400,507,620,370,594,593,149,172,170,493,45,535,102,610,657,732,220,319,203,442,681,575,624,39,23,713,425,646,690,655,268,673,428,280,515,129,73,410,263,447,157,35,189,667,716,633,97,727,360,472,387,186,734,336,29,294,456,321,292,345,524,10,349,547,156,273,366,703,629,572,477,691,147,590,66,94,183,603,8,567,471,749,258,720,324,64,628,359,476,31,585,519,557,353,323,224,683,723,724,163,501,207,342,619,516,141,551,449,652,325,111,69,171,12,218,187,705,568,573,502,612,290,233,525,457,351,112,279,176,106,631,57,317,327,642,532,245,282,731,26,391,458,670,140,480,446,130,622,736,685,200,362,37,431,335,718,591,95,104,54,600,463,664,138,571,487,621,404,604,747,205,418,285,379,228,461,113,537,548,580,506,552,213,543,369,614,357,173,341,267,748,47,118,167,83,414,347,462,528,432,710,415,711,482,28,666,307,175,343,116,701,82,679,88,739,193,726,498,136,429,208,589,14,60,160,738,696,249,331,148,730,684,105,214,746,131,43,223,169,165,53,408,92,368,443,451,715,119,44,3,587,626,340,152,159,305,254,486,638,377,542,733,115,386,694,489,61,402,271,384,199,174,134,355,356,661,190,438,247,514,50,592,474,255,196,668,124,260,698,697,137,293,700,672,352,337,437,297,479,194,252,649,314,339,46,494,550,226,122,709,522,261,564,225,309,232,11,358,647,99,256,86,512,264,117,405,396,306,389,278,459,634,298,222,153,375,530,617,266,536,390,598,574,478,215,81,16,381,346,669,392,367,421,30,503,500,93,745,276,248,103,641,665,299,27,385,259,677,17,100,643,688,211,420,554,84,251,296,274,374,639,490,395,376,383,20,195,121,529,566,52,544,436,651,584,510,717,209,253,107,19,182,70,344,191,313,315,588,188,348,483,615,22,265,560,7,4,531,185,523,287,168,637,318,56,139,38,689,120,583,692,76,577,491,33,308,413,363,708,485,650,91,541,18,326,90,110,179,40,328,654,569,680,558,606,595,333,533,693,96,521,725,239,74,283,481,135,513,13,155,430,511,201,538,539,706,526,216,192,126,423,412,419,270,34,682,495,21,559,645,656,465,540,235,422,468,518,212,250,578,77,15,310,618,123,36,492,740,635,611,676,435,128,388,63,744,281,41,549,509,364,316,627,162,719,609,613,58,9,197,150,166,62,180,570,334,42,707,504,671,517,660,607,602,445,743,244,178,499,312,206,433,
385,176.89423060417175,161654.5042107763,157804.63704308213,78,416,460,728,217,464,322,230,373,161,427,534,455,372,49,219,361,67,417,320,6,241,424,158,229,452,742,5,72,704,234,242,85,466,712,453,80,354,272,467,378,240,365,291,394,98,527,109,221,450,729,338,640,1,198,284,714,401,497,675,143,398,65,237,295,257,288,311,289,177,444,71,686,632,51,0,231,227,735,142,440,687,286,556,441,737,555,625,636,154,236,210,79,553,332,469,243,563,699,605,695,630,648,562,246,68,411,301,599,484,406,48,496,520,581,644,380,426,133,300,59,277,565,439,146,608,488,561,114,304,202,674,741,454,473,722,151,505,329,87,616,262,702,721,32,2,470,184,596,164,302,658,434,545,371,397,662,409,597,448,576,145,330,678,350,586,125,24,101,601,181,275,75,508,204,403,303,25,89,653,579,399,659,623,546,238,582,144,407,269,127,393,382,475,663,55,108,132,400,507,620,370,594,593,149,172,170,493,45,535,102,610,657,732,220,319,203,442,681,575,624,39,23,713,425,646,690,655,268,673,428,280,515,129,73,410,263,447,157,35,189,667,716,633,97,727,360,472,387,186,734,336,29,294,456,321,292,345,524,10,349,547,156,273,366,703,629,572,477,691,147,590,66,94,183,603,8,567,471,749,258,720,324,64,628,359,476,31,585,519,557,353,323,224,683,723,724,163,501,207,342,619,516,141,551,449,652,325,111,69,171,12,218,187,705,568,573,502,612,290,233,525,457,351,112,279,176,106,631,57,317,327,642,532,245,282,731,26,391,458,670,140,480,446,130,622,736,685,200,362,37,431,335,718,591,95,104,54,600,463,664,138,571,487,621,404,604,747,205,418,285,379,228,461,113,537,548,580,506,552,213,543,369,614,357,173,341,267,748,47,118,167,83,414,347,462,528,432,710,415,711,482,28,666,307,175,343,116,701,82,679,88,739,193,726,498,136,429,208,589,14,60,160,738,696,249,331,148,730,684,105,214,746,131,43,223,169,165,53,408,92,368,443,451,715,119,44,3,587,626,340,152,159,305,254,486,638,377,542,733,115,386,694,489,61,402,271,384,199,174,134,355,356,661,190,438,247,514,50,592,474,255,196,668,124,260,698,697,137,293,700,672,352,337,437,297,479,194,252,649,314,339,46,494,550,226,122,709,522,261,564,225,309,232,11,358,647,99,256,86,512,264,117,405,396,306,389,278,459,634,298,222,153,375,530,617,266,536,390,598,574,478,215,81,16,381,346,669,392,367,421,30,503,500,93,745,276,248,103,641,665,299,27,385,259,677,17,100,643,688,211,420,554,84,251,296,274,374,639,490,395,376,383,20,195,121,529,566,52,544,436,651,584,510,717,209,253,107,19,182,70,344,191,313,315,588,188,348,483,615,22,265,560,7,4,531,185,523,287,168,637,318,56,139,38,689,120,583,692,76,577,491,33,308,413,363,708,485,650,91,541,18,326,90,110,179,40,328,654,569,680,558,606,595,333,533,693,96,521,725,239,74,283,481,135,513,13,155,430,511,201,538,539,706,526,216,192,126,423,412,419,270,34,682,495,21,559,645,656,465,540,235,422,468,518,212,250,578,77,15,310,618,123,36,492,740,635,611,676,435,128,388,63,744,281,41,549,509,364,316,627,162,719,609,613,58,9,197,150,166,62,180,570,334,42,707,504,671,517,660,607,602,445,743,244,178,499,312,206,433,
386,177.44168949127197,162195.28392128804,157804.63704308213,78,416,460,728,217,464,322,230,373,161,427,534,455,372,49,219,361,67,417,320,6,241,424,158,229,452,742,5,72,704,234,242,85,466,712,453,80,354,272,467,378,240,365,291,394,98,527,109,221,450,729,338,640,1,198,284,714,401,497,675,143,398,65,237,295,257,288,311,289,177,444,71,686,632,51,0,231,227,735,142,440,687,286,556,441,737,555,625,636,154,236,210,79,553,332,469,243,563,699,605,695,630,648,562,246,68,411,301,599,484,406,48,496,520,581,644,380,426,133,300,59,277,565,439,146,608,488,561,114,304,202,674,741,454,473,722,151,505,329,87,616,262,702,721,32,2,470,184,596,164,302,658,434,545,371,397,662,409,597,448,576,145,330,678,350,586,125,24,101,601,181,275,75,508,204,403,303,25,89,653,579,399,659,623,546,238,582,144,407,269,127,393,382,475,663,55,108,132,400,507,620,370,594,593,149,172,170,493,45,535,102,610,657,732,220,319,203,442,681,575,624,39,23,713,425,646,690,655,268,673,428,280,515,129,73,410,263,447,157,35,189,667,716,633,97,727,360,472,387,186,734,336,29,294,456,321,292,345,524,10,349,547,156,273,366,703,629,572,477,691,147,590,66,94,183,603,8,567,471,749,258,720,324,64,628,359,476,31,585,519,557,353,323,224,683,723,724,163,501,207,342,619,516,141,551,449,652,325,111,69,171,12,218,187,705,568,573,502,612,290,233,525,457,351,112,279,176,106,631,57,317,327,642,532,245,282,731,26,391,458,670,140,480,446,130,622,736,685,200,362,37,431,335,718,591,95,104,54,600,463,664,138,571,487,621,404,604,747,205,418,285,379,228,461,113,537,548,580,506,552,213,543,369,614,357,173,341,267,748,47,118,167,83,414,347,462,528,432,710,415,711,482,28,666,307,175,343,116,701,82,679,88,739,193,726,498,136,429,208,589,14,60,160,738,696,249,331,148,730,684,105,214,746,131,43,223,169,165,53,408,92,368,443,451,715,119,44,3,587,626,340,152,159,305,254,486,638,377,542,733,115,386,694,489,61,402,271,384,199,174,134,355,356,661,190,438,247,514,50,592,474,255,196,668,124,260,698,697,137,293,700,672,352,337,437,297,479,194,252,649,314,339,46,494,550,226,122,709,522,261,564,225,309,232,11,358,647,99,256,86,512,264,117,405,396,306,389,278,459,634,298,222,153,375,530,617,266,536,390,598,574,478,215,81,16,381,346,669,392,367,421,30,503,500,93,745,276,248,103,641,665,299,27,385,259,677,17,100,643,688,211,420,554,84,251,296,274,374,639,490,395,376,383,20,195,121,529,566,52,544,436,651,584,510,717,209,253,107,19,182,70,344,191,313,315,588,188,348,483,615,22,265,560,7,4,531,185,523,287,168,637,318,56,139,38,689,120,583,692,76,577,491,33,308,413,363,708,485,650,91,541,18,326,90,110,179,40,328,654,569,680,558,606,595,333,533,693,96,521,725,239,74,283,481,135,513,13,155,430,511,201,538,539,706,526,216,192,126,423,412,419,270,34,682,495,21,559,645,656,465,540,235,422,468,518,212,250,578,77,15,310,618,123,36,492,740,635,611,676,435,128,388,63,744,281,41,549,509,364,316,627,162,719,609,613,58,9,197,150,166,62,180,570,334,42,707,504,671,517,660,607,602,445,743,244,178,499,312,206,433,
387,177.89666604995728,162418.35645033416,157804.63704308213,78,416,460,728,217,464,322,230,373,161,427,534,455,372,49,219,361,67,417,320,6,241,424,158,229,452,742,5,72,704,234,242,85,466,712,453,80,354,272,467,378,240,365,291,394,98,527,109,221,450,729,338,640,1,198,284,714,401,497,675,143,398,65,237,295,257,288,311,289,177,444,71,686,632,51,0,231,227,735,142,440,687,286,556,441,737,555,625,636,154,236,210,79,553,332,469,243,563,699,605,695,630,648,562,246,68,411,301,599,484,406,48,496,520,581,644,380,426,133,300,59,277,565,439,146,608,488,561,114,304,202,674,741,454,473,722,151,505,329,87,616,262,702,721,32,2,470,184,596,164,302,658,434,545,371,397,662,409,597,448,576,145,330,678,350,586,125,24,101,601,181,275,75,508,204,403,303,25,89,653,579,399,659,623,546,238,582,144,407,269,127,393,382,475,663,55,108,132,400,507,620,370,594,593,149,172,170,493,45,535,102,610,657,732,220,319,203,442,681,575,624,39,23,713,425,646,690,655,268,673,428,280,515,129,73,410,263,447,157,35,189,667,716,633,97,727,360,472,387,186,734,336,29,294,456,321,292,345,524,10,349,547,156,273,366,703,629,572,477,691,147,590,66,94,183,603,8,567,471,749,258,720,324,64,628,359,476,31,585,519,557,353,323,224,683,723,724,163,501,207,342,619,516,141,551,449,652,325,111,69,171,12,218,187,705,568,573,502,612,290,233,525,457,351,112,279,176,106,631,57,317,327,642,532,245,282,731,26,391,458,670,140,480,446,130,622,736,685,200,362,37,431,335,718,591,95,104,54,600,463,664,138,571,487,621,404,604,747,205,418,285,379,228,461,113,537,548,580,506,552,213,543,369,614,357,173,341,267,748,47,118,167,83,414,347,462,528,432,710,415,711,482,28,666,307,175,343,116,701,82,679,88,739,193,726,498,136,429,208,589,14,60,160,738,696,249,331,148,730,684,105,214,746,131,43,223,169,165,53,408,92,368,443,451,715,119,44,3,587,626,340,152,159,305,254,486,638,377,542,733,115,386,694,489,61,402,271,384,199,174,134,355,356,661,190,438,247,514,50,592,474,255,196,668,124,260,698,697,137,293,700,672,352,337,437,297,479,194,252,649,314,339,46,494,550,226,122,709,522,261,564,225,309,232,11,358,647,99,256,86,512,264,117,405,396,306,389,278,459,634,298,222,153,375,530,617,266,536,390,598,574,478,215,81,16,381,346,669,392,367,421,30,503,500,93,745,276,248,103,641,665,299,27,385,259,677,17,100,643,688,211,420,554,84,251,296,274,374,639,490,395,376,383,20,195,121,529,566,52,544,436,651,584,510,717,209,253,107,19,182,70,344,191,313,315,588,188,348,483,615,22,265,560,7,4,531,185,523,287,168,637,318,56,139,38,689,120,583,692,76,577,491,33,308,413,363,708,485,650,91,541,18,326,90,110,179,40,328,654,569,680,558,606,595,333,533,693,96,521,725,239,74,283,481,135,513,13,155,430,511,201,538,539,706,526,216,192,126,423,412,419,270,34,682,495,21,559,645,656,465,540,235,422,468,518,212,250,578,77,15,310,618,123,36,492,740,635,611,676,435,128,388,63,744,281,41,549,509,364,316,627,162,719,609,613,58,9,197,150,166,62,180,570,334,42,707,504,671,517,660,607,602,445,743,244,178,499,312,206,433,
388,178.46694040298462,163132.86453592873,157804.63704308213,78,416,460,728,217,464,322,230,373,161,427,534,455,372,49,219,361,67,417,320,6,241,424,158,229,452,742,5,72,704,234,242,85,466,712,453,80,354,272,467,378,240,365,291,394,98,527,109,221,450,729,338,640,1,198,284,714,401,497,675,143,398,65,237,295,257,288,311,289,177,444,71,686,632,51,0,231,227,735,142,440,687,286,556,441,737,555,625,636,154,236,210,79,553,332,469,243,563,699,605,695,630,648,562,246,68,411,301,599,484,406,48,496,520,581,644,380,426,133,300,59,277,565,439,146,608,488,561,114,304,202,674,741,454,473,722,151,505,329,87,616,262,702,721,32,2,470,184,596,164,302,658,434,545,371,397,662,409,597,448,576,145,330,678,350,586,125,24,101,601,181,275,75,508,204,403,303,25,89,653,579,399,659,623,546,238,582,144,407,269,127,393,382,475,663,55,108,132,400,507,620,370,594,593,149,172,170,493,45,535,102,610,657,732,220,319,203,442,681,575,624,39,23,713,425,646,690,655,268,673,428,280,515,129,73,410,263,447,157,35,189,667,716,633,97,727,360,472,387,186,734,336,29,294,456,321,292,345,524,10,349,547,156,273,366,703,629,572,477,691,147,590,66,94,183,603,8,567,471,749,258,720,324,64,628,359,476,31,585,519,557,353,323,224,683,723,724,163,501,207,342,619,516,141,551,449,652,325,111,69,171,12,218,187,705,568,573,502,612,290,233,525,457,351,112,279,176,106,631,57,317,327,642,532,245,282,731,26,391,458,670,140,480,446,130,622,736,685,200,362,37,431,335,718,591,95,104,54,600,463,664,138,571,487,621,404,604,747,205,418,285,379,228,461,113,537,548,580,506,552,213,543,369,614,357,173,341,267,748,47,118,167,83,414,347,462,528,432,710,415,711,482,28,666,307,175,343,116,701,82,679,88,739,193,726,498,136,429,208,589,14,60,160,738,696,249,331,148,730,684,105,214,746,131,43,223,169,165,53,408,92,368,443,451,715,119,44,3,587,626,340,152,159,305,254,486,638,377,542,733,115,386,694,489,61,402,271,384,199,174,134,355,356,661,190,438,247,514,50,592,474,255,196,668,124,260,698,697,137,293,700,672,352,337,437,297,479,194,252,649,314,339,46,494,550,226,122,709,522,261,564,225,309,232,11,358,647,99,256,86,512,264,117,405,396,306,389,278,459,634,298,222,153,375,530,617,266,536,390,598,574,478,215,81,16,381,346,669,392,367,421,30,503,500,93,745,276,248,103,641,665,299,27,385,259,677,17,100,643,688,211,420,554,84,251,296,274,374,639,490,395,376,383,20,195,121,529,566,52,544,436,651,584,510,717,209,253,107,19,182,70,344,191,313,315,588,188,348,483,615,22,265,560,7,4,531,185,523,287,168,637,318,56,139,38,689,120,583,692,76,577,491,33,308,413,363,708,485,650,91,541,18,326,90,110,179,40,328,654,569,680,558,606,595,333,533,693,96,521,725,239,74,283,481,135,513,13,155,430,511,201,538,539,706,526,216,192,126,423,412,419,270,34,682,495,21,559,645,656,465,540,235,422,468,518,212,250,578,77,15,310,618,123,36,492,740,635,611,676,435,128,388,63,744,281,41,549,509,364,316,627,162,719,609,613,58,9,197,150,166,62,180,570,334,42,707,504,671,517,660,607,602,445,743,244,178,499,312,206,433,
389,178.91596913337708,163603.8723352721,157804.63704308213,78,416,460,728,217,464,322,230,373,161,427,534,455,372,49,219,361,67,417,320,6,241,424,158,229,452,742,5,72,704,234,242,85,466,712,453,80,354,272,467,378,240,365,291,394,98,527,109,221,450,729,338,640,1,198,284,714,401,497,675,143,398,65,237,295,257,288,311,289,177,444,71,686,632,51,0,231,227,735,142,440,687,286,556,441,737,555,625,636,154,236,210,79,553,332,469,243,563,699,605,695,630,648,562,246,68,411,301,599,484,406,48,496,520,581,644,380,426,133,300,59,277,565,439,146,608,488,561,114,304,202,674,741,454,473,722,151,505,329,87,616,262,702,721,32,2,470,184,596,164,302,658,434,545,371,397,662,409,597,448,576,145,330,678,350,586,125,24,101,601,181,275,75,508,204,403,303,25,89,653,579,399,659,623,546,238,582,144,407,269,127,393,382,475,663,55,108,132,400,507,620,370,594,593,149,172,170,493,45,535,102,610,657,732,220,319,203,442,681,575,624,39,23,713,425,646,690,655,268,673,428,280,515,129,73,410,263,447,157,35,189,667,716,633,97,727,360,472,387,186,734,336,29,294,456,321,292,345,524,10,349,547,156,273,366,703,629,572,477,691,147,590,66,94,183,603,8,567,471,749,258,720,324,64,628,359,476,31,585,519,557,353,323,224,683,723,724,163,501,207,342,619,516,141,551,449,652,325,111,69,171,12,218,187,705,568,573,502,612,290,233,525,457,351,112,279,176,106,631,57,317,327,642,532,245,282,731,26,391,458,670,140,480,446,130,622,736,685,200,362,37,431,335,718,591,95,104,54,600,463,664,138,571,487,621,404,604,747,205,418,285,379,228,461,113,537,548,580,506,552,213,543,369,614,357,173,341,267,748,47,118,167,83,414,347,462,528,432,710,415,711,482,28,666,307,175,343,116,701,82,679,88,739,193,726,498,136,429,208,589,14,60,160,738,696,249,331,148,730,684,105,214,746,131,43,223,169,165,53,408,92,368,443,451,715,119,44,3,587,626,340,152,159,305,254,486,638,377,542,733,115,386,694,489,61,402,271,384,199,174,134,355,356,661,190,438,247,514,50,592,474,255,196,668,124,260,698,697,137,293,700,672,352,337,437,297,479,194,252,649,314,339,46,494,550,226,122,709,522,261,564,225,309,232,11,358,647,99,256,86,512,264,117,405,396,306,389,278,459,634,298,222,153,375,530,617,266,536,390,598,574,478,215,81,16,381,346,669,392,367,421,30,503,500,93,745,276,248,103,641,665,299,27,385,259,677,17,100,643,688,211,420,554,84,251,296,274,374,639,490,395,376,383,20,195,121,529,566,52,544,436,651,584,510,717,209,253,107,19,182,70,344,191,313,315,588,188,348,483,615,22,265,560,7,4,531,185,523,287,168,637,318,56,139,38,689,120,583,692,76,577,491,33,308,413,363,708,485,650,91,541,18,326,90,110,179,40,328,654,569,680,558,606,595,333,533,693,96,521,725,239,74,283,481,135,513,13,155,430,511,201,538,539,706,526,216,192,126,423,412,419,270,34,682,495,21,559,645,656,465,540,235,422,468,518,212,250,578,77,15,310,618,123,36,492,740,635,611,676,435,128,388,63,744,281,41,549,509,364,316,627,162,719,609,613,58,9,197,150,166,62,180,570,334,42,707,504,671,517,660,607,602,445,743,244,178,499,312,206,433,
390,179.36616730690002,162621.61683685787,157804.63704308213,78,416,460,728,217,464,322,230,373,161,427,534,455,372,49,219,361,67,417,320,6,241,424,158,229,452,742,5,72,704,234,242,85,466,712,453,80,354,272,467,378,240,365,291,394,98,527,109,221,450,729,338,640,1,198,284,714,401,497,675,143,398,65,237,295,257,288,311,289,177,444,71,686,632,51,0,231,227,735,142,440,687,286,556,441,737,555,625,636,154,236,210,79,553,332,469,243,563,699,605,695,630,648,562,246,68,411,301,599,484,406,48,496,520,581,644,380,426,133,300,59,277,565,439,146,608,488,561,114,304,202,674,741,454,473,722,151,505,329,87,616,262,702,721,32,2,470,184,596,164,302,658,434,545,371,397,662,409,597,448,576,145,330,678,350,586,125,24,101,601,181,275,75,508,204,403,303,25,89,653,579,399,659,623,546,238,582,144,407,269,127,393,382,475,663,55,108,132,400,507,620,370,594,593,149,172,170,493,45,535,102,610,657,732,220,319,203,442,681,575,624,39,23,713,425,646,690,655,268,673,428,280,515,129,73,410,263,447,157,35,189,667,716,633,97,727,360,472,387,186,734,336,29,294,456,321,292,345,524,10,349,547,156,273,366,703,629,572,477,691,147,590,66,94,183,603,8,567,471,749,258,720,324,64,628,359,476,31,585,519,557,353,323,224,683,723,724,163,501,207,342,619,516,141,551,449,652,325,111,69,171,12,218,187,705,568,573,502,612,290,233,525,457,351,112,279,176,106,631,57,317,327,642,532,245,282,731,26,391,458,670,140,480,446,130,622,736,685,200,362,37,431,335,718,591,95,104,54,600,463,664,138,571,487,621,404,604,747,205,418,285,379,228,461,113,537,548,580,506,552,213,543,369,614,357,173,341,267,748,47,118,167,83,414,347,462,528,432,710,415,711,482,28,666,307,175,343,116,701,82,679,88,739,193,726,498,136,429,208,589,14,60,160,738,696,249,331,148,730,684,105,214,746,131,43,223,169,165,53,408,92,368,443,451,715,119,44,3,587,626,340,152,159,305,254,486,638,377,542,733,115,386,694,489,61,402,271,384,199,174,134,355,356,661,190,438,247,514,50,592,474,255,196,668,124,260,698,697,137,293,700,672,352,337,437,297,479,194,252,649,314,339,46,494,550,226,122,709,522,261,564,225,309,232,11,358,647,99,256,86,512,264,117,405,396,306,389,278,459,634,298,222,153,375,530,617,266,536,390,598,574,478,215,81,16,381,346,669,392,367,421,30,503,500,93,745,276,248,103,641,665,299,27,385,259,677,17,100,643,688,211,420,554,84,251,296,274,374,639,490,395,376,383,20,195,121,529,566,52,544,436,651,584,510,717,209,253,107,19,182,70,344,191,313,315,588,188,348,483,615,22,265,560,7,4,531,185,523,287,168,637,318,56,139,38,689,120,583,692,76,577,491,33,308,413,363,708,485,650,91,541,18,326,90,110,179,40,328,654,569,680,558,606,595,333,533,693,96,521,725,239,74,283,481,135,513,13,155,430,511,201,538,539,706,526,216,192,126,423,412,419,270,34,682,495,21,559,645,656,465,540,235,422,468,518,212,250,578,77,15,310,618,123,36,492,740,635,611,676,435,128,388,63,744,281,41,549,509,364,316,627,162,719,609,613,58,9,197,150,166,62,180,570,334,42,707,504,671,517,660,607,602,445,743,244,178,499,312,206,433,
391,179.74952864646912,161031.71725494345,157804.63704308213,78,416,460,728,217,464,322,230,373,161,427,534,455,372,49,219,361,67,417,320,6,241,424,158,229,452,742,5,72,704,234,242,85,466,712,453,80,354,272,467,378,240,365,291,394,98,527,109,221,450,729,338,640,1,198,284,714,401,497,675,143,398,65,237,295,257,288,311,289,177,444,71,686,632,51,0,231,227,735,142,440,687,286,556,441,737,555,625,636,154,236,210,79,553,332,469,243,563,699,605,695,630,648,562,246,68,411,301,599,484,406,48,496,520,581,644,380,426,133,300,59,277,565,439,146,608,488,561,114,304,202,674,741,454,473,722,151,505,329,87,616,262,702,721,32,2,470,184,596,164,302,658,434,545,371,397,662,409,597,448,576,145,330,678,350,586,125,24,101,601,181,275,75,508,204,403,303,25,89,653,579,399,659,623,546,238,582,144,407,269,127,393,382,475,663,55,108,132,400,507,620,370,594,593,149,172,170,493,45,535,102,610,657,732,220,319,203,442,681,575,624,39,23,713,425,646,690,655,268,673,428,280,515,129,73,410,263,447,157,35,189,667,716,633,97,727,360,472,387,186,734,336,29,294,456,321,292,345,524,10,349,547,156,273,366,703,629,572,477,691,147,590,66,94,183,603,8,567,471,749,258,720,324,64,628,359,476,31,585,519,557,353,323,224,683,723,724,163,501,207,342,619,516,141,551,449,652,325,111,69,171,12,218,187,705,568,573,502,612,290,233,525,457,351,112,279,176,106,631,57,317,327,642,532,245,282,731,26,391,458,670,140,480,446,130,622,736,685,200,362,37,431,335,718,591,95,104,54,600,463,664,138,571,487,621,404,604,747,205,418,285,379,228,461,113,537,548,580,506,552,213,543,369,614,357,173,341,267,748,47,118,167,83,414,347,462,528,432,710,415,711,482,28,666,307,175,343,116,701,82,679,88,739,193,726,498,136,429,208,589,14,60,160,738,696,249,331,148,730,684,105,214,746,131,43,223,169,165,53,408,92,368,443,451,715,119,44,3,587,626,340,152,159,305,254,486,638,377,542,733,115,386,694,489,61,402,271,384,199,174,134,355,356,661,190,438,247,514,50,592,474,255,196,668,124,260,698,697,137,293,700,672,352,337,437,297,479,194,252,649,314,339,46,494,550,226,122,709,522,261,564,225,309,232,11,358,647,99,256,86,512,264,117,405,396,306,389,278,459,634,298,222,153,375,530,617,266,536,390,598,574,478,215,81,16,381,346,669,392,367,421,30,503,500,93,745,276,248,103,641,665,299,27,385,259,677,17,100,643,688,211,420,554,84,251,296,274,374,639,490,395,376,383,20,195,121,529,566,52,544,436,651,584,510,717,209,253,107,19,182,70,344,191,313,315,588,188,348,483,615,22,265,560,7,4,531,185,523,287,168,637,318,56,139,38,689,120,583,692,76,577,491,33,308,413,363,708,485,650,91,541,18,326,90,110,179,40,328,654,569,680,558,606,595,333,533,693,96,521,725,239,74,283,481,135,513,13,155,430,511,201,538,539,706,526,216,192,126,423,412,419,270,34,682,495,21,559,645,656,465,540,235,422,468,518,212,250,578,77,15,310,618,123,36,492,740,635,611,676,435,128,388,63,744,281,41,549,509,364,316,627,162,719,609,613,58,9,197,150,166,62,180,570,334,42,707,504,671,517,660,607,602,445,743,244,178,499,312,206,433,
392,180.2663323879242,161718.3284654803,157804.63704308213,78,416,460,728,217,464,322,230,373,161,427,534,455,372,49,219,361,67,417,320,6,241,424,158,229,452,742,5,72,704,234,242,85,466,712,453,80,354,272,467,378,240,365,291,394,98,527,109,221,450,729,338,640,1,198,284,714,401,497,675,143,398,65,237,295,257,288,311,289,177,444,71,686,632,51,0,231,227,735,142,440,687,286,556,441,737,555,625,636,154,236,210,79,553,332,469,243,563,699,605,695,630,648,562,246,68,411,301,599,484,406,48,496,520,581,644,380,426,133,300,59,277,565,439,146,608,488,561,114,304,202,674,741,454,473,722,151,505,329,87,616,262,702,721,32,2,470,184,596,164,302,658,434,545,371,397,662,409,597,448,576,145,330,678,350,586,125,24,101,601,181,275,75,508,204,403,303,25,89,653,579,399,659,623,546,238,582,144,407,269,127,393,382,475,663,55,108,132,400,507,620,370,594,593,149,172,170,493,45,535,102,610,657,732,220,319,203,442,681,575,624,39,23,713,425,646,690,655,268,673,428,280,515,129,73,410,263,447,157,35,189,667,716,633,97,727,360,472,387,186,734,336,29,294,456,321,292,345,524,10,349,547,156,273,366,703,629,572,477,691,147,590,66,94,183,603,8,567,471,749,258,720,324,64,628,359,476,31,585,519,557,353,323,224,683,723,724,163,501,207,342,619,516,141,551,449,652,325,111,69,171,12,218,187,705,568,573,502,612,290,233,525,457,351,112,279,176,106,631,57,317,327,642,532,245,282,731,26,391,458,670,140,480,446,130,622,736,685,200,362,37,431,335,718,591,95,104,54,600,463,664,138,571,487,621,404,604,747,205,418,285,379,228,461,113,537,548,580,506,552,213,543,369,614,357,173,341,267,748,47,118,167,83,414,347,462,528,432,710,415,711,482,28,666,307,175,343,116,701,82,679,88,739,193,726,498,136,429,208,589,14,60,160,738,696,249,331,148,730,684,105,214,746,131,43,223,169,165,53,408,92,368,443,451,715,119,44,3,587,626,340,152,159,305,254,486,638,377,542,733,115,386,694,489,61,402,271,384,199,174,134,355,356,661,190,438,247,514,50,592,474,255,196,668,124,260,698,697,137,293,700,672,352,337,437,297,479,194,252,649,314,339,46,494,550,226,122,709,522,261,564,225,309,232,11,358,647,99,256,86,512,264,117,405,396,306,389,278,459,634,298,222,153,375,530,617,266,536,390,598,574,478,215,81,16,381,346,669,392,367,421,30,503,500,93,745,276,248,103,641,665,299,27,385,259,677,17,100,643,688,211,420,554,84,251,296,274,374,639,490,395,376,383,20,195,121,529,566,52,544,436,651,584,510,717,209,253,107,19,182,70,344,191,313,315,588,188,348,483,615,22,265,560,7,4,531,185,523,287,168,637,318,56,139,38,689,120,583,692,76,577,491,33,308,413,363,708,485,650,91,541,18,326,90,110,179,40,328,654,569,680,558,606,595,333,533,693,96,521,725,239,74,283,481,135,513,13,155,430,511,201,538,539,706,526,216,192,126,423,412,419,270,34,682,495,21,559,645,656,465,540,235,422,468,518,212,250,578,77,15,310,618,123,36,492,740,635,611,676,435,128,388,63,744,281,41,549,509,364,316,627,162,719,609,613,58,9,197,150,166,62,180,570,334,42,707,504,671,517,660,607,602,445,743,244,178,499,312,206,433,
393,180.75760173797607,163631.90013833405,157804.63704308213,78,416,460,728,217,464,322,230,373,161,427,534,455,372,49,219,361,67,417,320,6,241,424,158,229,452,742,5,72,704,234,242,85,466,712,453,80,354,272,467,378,240,365,291,394,98,527,109,221,450,729,338,640,1,198,284,714,401,497,675,143,398,65,237,295,257,288,311,289,177,444,71,686,632,51,0,231,227,735,142,440,687,286,556,441,737,555,625,636,154,236,210,79,553,332,469,243,563,699,605,695,630,648,562,246,68,411,301,599,484,406,48,496,520,581,644,380,426,133,300,59,277,565,439,146,608,488,561,114,304,202,674,741,454,473,722,151,505,329,87,616,262,702,721,32,2,470,184,596,164,302,658,434,545,371,397,662,409,597,448,576,145,330,678,350,586,125,24,101,601,181,275,75,508,204,403,303,25,89,653,579,399,659,623,546,238,582,144,407,269,127,393,382,475,663,55,108,132,400,507,620,370,594,593,149,172,170,493,45,535,102,610,657,732,220,319,203,442,681,575,624,39,23,713,425,646,690,655,268,673,428,280,515,129,73,410,263,447,157,35,189,667,716,633,97,727,360,472,387,186,734,336,29,294,456,321,292,345,524,10,349,547,156,273,366,703,629,572,477,691,147,590,66,94,183,603,8,567,471,749,258,720,324,64,628,359,476,31,585,519,557,353,323,224,683,723,724,163,501,207,342,619,516,141,551,449,652,325,111,69,171,12,218,187,705,568,573,502,612,290,233,525,457,351,112,279,176,106,631,57,317,327,642,532,245,282,731,26,391,458,670,140,480,446,130,622,736,685,200,362,37,431,335,718,591,95,104,54,600,463,664,138,571,487,621,404,604,747,205,418,285,379,228,461,113,537,548,580,506,552,213,543,369,614,357,173,341,267,748,47,118,167,83,414,347,462,528,432,710,415,711,482,28,666,307,175,343,116,701,82,679,88,739,193,726,498,136,429,208,589,14,60,160,738,696,249,331,148,730,684,105,214,746,131,43,223,169,165,53,408,92,368,443,451,715,119,44,3,587,626,340,152,159,305,254,486,638,377,542,733,115,386,694,489,61,402,271,384,199,174,134,355,356,661,190,438,247,514,50,592,474,255,196,668,124,260,698,697,137,293,700,672,352,337,437,297,479,194,252,649,314,339,46,494,550,226,122,709,522,261,564,225,309,232,11,358,647,99,256,86,512,264,117,405,396,306,389,278,459,634,298,222,153,375,530,617,266,536,390,598,574,478,215,81,16,381,346,669,392,367,421,30,503,500,93,745,276,248,103,641,665,299,27,385,259,677,17,100,643,688,211,420,554,84,251,296,274,374,639,490,395,376,383,20,195,121,529,566,52,544,436,651,584,510,717,209,253,107,19,182,70,344,191,313,315,588,188,348,483,615,22,265,560,7,4,531,185,523,287,168,637,318,56,139,38,689,120,583,692,76,577,491,33,308,413,363,708,485,650,91,541,18,326,90,110,179,40,328,654,569,680,558,606,595,333,533,693,96,521,725,239,74,283,481,135,513,13,155,430,511,201,538,539,706,526,216,192,126,423,412,419,270,34,682,495,21,559,645,656,465,540,235,422,468,518,212,250,578,77,15,310,618,123,36,492,740,635,611,676,435,128,388,63,744,281,41,549,509,364,316,627,162,719,609,613,58,9,197,150,166,62,180,570,334,42,707,504,671,517,660,607,602,445,743,244,178,499,312,206,433,
394,181.28059577941895,161999.7992285696,157804.63704308213,78,416,460,728,217,464,322,230,373,161,427,534,455,372,49,219,361,67,417,320,6,241,424,158,229,452,742,5,72,704,234,242,85,466,712,453,80,354,272,467,378,240,365,291,394,98,527,109,221,450,729,338,640,1,198,284,714,401,497,675,143,398,65,237,295,257,288,311,289,177,444,71,686,632,51,0,231,227,735,142,440,687,286,556,441,737,555,625,636,154,236,210,79,553,332,469,243,563,699,605,695,630,648,562,246,68,411,301,599,484,406,48,496,520,581,644,380,426,133,300,59,277,565,439,146,608,488,561,114,304,202,674,741,454,473,722,151,505,329,87,616,262,702,721,32,2,470,184,596,164,302,658,434,545,371,397,662,409,597,448,576,145,330,678,350,586,125,24,101,601,181,275,75,508,204,403,303,25,89,653,579,399,659,623,546,238,582,144,407,269,127,393,382,475,663,55,108,132,400,507,620,370,594,593,149,172,170,493,45,535,102,610,657,732,220,319,203,442,681,575,624,39,23,713,425,646,690,655,268,673,428,280,515,129,73,410,263,447,157,35,189,667,716,633,97,727,360,472,387,186,734,336,29,294,456,321,292,345,524,10,349,547,156,273,366,703,629,572,477,691,147,590,66,94,183,603,8,567,471,749,258,720,324,64,628,359,476,31,585,519,557,353,323,224,683,723,724,163,501,207,342,619,516,141,551,449,652,325,111,69,171,12,218,187,705,568,573,502,612,290,233,525,457,351,112,279,176,106,631,57,317,327,642,532,245,282,731,26,391,458,670,140,480,446,130,622,736,685,200,362,37,431,335,718,591,95,104,54,600,463,664,138,571,487,621,404,604,747,205,418,285,379,228,461,113,537,548,580,506,552,213,543,369,614,357,173,341,267,748,47,118,167,83,414,347,462,528,432,710,415,711,482,28,666,307,175,343,116,701,82,679,88,739,193,726,498,136,429,208,589,14,60,160,738,696,249,331,148,730,684,105,214,746,131,43,223,169,165,53,408,92,368,443,451,715,119,44,3,587,626,340,152,159,305,254,486,638,377,542,733,115,386,694,489,61,402,271,384,199,174,134,355,356,661,190,438,247,514,50,592,474,255,196,668,124,260,698,697,137,293,700,672,352,337,437,297,479,194,252,649,314,339,46,494,550,226,122,709,522,261,564,225,309,232,11,358,647,99,256,86,512,264,117,405,396,306,389,278,459,634,298,222,153,375,530,617,266,536,390,598,574,478,215,81,16,381,346,669,392,367,421,30,503,500,93,745,276,248,103,641,665,299,27,385,259,677,17,100,643,688,211,420,554,84,251,296,274,374,639,490,395,376,383,20,195,121,529,566,52,544,436,651,584,510,717,209,253,107,19,182,70,344,191,313,315,588,188,348,483,615,22,265,560,7,4,531,185,523,287,168,637,318,56,139,38,689,120,583,692,76,577,491,33,308,413,363,708,485,650,91,541,18,326,90,110,179,40,328,654,569,680,558,606,595,333,533,693,96,521,725,239,74,283,481,135,513,13,155,430,511,201,538,539,706,526,216,192,126,423,412,419,270,34,682,495,21,559,645,656,465,540,235,422,468,518,212,250,578,77,15,310,618,123,36,492,740,635,611,676,435,128,388,63,744,281,41,549,509,364,316,627,162,719,609,613,58,9,197,150,166,62,180,570,334,42,707,504,671,517,660,607,602,445,743,244,178,499,312,206,433,
395,181.73744797706604,162625.11836930222,157804.63704308213,78,416,460,728,217,464,322,230,373,161,427,534,455,372,49,219,361,67,417,320,6,241,424,158,229,452,742,5,72,704,234,242,85,466,712,453,80,354,272,467,378,240,365,291,394,98,527,109,221,450,729,338,640,1,198,284,714,401,497,675,143,398,65,237,295,257,288,311,289,177,444,71,686,632,51,0,231,227,735,142,440,687,286,556,441,737,555,625,636,154,236,210,79,553,332,469,243,563,699,605,695,630,648,562,246,68,411,301,599,484,406,48,496,520,581,644,380,426,133,300,59,277,565,439,146,608,488,561,114,304,202,674,741,454,473,722,151,505,329,87,616,262,702,721,32,2,470,184,596,164,302,658,434,545,371,397,662,409,597,448,576,145,330,678,350,586,125,24,101,601,181,275,75,508,204,403,303,25,89,653,579,399,659,623,546,238,582,144,407,269,127,393,382,475,663,55,108,132,400,507,620,370,594,593,149,172,170,493,45,535,102,610,657,732,220,319,203,442,681,575,624,39,23,713,425,646,690,655,268,673,428,280,515,129,73,410,263,447,157,35,189,667,716,633,97,727,360,472,387,186,734,336,29,294,456,321,292,345,524,10,349,547,156,273,366,703,629,572,477,691,147,590,66,94,183,603,8,567,471,749,258,720,324,64,628,359,476,31,585,519,557,353,323,224,683,723,724,163,501,207,342,619,516,141,551,449,652,325,111,69,171,12,218,187,705,568,573,502,612,290,233,525,457,351,112,279,176,106,631,57,317,327,642,532,245,282,731,26,391,458,670,140,480,446,130,622,736,685,200,362,37,431,335,718,591,95,104,54,600,463,664,138,571,487,621,404,604,747,205,418,285,379,228,461,113,537,548,580,506,552,213,543,369,614,357,173,341,267,748,47,118,167,83,414,347,462,528,432,710,415,711,482,28,666,307,175,343,116,701,82,679,88,739,193,726,498,136,429,208,589,14,60,160,738,696,249,331,148,730,684,105,214,746,131,43,223,169,165,53,408,92,368,443,451,715,119,44,3,587,626,340,152,159,305,254,486,638,377,542,733,115,386,694,489,61,402,271,384,199,174,134,355,356,661,190,438,247,514,50,592,474,255,196,668,124,260,698,697,137,293,700,672,352,337,437,297,479,194,252,649,314,339,46,494,550,226,122,709,522,261,564,225,309,232,11,358,647,99,256,86,512,264,117,405,396,306,389,278,459,634,298,222,153,375,530,617,266,536,390,598,574,478,215,81,16,381,346,669,392,367,421,30,503,500,93,745,276,248,103,641,665,299,27,385,259,677,17,100,643,688,211,420,554,84,251,296,274,374,639,490,395,376,383,20,195,121,529,566,52,544,436,651,584,510,717,209,253,107,19,182,70,344,191,313,315,588,188,348,483,615,22,265,560,7,4,531,185,523,287,168,637,318,56,139,38,689,120,583,692,76,577,491,33,308,413,363,708,485,650,91,541,18,326,90,110,179,40,328,654,569,680,558,606,595,333,533,693,96,521,725,239,74,283,481,135,513,13,155,430,511,201,538,539,706,526,216,192,126,423,412,419,270,34,682,495,21,559,645,656,465,540,235,422,468,518,212,250,578,77,15,310,618,123,36,492,740,635,611,676,435,128,388,63,744,281,41,549,509,364,316,627,162,719,609,613,58,9,197,150,166,62,180,570,334,42,707,504,671,517,660,607,602,445,743,244,178,499,312,206,433,
396,182.23785662651062,161580.88869522096,157804.63704308213,78,416,460,728,217,464,322,230,373,161,427,534,455,372,49,219,361,67,417,320,6,241,424,158,229,452,742,5,72,704,234,242,85,466,712,453,80,354,272,467,378,240,365,291,394,98,527,109,221,450,729,338,640,1,198,284,714,401,497,675,143,398,65,237,295,257,288,311,289,177,444,71,686,632,51,0,231,227,735,142,440,687,286,556,441,737,555,625,636,154,236,210,79,553,332,469,243,563,699,605,695,630,648,562,246,68,411,301,599,484,406,48,496,520,581,644,380,426,133,300,59,277,565,439,146,608,488,561,114,304,202,674,741,454,473,722,151,505,329,87,616,262,702,721,32,2,470,184,596,164,302,658,434,545,371,397,662,409,597,448,576,145,330,678,350,586,125,24,101,601,181,275,75,508,204,403,303,25,89,653,579,399,659,623,546,238,582,144,407,269,127,393,382,475,663,55,108,132,400,507,620,370,594,593,149,172,170,493,45,535,102,610,657,732,220,319,203,442,681,575,624,39,23,713,425,646,690,655,268,673,428,280,515,129,73,410,263,447,157,35,189,667,716,633,97,727,360,472,387,186,734,336,29,294,456,321,292,345,524,10,349,547,156,273,366,703,629,572,477,691,147,590,66,94,183,603,8,567,471,749,258,720,324,64,628,359,476,31,585,519,557,353,323,224,683,723,724,163,501,207,342,619,516,141,551,449,652,325,111,69,171,12,218,187,705,568,573,502,612,290,233,525,457,351,112,279,176,106,631,57,317,327,642,532,245,282,731,26,391,458,670,140,480,446,130,622,736,685,200,362,37,431,335,718,591,95,104,54,600,463,664,138,571,487,621,404,604,747,205,418,285,379,228,461,113,537,548,580,506,552,213,543,369,614,357,173,341,267,748,47,118,167,83,414,347,462,528,432,710,415,711,482,28,666,307,175,343,116,701,82,679,88,739,193,726,498,136,429,208,589,14,60,160,738,696,249,331,148,730,684,105,214,746,131,43,223,169,165,53,408,92,368,443,451,715,119,44,3,587,626,340,152,159,305,254,486,638,377,542,733,115,386,694,489,61,402,271,384,199,174,134,355,356,661,190,438,247,514,50,592,474,255,196,668,124,260,698,697,137,293,700,672,352,337,437,297,479,194,252,649,314,339,46,494,550,226,122,709,522,261,564,225,309,232,11,358,647,99,256,86,512,264,117,405,396,306,389,278,459,634,298,222,153,375,530,617,266,536,390,598,574,478,215,81,16,381,346,669,392,367,421,30,503,500,93,745,276,248,103,641,665,299,27,385,259,677,17,100,643,688,211,420,554,84,251,296,274,374,639,490,395,376,383,20,195,121,529,566,52,544,436,651,584,510,717,209,253,107,19,182,70,344,191,313,315,588,188,348,483,615,22,265,560,7,4,531,185,523,287,168,637,318,56,139,38,689,120,583,692,76,577,491,33,308,413,363,708,485,650,91,541,18,326,90,110,179,40,328,654,569,680,558,606,595,333,533,693,96,521,725,239,74,283,481,135,513,13,155,430,511,201,538,539,706,526,216,192,126,423,412,419,270,34,682,495,21,559,645,656,465,540,235,422,468,518,212,250,578,77,15,310,618,123,36,492,740,635,611,676,435,128,388,63,744,281,41,549,509,364,316,627,162,719,609,613,58,9,197,150,166,62,180,570,334,42,707,504,671,517,660,607,602,445,743,244,178,499,312,206,433,
397,182.73971915245056,160088.00692754632,157804.63704308213,78,416,460,728,217,464,322,230,373,161,427,534,455,372,49,219,361,67,417,320,6,241,424,158,229,452,742,5,72,704,234,242,85,466,712,453,80,354,272,467,378,240,365,291,394,98,527,109,221,450,729,338,640,1,198,284,714,401,497,675,143,398,65,237,295,257,288,311,289,177,444,71,686,632,51,0,231,227,735,142,440,687,286,556,441,737,555,625,636,154,236,210,79,553,332,469,243,563,699,605,695,630,648,562,246,68,411,301,599,484,406,48,496,520,581,644,380,426,133,300,59,277,565,439,146,608,488,561,114,304,202,674,741,454,473,722,151,505,329,87,616,262,702,721,32,2,470,184,596,164,302,658,434,545,371,397,662,409,597,448,576,145,330,678,350,586,125,24,101,601,181,275,75,508,204,403,303,25,89,653,579,399,659,623,546,238,582,144,407,269,127,393,382,475,663,55,108,132,400,507,620,370,594,593,149,172,170,493,45,535,102,610,657,732,220,319,203,442,681,575,624,39,23,713,425,646,690,655,268,673,428,280,515,129,73,410,263,447,157,35,189,667,716,633,97,727,360,472,387,186,734,336,29,294,456,321,292,345,524,10,349,547,156,273,366,703,629,572,477,691,147,590,66,94,183,603,8,567,471,749,258,720,324,64,628,359,476,31,585,519,557,353,323,224,683,723,724,163,501,207,342,619,516,141,551,449,652,325,111,69,171,12,218,187,705,568,573,502,612,290,233,525,457,351,112,279,176,106,631,57,317,327,642,532,245,282,731,26,391,458,670,140,480,446,130,622,736,685,200,362,37,431,335,718,591,95,104,54,600,463,664,138,571,487,621,404,604,747,205,418,285,379,228,461,113,537,548,580,506,552,213,543,369,614,357,173,341,267,748,47,118,167,83,414,347,462,528,432,710,415,711,482,28,666,307,175,343,116,701,82,679,88,739,193,726,498,136,429,208,589,14,60,160,738,696,249,331,148,730,684,105,214,746,131,43,223,169,165,53,408,92,368,443,451,715,119,44,3,587,626,340,152,159,305,254,486,638,377,542,733,115,386,694,489,61,402,271,384,199,174,134,355,356,661,190,438,247,514,50,592,474,255,196,668,124,260,698,697,137,293,700,672,352,337,437,297,479,194,252,649,314,339,46,494,550,226,122,709,522,261,564,225,309,232,11,358,647,99,256,86,512,264,117,405,396,306,389,278,459,634,298,222,153,375,530,617,266,536,390,598,574,478,215,81,16,381,346,669,392,367,421,30,503,500,93,745,276,248,103,641,665,299,27,385,259,677,17,100,643,688,211,420,554,84,251,296,274,374,639,490,395,376,383,20,195,121,529,566,52,544,436,651,584,510,717,209,253,107,19,182,70,344,191,313,315,588,188,348,483,615,22,265,560,7,4,531,185,523,287,168,637,318,56,139,38,689,120,583,692,76,577,491,33,308,413,363,708,485,650,91,541,18,326,90,110,179,40,328,654,569,680,558,606,595,333,533,693,96,521,725,239,74,283,481,135,513,13,155,430,511,201,538,539,706,526,216,192,126,423,412,419,270,34,682,495,21,559,645,656,465,540,235,422,468,518,212,250,578,77,15,310,618,123,36,492,740,635,611,676,435,128,388,63,744,281,41,549,509,364,316,627,162,719,609,613,58,9,197,150,166,62,180,570,334,42,707,504,671,517,660,607,602,445,743,244,178,499,312,206,433,
398,183.22196984291077,162117.4887542651,157804.63704308213,78,416,460,728,217,464,322,230,373,161,427,534,455,372,49,219,361,67,417,320,6,241,424,158,229,452,742,5,72,704,234,242,85,466,712,453,80,354,272,467,378,240,365,291,394,98,527,109,221,450,729,338,640,1,198,284,714,401,497,675,143,398,65,237,295,257,288,311,289,177,444,71,686,632,51,0,231,227,735,142,440,687,286,556,441,737,555,625,636,154,236,210,79,553,332,469,243,563,699,605,695,630,648,562,246,68,411,301,599,484,406,48,496,520,581,644,380,426,133,300,59,277,565,439,146,608,488,561,114,304,202,674,741,454,473,722,151,505,329,87,616,262,702,721,32,2,470,184,596,164,302,658,434,545,371,397,662,409,597,448,576,145,330,678,350,586,125,24,101,601,181,275,75,508,204,403,303,25,89,653,579,399,659,623,546,238,582,144,407,269,127,393,382,475,663,55,108,132,400,507,620,370,594,593,149,172,170,493,45,535,102,610,657,732,220,319,203,442,681,575,624,39,23,713,425,646,690,655,268,673,428,280,515,129,73,410,263,447,157,35,189,667,716,633,97,727,360,472,387,186,734,336,29,294,456,321,292,345,524,10,349,547,156,273,366,703,629,572,477,691,147,590,66,94,183,603,8,567,471,749,258,720,324,64,628,359,476,31,585,519,557,353,323,224,683,723,724,163,501,207,342,619,516,141,551,449,652,325,111,69,171,12,218,187,705,568,573,502,612,290,233,525,457,351,112,279,176,106,631,57,317,327,642,532,245,282,731,26,391,458,670,140,480,446,130,622,736,685,200,362,37,431,335,718,591,95,104,54,600,463,664,138,571,487,621,404,604,747,205,418,285,379,228,461,113,537,548,580,506,552,213,543,369,614,357,173,341,267,748,47,118,167,83,414,347,462,528,432,710,415,711,482,28,666,307,175,343,116,701,82,679,88,739,193,726,498,136,429,208,589,14,60,160,738,696,249,331,148,730,684,105,214,746,131,43,223,169,165,53,408,92,368,443,451,715,119,44,3,587,626,340,152,159,305,254,486,638,377,542,733,115,386,694,489,61,402,271,384,199,174,134,355,356,661,190,438,247,514,50,592,474,255,196,668,124,260,698,697,137,293,700,672,352,337,437,297,479,194,252,649,314,339,46,494,550,226,122,709,522,261,564,225,309,232,11,358,647,99,256,86,512,264,117,405,396,306,389,278,459,634,298,222,153,375,530,617,266,536,390,598,574,478,215,81,16,381,346,669,392,367,421,30,503,500,93,745,276,248,103,641,665,299,27,385,259,677,17,100,643,688,211,420,554,84,251,296,274,374,639,490,395,376,383,20,195,121,529,566,52,544,436,651,584,510,717,209,253,107,19,182,70,344,191,313,315,588,188,348,483,615,22,265,560,7,4,531,185,523,287,168,637,318,56,139,38,689,120,583,692,76,577,491,33,308,413,363,708,485,650,91,541,18,326,90,110,179,40,328,654,569,680,558,606,595,333,533,693,96,521,725,239,74,283,481,135,513,13,155,430,511,201,538,539,706,526,216,192,126,423,412,419,270,34,682,495,21,559,645,656,465,540,235,422,468,518,212,250,578,77,15,310,618,123,36,492,740,635,611,676,435,128,388,63,744,281,41,549,509,364,316,627,162,719,609,613,58,9,197,150,166,62,180,570,334,42,707,504,671,517,660,607,602,445,743,244,178,499,312,206,433,
399,183.66115880012512,inf,157804.63704308213,78,416,460,728,217,464,322,230,373,161,427,534,455,372,49,219,361,67,417,320,6,241,424,158,229,452,742,5,72,704,234,242,85,466,712,453,80,354,272,467,378,240,365,291,394,98,527,109,221,450,729,338,640,1,198,284,714,401,497,675,143,398,65,237,295,257,288,311,289,177,444,71,686,632,51,0,231,227,735,142,440,687,286,556,441,737,555,625,636,154,236,210,79,553,332,469,243,563,699,605,695,630,648,562,246,68,411,301,599,484,406,48,496,520,581,644,380,426,133,300,59,277,565,439,146,608,488,561,114,304,202,674,741,454,473,722,151,505,329,87,616,262,702,721,32,2,470,184,596,164,302,658,434,545,371,397,662,409,597,448,576,145,330,678,350,586,125,24,101,601,181,275,75,508,204,403,303,25,89,653,579,399,659,623,546,238,582,144,407,269,127,393,382,475,663,55,108,132,400,507,620,370,594,593,149,172,170,493,45,535,102,610,657,732,220,319,203,442,681,575,624,39,23,713,425,646,690,655,268,673,428,280,515,129,73,410,263,447,157,35,189,667,716,633,97,727,360,472,387,186,734,336,29,294,456,321,292,345,524,10,349,547,156,273,366,703,629,572,477,691,147,590,66,94,183,603,8,567,471,749,258,720,324,64,628,359,476,31,585,519,557,353,323,224,683,723,724,163,501,207,342,619,516,141,551,449,652,325,111,69,171,12,218,187,705,568,573,502,612,290,233,525,457,351,112,279,176,106,631,57,317,327,642,532,245,282,731,26,391,458,670,140,480,446,130,622,736,685,200,362,37,431,335,718,591,95,104,54,600,463,664,138,571,487,621,404,604,747,205,418,285,379,228,461,113,537,548,580,506,552,213,543,369,614,357,173,341,267,748,47,118,167,83,414,347,462,528,432,710,415,711,482,28,666,307,175,343,116,701,82,679,88,739,193,726,498,136,429,208,589,14,60,160,738,696,249,331,148,730,684,105,214,746,131,43,223,169,165,53,408,92,368,443,451,715,119,44,3,587,626,340,152,159,305,254,486,638,377,542,733,115,386,694,489,61,402,271,384,199,174,134,355,356,661,190,438,247,514,50,592,474,255,196,668,124,260,698,697,137,293,700,672,352,337,437,297,479,194,252,649,314,339,46,494,550,226,122,709,522,261,564,225,309,232,11,358,647,99,256,86,512,264,117,405,396,306,389,278,459,634,298,222,153,375,530,617,266,536,390,598,574,478,215,81,16,381,346,669,392,367,421,30,503,500,93,745,276,248,103,641,665,299,27,385,259,677,17,100,643,688,211,420,554,84,251,296,274,374,639,490,395,376,383,20,195,121,529,566,52,544,436,651,584,510,717,209,253,107,19,182,70,344,191,313,315,588,188,348,483,615,22,265,560,7,4,531,185,523,287,168,637,318,56,139,38,689,120,583,692,76,577,491,33,308,413,363,708,485,650,91,541,18,326,90,110,179,40,328,654,569,680,558,606,595,333,533,693,96,521,725,239,74,283,481,135,513,13,155,430,511,201,538,539,706,526,216,192,126,423,412,419,270,34,682,495,21,559,645,656,465,540,235,422,468,518,212,250,578,77,15,310,618,123,36,492,740,635,611,676,435,128,388,63,744,281,41,549,509,364,316,627,162,719,609,613,58,9,197,150,166,62,180,570,334,42,707,504,671,517,660,607,602,445,743,244,178,499,312,206,433,
400,184.15902161598206,162715.90953590145,157804.63704308213,78,416,460,728,217,464,322,230,373,161,427,534,455,372,49,219,361,67,417,320,6,241,424,158,229,452,742,5,72,704,234,242,85,466,712,453,80,354,272,467,378,240,365,291,394,98,527,109,221,450,729,338,640,1,198,284,714,401,497,675,143,398,65,237,295,257,288,311,289,177,444,71,686,632,51,0,231,227,735,142,440,687,286,556,441,737,555,625,636,154,236,210,79,553,332,469,243,563,699,605,695,630,648,562,246,68,411,301,599,484,406,48,496,520,581,644,380,426,133,300,59,277,565,439,146,608,488,561,114,304,202,674,741,454,473,722,151,505,329,87,616,262,702,721,32,2,470,184,596,164,302,658,434,545,371,397,662,409,597,448,576,145,330,678,350,586,125,24,101,601,181,275,75,508,204,403,303,25,89,653,579,399,659,623,546,238,582,144,407,269,127,393,382,475,663,55,108,132,400,507,620,370,594,593,149,172,170,493,45,535,102,610,657,732,220,319,203,442,681,575,624,39,23,713,425,646,690,655,268,673,428,280,515,129,73,410,263,447,157,35,189,667,716,633,97,727,360,472,387,186,734,336,29,294,456,321,292,345,524,10,349,547,156,273,366,703,629,572,477,691,147,590,66,94,183,603,8,567,471,749,258,720,324,64,628,359,476,31,585,519,557,353,323,224,683,723,724,163,501,207,342,619,516,141,551,449,652,325,111,69,171,12,218,187,705,568,573,502,612,290,233,525,457,351,112,279,176,106,631,57,317,327,642,532,245,282,731,26,391,458,670,140,480,446,130,622,736,685,200,362,37,431,335,718,591,95,104,54,600,463,664,138,571,487,621,404,604,747,205,418,285,379,228,461,113,537,548,580,506,552,213,543,369,614,357,173,341,267,748,47,118,167,83,414,347,462,528,432,710,415,711,482,28,666,307,175,343,116,701,82,679,88,739,193,726,498,136,429,208,589,14,60,160,738,696,249,331,148,730,684,105,214,746,131,43,223,169,165,53,408,92,368,443,451,715,119,44,3,587,626,340,152,159,305,254,486,638,377,542,733,115,386,694,489,61,402,271,384,199,174,134,355,356,661,190,438,247,514,50,592,474,255,196,668,124,260,698,697,137,293,700,672,352,337,437,297,479,194,252,649,314,339,46,494,550,226,122,709,522,261,564,225,309,232,11,358,647,99,256,86,512,264,117,405,396,306,389,278,459,634,298,222,153,375,530,617,266,536,390,598,574,478,215,81,16,381,346,669,392,367,421,30,503,500,93,745,276,248,103,641,665,299,27,385,259,677,17,100,643,688,211,420,554,84,251,296,274,374,639,490,395,376,383,20,195,121,529,566,52,544,436,651,584,510,717,209,253,107,19,182,70,344,191,313,315,588,188,348,483,615,22,265,560,7,4,531,185,523,287,168,637,318,56,139,38,689,120,583,692,76,577,491,33,308,413,363,708,485,650,91,541,18,326,90,110,179,40,328,654,569,680,558,606,595,333,533,693,96,521,725,239,74,283,481,135,513,13,155,430,511,201,538,539,706,526,216,192,126,423,412,419,270,34,682,495,21,559,645,656,465,540,235,422,468,518,212,250,578,77,15,310,618,123,36,492,740,635,611,676,435,128,388,63,744,281,41,549,509,364,316,627,162,719,609,613,58,9,197,150,166,62,180,570,334,42,707,504,671,517,660,607,602,445,743,244,178,499,312,206,433,
401,184.56297874450684,162897.9541521187,157804.63704308213,78,416,460,728,217,464,322,230,373,161,427,534,455,372,49,219,361,67,417,320,6,241,424,158,229,452,742,5,72,704,234,242,85,466,712,453,80,354,272,467,378,240,365,291,394,98,527,109,221,450,729,338,640,1,198,284,714,401,497,675,143,398,65,237,295,257,288,311,289,177,444,71,686,632,51,0,231,227,735,142,440,687,286,556,441,737,555,625,636,154,236,210,79,553,332,469,243,563,699,605,695,630,648,562,246,68,411,301,599,484,406,48,496,520,581,644,380,426,133,300,59,277,565,439,146,608,488,561,114,304,202,674,741,454,473,722,151,505,329,87,616,262,702,721,32,2,470,184,596,164,302,658,434,545,371,397,662,409,597,448,576,145,330,678,350,586,125,24,101,601,181,275,75,508,204,403,303,25,89,653,579,399,659,623,546,238,582,144,407,269,127,393,382,475,663,55,108,132,400,507,620,370,594,593,149,172,170,493,45,535,102,610,657,732,220,319,203,442,681,575,624,39,23,713,425,646,690,655,268,673,428,280,515,129,73,410,263,447,157,35,189,667,716,633,97,727,360,472,387,186,734,336,29,294,456,321,292,345,524,10,349,547,156,273,366,703,629,572,477,691,147,590,66,94,183,603,8,567,471,749,258,720,324,64,628,359,476,31,585,519,557,353,323,224,683,723,724,163,501,207,342,619,516,141,551,449,652,325,111,69,171,12,218,187,705,568,573,502,612,290,233,525,457,351,112,279,176,106,631,57,317,327,642,532,245,282,731,26,391,458,670,140,480,446,130,622,736,685,200,362,37,431,335,718,591,95,104,54,600,463,664,138,571,487,621,404,604,747,205,418,285,379,228,461,113,537,548,580,506,552,213,543,369,614,357,173,341,267,748,47,118,167,83,414,347,462,528,432,710,415,711,482,28,666,307,175,343,116,701,82,679,88,739,193,726,498,136,429,208,589,14,60,160,738,696,249,331,148,730,684,105,214,746,131,43,223,169,165,53,408,92,368,443,451,715,119,44,3,587,626,340,152,159,305,254,486,638,377,542,733,115,386,694,489,61,402,271,384,199,174,134,355,356,661,190,438,247,514,50,592,474,255,196,668,124,260,698,697,137,293,700,672,352,337,437,297,479,194,252,649,314,339,46,494,550,226,122,709,522,261,564,225,309,232,11,358,647,99,256,86,512,264,117,405,396,306,389,278,459,634,298,222,153,375,530,617,266,536,390,598,574,478,215,81,16,381,346,669,392,367,421,30,503,500,93,745,276,248,103,641,665,299,27,385,259,677,17,100,643,688,211,420,554,84,251,296,274,374,639,490,395,376,383,20,195,121,529,566,52,544,436,651,584,510,717,209,253,107,19,182,70,344,191,313,315,588,188,348,483,615,22,265,560,7,4,531,185,523,287,168,637,318,56,139,38,689,120,583,692,76,577,491,33,308,413,363,708,485,650,91,541,18,326,90,110,179,40,328,654,569,680,558,606,595,333,533,693,96,521,725,239,74,283,481,135,513,13,155,430,511,201,538,539,706,526,216,192,126,423,412,419,270,34,682,495,21,559,645,656,465,540,235,422,468,518,212,250,578,77,15,310,618,123,36,492,740,635,611,676,435,128,388,63,744,281,41,549,509,364,316,627,162,719,609,613,58,9,197,150,166,62,180,570,334,42,707,504,671,517,660,607,602,445,743,244,178,499,312,206,433,
402,185.07621550559998,163844.96893761354,157804.63704308213,78,416,460,728,217,464,322,230,373,161,427,534,455,372,49,219,361,67,417,320,6,241,424,158,229,452,742,5,72,704,234,242,85,466,712,453,80,354,272,467,378,240,365,291,394,98,527,109,221,450,729,338,640,1,198,284,714,401,497,675,143,398,65,237,295,257,288,311,289,177,444,71,686,632,51,0,231,227,735,142,440,687,286,556,441,737,555,625,636,154,236,210,79,553,332,469,243,563,699,605,695,630,648,562,246,68,411,301,599,484,406,48,496,520,581,644,380,426,133,300,59,277,565,439,146,608,488,561,114,304,202,674,741,454,473,722,151,505,329,87,616,262,702,721,32,2,470,184,596,164,302,658,434,545,371,397,662,409,597,448,576,145,330,678,350,586,125,24,101,601,181,275,75,508,204,403,303,25,89,653,579,399,659,623,546,238,582,144,407,269,127,393,382,475,663,55,108,132,400,507,620,370,594,593,149,172,170,493,45,535,102,610,657,732,220,319,203,442,681,575,624,39,23,713,425,646,690,655,268,673,428,280,515,129,73,410,263,447,157,35,189,667,716,633,97,727,360,472,387,186,734,336,29,294,456,321,292,345,524,10,349,547,156,273,366,703,629,572,477,691,147,590,66,94,183,603,8,567,471,749,258,720,324,64,628,359,476,31,585,519,557,353,323,224,683,723,724,163,501,207,342,619,516,141,551,449,652,325,111,69,171,12,218,187,705,568,573,502,612,290,233,525,457,351,112,279,176,106,631,57,317,327,642,532,245,282,731,26,391,458,670,140,480,446,130,622,736,685,200,362,37,431,335,718,591,95,104,54,600,463,664,138,571,487,621,404,604,747,205,418,285,379,228,461,113,537,548,580,506,552,213,543,369,614,357,173,341,267,748,47,118,167,83,414,347,462,528,432,710,415,711,482,28,666,307,175,343,116,701,82,679,88,739,193,726,498,136,429,208,589,14,60,160,738,696,249,331,148,730,684,105,214,746,131,43,223,169,165,53,408,92,368,443,451,715,119,44,3,587,626,340,152,159,305,254,486,638,377,542,733,115,386,694,489,61,402,271,384,199,174,134,355,356,661,190,438,247,514,50,592,474,255,196,668,124,260,698,697,137,293,700,672,352,337,437,297,479,194,252,649,314,339,46,494,550,226,122,709,522,261,564,225,309,232,11,358,647,99,256,86,512,264,117,405,396,306,389,278,459,634,298,222,153,375,530,617,266,536,390,598,574,478,215,81,16,381,346,669,392,367,421,30,503,500,93,745,276,248,103,641,665,299,27,385,259,677,17,100,643,688,211,420,554,84,251,296,274,374,639,490,395,376,383,20,195,121,529,566,52,544,436,651,584,510,717,209,253,107,19,182,70,344,191,313,315,588,188,348,483,615,22,265,560,7,4,531,185,523,287,168,637,318,56,139,38,689,120,583,692,76,577,491,33,308,413,363,708,485,650,91,541,18,326,90,110,179,40,328,654,569,680,558,606,595,333,533,693,96,521,725,239,74,283,481,135,513,13,155,430,511,201,538,539,706,526,216,192,126,423,412,419,270,34,682,495,21,559,645,656,465,540,235,422,468,518,212,250,578,77,15,310,618,123,36,492,740,635,611,676,435,128,388,63,744,281,41,549,509,364,316,627,162,719,609,613,58,9,197,150,166,62,180,570,334,42,707,504,671,517,660,607,602,445,743,244,178,499,312,206,433,
403,185.49437999725342,162958.67997841304,157804.63704308213,78,416,460,728,217,464,322,230,373,161,427,534,455,372,49,219,361,67,417,320,6,241,424,158,229,452,742,5,72,704,234,242,85,466,712,453,80,354,272,467,378,240,365,291,394,98,527,109,221,450,729,338,640,1,198,284,714,401,497,675,143,398,65,237,295,257,288,311,289,177,444,71,686,632,51,0,231,227,735,142,440,687,286,556,441,737,555,625,636,154,236,210,79,553,332,469,243,563,699,605,695,630,648,562,246,68,411,301,599,484,406,48,496,520,581,644,380,426,133,300,59,277,565,439,146,608,488,561,114,304,202,674,741,454,473,722,151,505,329,87,616,262,702,721,32,2,470,184,596,164,302,658,434,545,371,397,662,409,597,448,576,145,330,678,350,586,125,24,101,601,181,275,75,508,204,403,303,25,89,653,579,399,659,623,546,238,582,144,407,269,127,393,382,475,663,55,108,132,400,507,620,370,594,593,149,172,170,493,45,535,102,610,657,732,220,319,203,442,681,575,624,39,23,713,425,646,690,655,268,673,428,280,515,129,73,410,263,447,157,35,189,667,716,633,97,727,360,472,387,186,734,336,29,294,456,321,292,345,524,10,349,547,156,273,366,703,629,572,477,691,147,590,66,94,183,603,8,567,471,749,258,720,324,64,628,359,476,31,585,519,557,353,323,224,683,723,724,163,501,207,342,619,516,141,551,449,652,325,111,69,171,12,218,187,705,568,573,502,612,290,233,525,457,351,112,279,176,106,631,57,317,327,642,532,245,282,731,26,391,458,670,140,480,446,130,622,736,685,200,362,37,431,335,718,591,95,104,54,600,463,664,138,571,487,621,404,604,747,205,418,285,379,228,461,113,537,548,580,506,552,213,543,369,614,357,173,341,267,748,47,118,167,83,414,347,462,528,432,710,415,711,482,28,666,307,175,343,116,701,82,679,88,739,193,726,498,136,429,208,589,14,60,160,738,696,249,331,148,730,684,105,214,746,131,43,223,169,165,53,408,92,368,443,451,715,119,44,3,587,626,340,152,159,305,254,486,638,377,542,733,115,386,694,489,61,402,271,384,199,174,134,355,356,661,190,438,247,514,50,592,474,255,196,668,124,260,698,697,137,293,700,672,352,337,437,297,479,194,252,649,314,339,46,494,550,226,122,709,522,261,564,225,309,232,11,358,647,99,256,86,512,264,117,405,396,306,389,278,459,634,298,222,153,375,530,617,266,536,390,598,574,478,215,81,16,381,346,669,392,367,421,30,503,500,93,745,276,248,103,641,665,299,27,385,259,677,17,100,643,688,211,420,554,84,251,296,274,374,639,490,395,376,383,20,195,121,529,566,52,544,436,651,584,510,717,209,253,107,19,182,70,344,191,313,315,588,188,348,483,615,22,265,560,7,4,531,185,523,287,168,637,318,56,139,38,689,120,583,692,76,577,491,33,308,413,363,708,485,650,91,541,18,326,90,110,179,40,328,654,569,680,558,606,595,333,533,693,96,521,725,239,74,283,481,135,513,13,155,430,511,201,538,539,706,526,216,192,126,423,412,419,270,34,682,495,21,559,645,656,465,540,235,422,468,518,212,250,578,77,15,310,618,123,36,492,740,635,611,676,435,128,388,63,744,281,41,549,509,364,316,627,162,719,609,613,58,9,197,150,166,62,180,570,334,42,707,504,671,517,660,607,602,445,743,244,178,499,312,206,433,
404,185.93437910079956,163815.0668746521,157804.63704308207,220,319,203,442,681,575,624,39,23,713,425,646,690,655,268,673,428,280,515,129,73,410,263,447,157,35,189,667,716,633,97,727,360,472,387,186,734,336,29,294,456,321,292,345,524,10,349,547,156,273,366,703,629,572,477,691,147,590,66,94,183,603,8,567,471,749,258,720,324,64,628,359,476,31,585,519,557,353,323,224,683,723,724,163,501,207,342,619,516,141,551,449,652,325,111,69,171,12,218,187,705,568,573,502,612,290,233,525,457,351,112,279,176,106,631,57,317,327,642,532,245,282,731,26,391,458,670,140,480,446,130,622,736,685,200,362,37,431,335,718,591,95,104,54,600,463,664,138,571,487,621,404,604,747,205,418,285,379,228,461,113,537,548,580,506,552,213,543,369,614,357,173,341,267,748,47,118,167,83,414,347,462,528,432,710,415,711,482,28,666,307,175,343,116,701,82,679,88,739,193,726,498,136,429,208,589,14,60,160,738,696,249,331,148,730,684,105,214,746,131,43,223,169,165,53,408,92,368,443,451,715,119,44,3,587,626,340,152,159,305,254,486,638,377,542,733,115,386,694,489,61,402,271,384,199,174,134,355,356,661,190,438,247,514,50,592,474,255,196,668,124,260,698,697,137,293,700,672,352,337,437,297,479,194,252,649,314,339,46,494,550,226,122,709,522,261,564,225,309,232,11,358,647,99,256,86,512,264,117,405,396,306,389,278,459,634,298,222,153,375,530,617,266,536,390,598,574,478,215,81,16,381,346,669,392,367,421,30,503,500,93,745,276,248,103,641,665,299,27,385,259,677,17,100,643,688,211,420,554,84,251,296,274,374,639,490,395,376,383,20,195,121,529,566,52,544,436,651,584,510,717,209,253,107,19,182,70,344,191,313,315,588,188,348,483,615,22,265,560,7,4,531,185,523,287,168,637,318,56,139,38,689,120,583,692,76,577,491,33,308,413,363,708,485,650,91,541,18,326,90,110,179,40,328,654,569,680,558,606,595,333,533,693,96,521,725,239,74,283,481,135,513,13,155,430,511,201,538,539,706,526,216,192,126,423,412,419,270,34,682,495,21,559,645,656,465,540,235,422,468,518,212,250,578,77,15,310,618,123,36,492,740,635,611,676,435,128,388,63,744,281,41,549,509,364,316,627,162,719,609,613,58,9,197,150,166,62,180,570,334,42,707,504,671,517,660,607,602,445,743,244,178,499,312,206,433,78,416,460,728,217,464,322,230,373,161,427,534,455,372,49,219,361,67,417,320,6,241,424,158,229,452,742,5,72,704,234,242,85,466,712,453,80,354,272,467,378,240,365,291,394,98,527,109,221,450,729,338,640,1,198,284,714,401,497,675,143,398,65,237,295,257,288,311,289,177,444,71,686,632,51,0,231,227,735,142,440,687,286,556,441,737,555,625,636,154,236,210,79,553,332,469,243,563,699,605,695,630,648,562,246,68,411,301,599,484,406,48,496,520,581,644,380,426,133,300,59,277,565,439,146,608,488,561,114,304,202,674,741,454,473,722,151,505,329,87,616,262,702,721,32,2,470,184,596,164,302,658,434,545,371,397,662,409,597,448,576,145,330,678,350,586,125,24,101,601,181,275,75,508,204,403,303,25,89,653,579,399,659,623,546,238,582,144,407,269,127,393,382,475,663,55,108,132,400,507,620,370,594,593,149,172,170,493,45,535,102,610,657,732,
405,186.38945245742798,161792.4261144235,157804.63704308207,220,319,203,442,681,575,624,39,23,713,425,646,690,655,268,673,428,280,515,129,73,410,263,447,157,35,189,667,716,633,97,727,360,472,387,186,734,336,29,294,456,321,292,345,524,10,349,547,156,273,366,703,629,572,477,691,147,590,66,94,183,603,8,567,471,749,258,720,324,64,628,359,476,31,585,519,557,353,323,224,683,723,724,163,501,207,342,619,516,141,551,449,652,325,111,69,171,12,218,187,705,568,573,502,612,290,233,525,457,351,112,279,176,106,631,57,317,327,642,532,245,282,731,26,391,458,670,140,480,446,130,622,736,685,200,362,37,431,335,718,591,95,104,54,600,463,664,138,571,487,621,404,604,747,205,418,285,379,228,461,113,537,548,580,506,552,213,543,369,614,357,173,341,267,748,47,118,167,83,414,347,462,528,432,710,415,711,482,28,666,307,175,343,116,701,82,679,88,739,193,726,498,136,429,208,589,14,60,160,738,696,249,331,148,730,684,105,214,746,131,43,223,169,165,53,408,92,368,443,451,715,119,44,3,587,626,340,152,159,305,254,486,638,377,542,733,115,386,694,489,61,402,271,384,199,174,134,355,356,661,190,438,247,514,50,592,474,255,196,668,124,260,698,697,137,293,700,672,352,337,437,297,479,194,252,649,314,339,46,494,550,226,122,709,522,261,564,225,309,232,11,358,647,99,256,86,512,264,117,405,396,306,389,278,459,634,298,222,153,375,530,617,266,536,390,598,574,478,215,81,16,381,346,669,392,367,421,30,503,500,93,745,276,248,103,641,665,299,27,385,259,677,17,100,643,688,211,420,554,84,251,296,274,374,639,490,395,376,383,20,195,121,529,566,52,544,436,651,584,510,717,209,253,107,19,182,70,344,191,313,315,588,188,348,483,615,22,265,560,7,4,531,185,523,287,168,637,318,56,139,38,689,120,583,692,76,577,491,33,308,413,363,708,485,650,91,541,18,326,90,110,179,40,328,654,569,680,558,606,595,333,533,693,96,521,725,239,74,283,481,135,513,13,155,430,511,201,538,539,706,526,216,192,126,423,412,419,270,34,682,495,21,559,645,656,465,540,235,422,468,518,212,250,578,77,15,310,618,123,36,492,740,635,611,676,435,128,388,63,744,281,41,549,509,364,316,627,162,719,609,613,58,9,197,150,166,62,180,570,334,42,707,504,671,517,660,607,602,445,743,244,178,499,312,206,433,78,416,460,728,217,464,322,230,373,161,427,534,455,372,49,219,361,67,417,320,6,241,424,158,229,452,742,5,72,704,234,242,85,466,712,453,80,354,272,467,378,240,365,291,394,98,527,109,221,450,729,338,640,1,198,284,714,401,497,675,143,398,65,237,295,257,288,311,289,177,444,71,686,632,51,0,231,227,735,142,440,687,286,556,441,737,555,625,636,154,236,210,79,553,332,469,243,563,699,605,695,630,648,562,246,68,411,301,599,484,406,48,496,520,581,644,380,426,133,300,59,277,565,439,146,608,488,561,114,304,202,674,741,454,473,722,151,505,329,87,616,262,702,721,32,2,470,184,596,164,302,658,434,545,371,397,662,409,597,448,576,145,330,678,350,586,125,24,101,601,181,275,75,508,204,403,303,25,89,653,579,399,659,623,546,238,582,144,407,269,127,393,382,475,663,55,108,132,400,507,620,370,594,593,149,172,170,493,45,535,102,610,657,732,
406,186.7937526702881,163218.79408990496,157804.63704308207,220,319,203,442,681,575,624,39,23,713,425,646,690,655,268,673,428,280,515,129,73,410,263,447,157,35,189,667,716,633,97,727,360,472,387,186,734,336,29,294,456,321,292,345,524,10,349,547,156,273,366,703,629,572,477,691,147,590,66,94,183,603,8,567,471,749,258,720,324,64,628,359,476,31,585,519,557,353,323,224,683,723,724,163,501,207,342,619,516,141,551,449,652,325,111,69,171,12,218,187,705,568,573,502,612,290,233,525,457,351,112,279,176,106,631,57,317,327,642,532,245,282,731,26,391,458,670,140,480,446,130,622,736,685,200,362,37,431,335,718,591,95,104,54,600,463,664,138,571,487,621,404,604,747,205,418,285,379,228,461,113,537,548,580,506,552,213,543,369,614,357,173,341,267,748,47,118,167,83,414,347,462,528,432,710,415,711,482,28,666,307,175,343,116,701,82,679,88,739,193,726,498,136,429,208,589,14,60,160,738,696,249,331,148,730,684,105,214,746,131,43,223,169,165,53,408,92,368,443,451,715,119,44,3,587,626,340,152,159,305,254,486,638,377,542,733,115,386,694,489,61,402,271,384,199,174,134,355,356,661,190,438,247,514,50,592,474,255,196,668,124,260,698,697,137,293,700,672,352,337,437,297,479,194,252,649,314,339,46,494,550,226,122,709,522,261,564,225,309,232,11,358,647,99,256,86,512,264,117,405,396,306,389,278,459,634,298,222,153,375,530,617,266,536,390,598,574,478,215,81,16,381,346,669,392,367,421,30,503,500,93,745,276,248,103,641,665,299,27,385,259,677,17,100,643,688,211,420,554,84,251,296,274,374,639,490,395,376,383,20,195,121,529,566,52,544,436,651,584,510,717,209,253,107,19,182,70,344,191,313,315,588,188,348,483,615,22,265,560,7,4,531,185,523,287,168,637,318,56,139,38,689,120,583,692,76,577,491,33,308,413,363,708,485,650,91,541,18,326,90,110,179,40,328,654,569,680,558,606,595,333,533,693,96,521,725,239,74,283,481,135,513,13,155,430,511,201,538,539,706,526,216,192,126,423,412,419,270,34,682,495,21,559,645,656,465,540,235,422,468,518,212,250,578,77,15,310,618,123,36,492,740,635,611,676,435,128,388,63,744,281,41,549,509,364,316,627,162,719,609,613,58,9,197,150,166,62,180,570,334,42,707,504,671,517,660,607,602,445,743,244,178,499,312,206,433,78,416,460,728,217,464,322,230,373,161,427,534,455,372,49,219,361,67,417,320,6,241,424,158,229,452,742,5,72,704,234,242,85,466,712,453,80,354,272,467,378,240,365,291,394,98,527,109,221,450,729,338,640,1,198,284,714,401,497,675,143,398,65,237,295,257,288,311,289,177,444,71,686,632,51,0,231,227,735,142,440,687,286,556,441,737,555,625,636,154,236,210,79,553,332,469,243,563,699,605,695,630,648,562,246,68,411,301,599,484,406,48,496,520,581,644,380,426,133,300,59,277,565,439,146,608,488,561,114,304,202,674,741,454,473,722,151,505,329,87,616,262,702,721,32,2,470,184,596,164,302,658,434,545,371,397,662,409,597,448,576,145,330,678,350,586,125,24,101,601,181,275,75,508,204,403,303,25,89,653,579,399,659,623,546,238,582,144,407,269,127,393,382,475,663,55,108,132,400,507,620,370,594,593,149,172,170,493,45,535,102,610,657,732,
407,187.26476883888245,163661.89151902616,157733.99236044427,177,444,71,686,632,51,0,231,227,735,142,440,687,286,556,441,737,555,625,636,154,236,210,79,553,332,469,243,563,699,605,695,630,648,562,246,68,411,301,599,484,406,48,496,520,581,644,380,426,133,300,59,277,565,439,146,608,488,561,114,304,202,674,741,454,473,722,151,505,329,87,616,262,702,721,32,2,470,184,596,164,302,658,434,545,371,397,662,409,597,448,576,145,330,678,350,586,125,24,101,601,181,275,75,508,204,403,303,25,89,653,579,399,659,623,546,238,582,144,407,269,127,393,382,475,663,55,108,132,400,507,620,370,594,593,149,172,170,493,45,535,102,610,657,732,220,319,203,442,681,575,624,39,23,713,425,646,690,655,268,673,428,280,515,129,73,410,263,447,157,35,189,667,716,633,97,727,360,472,387,186,734,336,29,294,456,321,292,345,524,10,349,547,156,273,366,703,629,572,477,691,147,590,66,94,183,603,8,567,471,749,258,720,324,64,628,359,476,31,585,519,557,353,323,224,683,723,724,163,501,207,342,619,516,141,551,449,652,325,111,69,171,12,218,187,705,568,573,502,612,290,233,525,457,351,112,279,176,106,631,57,317,327,642,532,245,282,731,26,391,458,670,140,480,446,130,622,736,685,200,362,37,431,335,718,591,95,104,54,600,463,664,138,571,487,621,404,604,747,205,418,285,379,228,461,113,537,548,580,506,552,213,543,369,614,357,173,341,267,748,47,118,167,83,414,347,462,528,432,710,415,711,482,28,666,307,175,343,116,701,82,679,88,739,193,726,498,136,429,208,589,14,60,160,738,696,249,331,148,730,684,105,214,746,131,43,223,169,165,53,408,92,368,443,451,715,119,44,3,587,626,340,152,159,305,254,486,638,377,542,733,255,355,356,661,190,438,174,134,271,384,199,61,402,489,694,115,386,474,592,247,514,50,196,668,124,260,698,697,137,293,700,672,352,337,437,297,479,194,252,649,314,339,46,494,550,226,122,709,522,261,564,225,309,232,11,358,647,99,256,86,512,264,117,405,396,306,389,278,459,634,298,222,153,375,530,617,266,536,390,598,574,478,215,81,16,381,346,669,392,367,421,30,503,500,93,745,276,248,103,641,665,299,27,385,259,677,17,100,643,688,211,420,554,84,251,296,274,374,639,490,395,376,383,20,195,121,529,566,52,544,436,651,584,510,717,209,253,107,19,182,70,344,191,313,315,588,188,348,483,615,22,265,560,7,4,531,185,523,287,168,637,318,56,139,38,689,120,583,692,76,577,491,33,308,413,363,708,485,650,91,541,18,326,90,110,179,40,328,654,569,680,558,606,595,333,533,693,96,521,725,239,74,283,481,135,513,13,155,430,511,201,538,539,706,526,216,192,126,423,412,419,270,34,682,495,21,559,645,656,465,540,235,422,468,518,212,250,578,77,15,310,618,123,36,492,740,635,611,676,435,128,388,63,744,281,41,549,509,364,316,627,162,719,609,613,58,9,197,150,166,62,180,570,334,42,707,504,671,517,660,607,602,445,743,244,178,499,312,206,433,78,416,460,728,217,464,322,230,373,161,427,534,455,372,49,219,361,67,417,320,6,241,424,158,229,452,742,5,72,704,234,242,85,466,712,453,80,354,272,467,378,240,365,291,394,98,527,109,221,450,729,338,640,1,198,284,714,401,497,675,143,398,65,237,295,257,288,311,289,
408,187.77324151992798,161812.44652032535,157733.99236044427,177,444,71,686,632,51,0,231,227,735,142,440,687,286,556,441,737,555,625,636,154,236,210,79,553,332,469,243,563,699,605,695,630,648,562,246,68,411,301,599,484,406,48,496,520,581,644,380,426,133,300,59,277,565,439,146,608,488,561,114,304,202,674,741,454,473,722,151,505,329,87,616,262,702,721,32,2,470,184,596,164,302,658,434,545,371,397,662,409,597,448,576,145,330,678,350,586,125,24,101,601,181,275,75,508,204,403,303,25,89,653,579,399,659,623,546,238,582,144,407,269,127,393,382,475,663,55,108,132,400,507,620,370,594,593,149,172,170,493,45,535,102,610,657,732,220,319,203,442,681,575,624,39,23,713,425,646,690,655,268,673,428,280,515,129,73,410,263,447,157,35,189,667,716,633,97,727,360,472,387,186,734,336,29,294,456,321,292,345,524,10,349,547,156,273,366,703,629,572,477,691,147,590,66,94,183,603,8,567,471,749,258,720,324,64,628,359,476,31,585,519,557,353,323,224,683,723,724,163,501,207,342,619,516,141,551,449,652,325,111,69,171,12,218,187,705,568,573,502,612,290,233,525,457,351,112,279,176,106,631,57,317,327,642,532,245,282,731,26,391,458,670,140,480,446,130,622,736,685,200,362,37,431,335,718,591,95,104,54,600,463,664,138,571,487,621,404,604,747,205,418,285,379,228,461,113,537,548,580,506,552,213,543,369,614,357,173,341,267,748,47,118,167,83,414,347,462,528,432,710,415,711,482,28,666,307,175,343,116,701,82,679,88,739,193,726,498,136,429,208,589,14,60,160,738,696,249,331,148,730,684,105,214,746,131,43,223,169,165,53,408,92,368,443,451,715,119,44,3,587,626,340,152,159,305,254,486,638,377,542,733,255,355,356,661,190,438,174,134,271,384,199,61,402,489,694,115,386,474,592,247,514,50,196,668,124,260,698,697,137,293,700,672,352,337,437,297,479,194,252,649,314,339,46,494,550,226,122,709,522,261,564,225,309,232,11,358,647,99,256,86,512,264,117,405,396,306,389,278,459,634,298,222,153,375,530,617,266,536,390,598,574,478,215,81,16,381,346,669,392,367,421,30,503,500,93,745,276,248,103,641,665,299,27,385,259,677,17,100,643,688,211,420,554,84,251,296,274,374,639,490,395,376,383,20,195,121,529,566,52,544,436,651,584,510,717,209,253,107,19,182,70,344,191,313,315,588,188,348,483,615,22,265,560,7,4,531,185,523,287,168,637,318,56,139,38,689,120,583,692,76,577,491,33,308,413,363,708,485,650,91,541,18,326,90,110,179,40,328,654,569,680,558,606,595,333,533,693,96,521,725,239,74,283,481,135,513,13,155,430,511,201,538,539,706,526,216,192,126,423,412,419,270,34,682,495,21,559,645,656,465,540,235,422,468,518,212,250,578,77,15,310,618,123,36,492,740,635,611,676,435,128,388,63,744,281,41,549,509,364,316,627,162,719,609,613,58,9,197,150,166,62,180,570,334,42,707,504,671,517,660,607,602,445,743,244,178,499,312,206,433,78,416,460,728,217,464,322,230,373,161,427,534,455,372,49,219,361,67,417,320,6,241,424,158,229,452,742,5,72,704,234,242,85,466,712,453,80,354,272,467,378,240,365,291,394,98,527,109,221,450,729,338,640,1,198,284,714,401,497,675,143,398,65,237,295,257,288,311,289,
409,188.2686424255371,162055.015149529,157733.99236044427,177,444,71,686,632,51,0,231,227,735,142,440,687,286,556,441,737,555,625,636,154,236,210,79,553,332,469,243,563,699,605,695,630,648,562,246,68,411,301,599,484,406,48,496,520,581,644,380,426,133,300,59,277,565,439,146,608,488,561,114,304,202,674,741,454,473,722,151,505,329,87,616,262,702,721,32,2,470,184,596,164,302,658,434,545,371,397,662,409,597,448,576,145,330,678,350,586,125,24,101,601,181,275,75,508,204,403,303,25,89,653,579,399,659,623,546,238,582,144,407,269,127,393,382,475,663,55,108,132,400,507,620,370,594,593,149,172,170,493,45,535,102,610,657,732,220,319,203,442,681,575,624,39,23,713,425,646,690,655,268,673,428,280,515,129,73,410,263,447,157,35,189,667,716,633,97,727,360,472,387,186,734,336,29,294,456,321,292,345,524,10,349,547,156,273,366,703,629,572,477,691,147,590,66,94,183,603,8,567,471,749,258,720,324,64,628,359,476,31,585,519,557,353,323,224,683,723,724,163,501,207,342,619,516,141,551,449,652,325,111,69,171,12,218,187,705,568,573,502,612,290,233,525,457,351,112,279,176,106,631,57,317,327,642,532,245,282,731,26,391,458,670,140,480,446,130,622,736,685,200,362,37,431,335,718,591,95,104,54,600,463,664,138,571,487,621,404,604,747,205,418,285,379,228,461,113,537,548,580,506,552,213,543,369,614,357,173,341,267,748,47,118,167,83,414,347,462,528,432,710,415,711,482,28,666,307,175,343,116,701,82,679,88,739,193,726,498,136,429,208,589,14,60,160,738,696,249,331,148,730,684,105,214,746,131,43,223,169,165,53,408,92,368,443,451,715,119,44,3,587,626,340,152,159,305,254,486,638,377,542,733,255,355,356,661,190,438,174,134,271,384,199,61,402,489,694,115,386,474,592,247,514,50,196,668,124,260,698,697,137,293,700,672,352,337,437,297,479,194,252,649,314,339,46,494,550,226,122,709,522,261,564,225,309,232,11,358,647,99,256,86,512,264,117,405,396,306,389,278,459,634,298,222,153,375,530,617,266,536,390,598,574,478,215,81,16,381,346,669,392,367,421,30,503,500,93,745,276,248,103,641,665,299,27,385,259,677,17,100,643,688,211,420,554,84,251,296,274,374,639,490,395,376,383,20,195,121,529,566,52,544,436,651,584,510,717,209,253,107,19,182,70,344,191,313,315,588,188,348,483,615,22,265,560,7,4,531,185,523,287,168,637,318,56,139,38,689,120,583,692,76,577,491,33,308,413,363,708,485,650,91,541,18,326,90,110,179,40,328,654,569,680,558,606,595,333,533,693,96,521,725,239,74,283,481,135,513,13,155,430,511,201,538,539,706,526,216,192,126,423,412,419,270,34,682,495,21,559,645,656,465,540,235,422,468,518,212,250,578,77,15,310,618,123,36,492,740,635,611,676,435,128,388,63,744,281,41,549,509,364,316,627,162,719,609,613,58,9,197,150,166,62,180,570,334,42,707,504,671,517,660,607,602,445,743,244,178,499,312,206,433,78,416,460,728,217,464,322,230,373,161,427,534,455,372,49,219,361,67,417,320,6,241,424,158,229,452,742,5,72,704,234,242,85,466,712,453,80,354,272,467,378,240,365,291,394,98,527,109,221,450,729,338,640,1,198,284,714,401,497,675,143,398,65,237,295,257,288,311,289,
410,188.70306849479675,162926.55386989235,157733.9923604442,220,319,203,442,681,575,624,39,23,713,425,646,690,655,268,673,428,280,515,129,73,410,263,447,157,35,189,667,716,633,97,727,360,472,387,186,734,336,29,294,456,321,292,345,524,10,349,547,156,273,366,703,629,572,477,691,147,590,66,94,183,603,8,567,471,749,258,720,324,64,628,359,476,31,585,519,557,353,323,224,683,723,724,163,501,207,342,619,516,141,551,449,652,325,111,69,171,12,218,187,705,568,573,502,612,290,233,525,457,351,112,279,176,106,631,57,317,327,642,532,245,282,731,26,391,458,670,140,480,446,130,622,736,685,200,362,37,431,335,718,591,95,104,54,600,463,664,138,571,487,621,404,604,747,205,418,285,379,228,461,113,537,548,580,506,552,213,543,369,614,357,173,341,267,748,47,118,167,83,414,347,462,528,432,710,415,711,482,28,666,307,175,343,116,701,82,679,88,739,193,726,498,136,429,208,589,14,60,160,738,696,249,331,148,730,684,105,214,746,131,43,223,169,165,53,408,92,368,443,451,715,119,44,3,587,626,340,152,159,305,254,486,638,377,542,733,255,355,356,661,190,438,174,134,271,384,199,61,402,489,694,115,386,474,592,247,514,50,196,668,124,260,698,697,137,293,700,672,352,337,437,297,479,194,252,649,314,339,46,494,550,226,122,709,522,261,564,225,309,232,11,358,647,99,256,86,512,264,117,405,396,306,389,278,459,634,298,222,153,375,530,617,266,536,390,598,574,478,215,81,16,381,346,669,392,367,421,30,503,500,93,745,276,248,103,641,665,299,27,385,259,677,17,100,643,688,211,420,554,84,251,296,274,374,639,490,395,376,383,20,195,121,529,566,52,544,436,651,584,510,717,209,253,107,19,182,70,344,191,313,315,588,188,348,483,615,22,265,560,7,4,531,185,523,287,168,637,318,56,139,38,689,120,583,692,76,577,491,33,308,413,363,708,485,650,91,541,18,326,90,110,179,40,328,654,569,680,558,606,595,333,533,693,96,521,725,239,74,283,481,135,513,13,155,430,511,201,538,539,706,526,216,192,126,423,412,419,270,34,682,495,21,559,645,656,465,540,235,422,468,518,212,250,578,77,15,310,618,123,36,492,740,635,611,676,435,128,388,63,744,281,41,549,509,364,316,627,162,719,609,613,58,9,197,150,166,62,180,570,334,42,707,504,671,517,660,607,602,445,743,244,178,499,312,206,433,78,416,460,728,217,464,322,230,373,161,427,534,455,372,49,219,361,67,417,320,6,241,424,158,229,452,742,5,72,704,234,242,85,466,712,453,80,354,272,467,378,240,365,291,394,98,527,109,221,450,729,338,640,1,198,284,714,401,497,675,143,398,65,237,295,257,288,311,289,177,444,71,686,632,51,0,231,227,735,142,440,687,286,556,441,737,555,625,636,154,236,210,79,553,332,469,243,563,699,605,695,630,648,562,246,68,411,301,599,484,406,48,496,520,581,644,380,426,133,300,59,277,565,439,146,608,488,561,114,304,202,674,741,454,473,722,151,505,329,87,616,262,702,721,32,2,470,184,596,164,302,658,434,545,371,397,662,409,597,448,576,145,330,678,350,586,125,24,101,601,181,275,75,508,204,403,303,25,89,653,579,399,659,623,546,238,582,144,407,269,127,393,382,475,663,55,108,132,400,507,620,370,594,593,149,172,170,493,45,535,102,610,657,732,
411,189.09976267814636,162211.04934662778,157733.9923604442,220,319,203,442,681,575,624,39,23,713,425,646,690,655,268,673,428,280,515,129,73,410,263,447,157,35,189,667,716,633,97,727,360,472,387,186,734,336,29,294,456,321,292,345,524,10,349,547,156,273,366,703,629,572,477,691,147,590,66,94,183,603,8,567,471,749,258,720,324,64,628,359,476,31,585,519,557,353,323,224,683,723,724,163,501,207,342,619,516,141,551,449,652,325,111,69,171,12,218,187,705,568,573,502,612,290,233,525,457,351,112,279,176,106,631,57,317,327,642,532,245,282,731,26,391,458,670,140,480,446,130,622,736,685,200,362,37,431,335,718,591,95,104,54,600,463,664,138,571,487,621,404,604,747,205,418,285,379,228,461,113,537,548,580,506,552,213,543,369,614,357,173,341,267,748,47,118,167,83,414,347,462,528,432,710,415,711,482,28,666,307,175,343,116,701,82,679,88,739,193,726,498,136,429,208,589,14,60,160,738,696,249,331,148,730,684,105,214,746,131,43,223,169,165,53,408,92,368,443,451,715,119,44,3,587,626,340,152,159,305,254,486,638,377,542,733,255,355,356,661,190,438,174,134,271,384,199,61,402,489,694,115,386,474,592,247,514,50,196,668,124,260,698,697,137,293,700,672,352,337,437,297,479,194,252,649,314,339,46,494,550,226,122,709,522,261,564,225,309,232,11,358,647,99,256,86,512,264,117,405,396,306,389,278,459,634,298,222,153,375,530,617,266,536,390,598,574,478,215,81,16,381,346,669,392,367,421,30,503,500,93,745,276,248,103,641,665,299,27,385,259,677,17,100,643,688,211,420,554,84,251,296,274,374,639,490,395,376,383,20,195,121,529,566,52,544,436,651,584,510,717,209,253,107,19,182,70,344,191,313,315,588,188,348,483,615,22,265,560,7,4,531,185,523,287,168,637,318,56,139,38,689,120,583,692,76,577,491,33,308,413,363,708,485,650,91,541,18,326,90,110,179,40,328,654,569,680,558,606,595,333,533,693,96,521,725,239,74,283,481,135,513,13,155,430,511,201,538,539,706,526,216,192,126,423,412,419,270,34,682,495,21,559,645,656,465,540,235,422,468,518,212,250,578,77,15,310,618,123,36,492,740,635,611,676,435,128,388,63,744,281,41,549,509,364,316,627,162,719,609,613,58,9,197,150,166,62,180,570,334,42,707,504,671,517,660,607,602,445,743,244,178,499,312,206,433,78,416,460,728,217,464,322,230,373,161,427,534,455,372,49,219,361,67,417,320,6,241,424,158,229,452,742,5,72,704,234,242,85,466,712,453,80,354,272,467,378,240,365,291,394,98,527,109,221,450,729,338,640,1,198,284,714,401,497,675,143,398,65,237,295,257,288,311,289,177,444,71,686,632,51,0,231,227,735,142,440,687,286,556,441,737,555,625,636,154,236,210,79,553,332,469,243,563,699,605,695,630,648,562,246,68,411,301,599,484,406,48,496,520,581,644,380,426,133,300,59,277,565,439,146,608,488,561,114,304,202,674,741,454,473,722,151,505,329,87,616,262,702,721,32,2,470,184,596,164,302,658,434,545,371,397,662,409,597,448,576,145,330,678,350,586,125,24,101,601,181,275,75,508,204,403,303,25,89,653,579,399,659,623,546,238,582,144,407,269,127,393,382,475,663,55,108,132,400,507,620,370,594,593,149,172,170,493,45,535,102,610,657,732,
412,189.62863421440125,161044.55297698666,157733.9923604442,220,319,203,442,681,575,624,39,23,713,425,646,690,655,268,673,428,280,515,129,73,410,263,447,157,35,189,667,716,633,97,727,360,472,387,186,734,336,29,294,456,321,292,345,524,10,349,547,156,273,366,703,629,572,477,691,147,590,66,94,183,603,8,567,471,749,258,720,324,64,628,359,476,31,585,519,557,353,323,224,683,723,724,163,501,207,342,619,516,141,551,449,652,325,111,69,171,12,218,187,705,568,573,502,612,290,233,525,457,351,112,279,176,106,631,57,317,327,642,532,245,282,731,26,391,458,670,140,480,446,130,622,736,685,200,362,37,431,335,718,591,95,104,54,600,463,664,138,571,487,621,404,604,747,205,418,285,379,228,461,113,537,548,580,506,552,213,543,369,614,357,173,341,267,748,47,118,167,83,414,347,462,528,432,710,415,711,482,28,666,307,175,343,116,701,82,679,88,739,193,726,498,136,429,208,589,14,60,160,738,696,249,331,148,730,684,105,214,746,131,43,223,169,165,53,408,92,368,443,451,715,119,44,3,587,626,340,152,159,305,254,486,638,377,542,733,255,355,356,661,190,438,174,134,271,384,199,61,402,489,694,115,386,474,592,247,514,50,196,668,124,260,698,697,137,293,700,672,352,337,437,297,479,194,252,649,314,339,46,494,550,226,122,709,522,261,564,225,309,232,11,358,647,99,256,86,512,264,117,405,396,306,389,278,459,634,298,222,153,375,530,617,266,536,390,598,574,478,215,81,16,381,346,669,392,367,421,30,503,500,93,745,276,248,103,641,665,299,27,385,259,677,17,100,643,688,211,420,554,84,251,296,274,374,639,490,395,376,383,20,195,121,529,566,52,544,436,651,584,510,717,209,253,107,19,182,70,344,191,313,315,588,188,348,483,615,22,265,560,7,4,531,185,523,287,168,637,318,56,139,38,689,120,583,692,76,577,491,33,308,413,363,708,485,650,91,541,18,326,90,110,179,40,328,654,569,680,558,606,595,333,533,693,96,521,725,239,74,283,481,135,513,13,155,430,511,201,538,539,706,526,216,192,126,423,412,419,270,34,682,495,21,559,645,656,465,540,235,422,468,518,212,250,578,77,15,310,618,123,36,492,740,635,611,676,435,128,388,63,744,281,41,549,509,364,316,627,162,719,609,613,58,9,197,150,166,62,180,570,334,42,707,504,671,517,660,607,602,445,743,244,178,499,312,206,433,78,416,460,728,217,464,322,230,373,161,427,534,455,372,49,219,361,67,417,320,6,241,424,158,229,452,742,5,72,704,234,242,85,466,712,453,80,354,272,467,378,240,365,291,394,98,527,109,221,450,729,338,640,1,198,284,714,401,497,675,143,398,65,237,295,257,288,311,289,177,444,71,686,632,51,0,231,227,735,142,440,687,286,556,441,737,555,625,636,154,236,210,79,553,332,469,243,563,699,605,695,630,648,562,246,68,411,301,599,484,406,48,496,520,581,644,380,426,133,300,59,277,565,439,146,608,488,561,114,304,202,674,741,454,473,722,151,505,329,87,616,262,702,721,32,2,470,184,596,164,302,658,434,545,371,397,662,409,597,448,576,145,330,678,350,586,125,24,101,601,181,275,75,508,204,403,303,25,89,653,579,399,659,623,546,238,582,144,407,269,127,393,382,475,663,55,108,132,400,507,620,370,594,593,149,172,170,493,45,535,102,610,657,732,
413,190.01847887039185,160880.6697142904,157733.9923604442,220,319,203,442,681,575,624,39,23,713,425,646,690,655,268,673,428,280,515,129,73,410,263,447,157,35,189,667,716,633,97,727,360,472,387,186,734,336,29,294,456,321,292,345,524,10,349,547,156,273,366,703,629,572,477,691,147,590,66,94,183,603,8,567,471,749,258,720,324,64,628,359,476,31,585,519,557,353,323,224,683,723,724,163,501,207,342,619,516,141,551,449,652,325,111,69,171,12,218,187,705,568,573,502,612,290,233,525,457,351,112,279,176,106,631,57,317,327,642,532,245,282,731,26,391,458,670,140,480,446,130,622,736,685,200,362,37,431,335,718,591,95,104,54,600,463,664,138,571,487,621,404,604,747,205,418,285,379,228,461,113,537,548,580,506,552,213,543,369,614,357,173,341,267,748,47,118,167,83,414,347,462,528,432,710,415,711,482,28,666,307,175,343,116,701,82,679,88,739,193,726,498,136,429,208,589,14,60,160,738,696,249,331,148,730,684,105,214,746,131,43,223,169,165,53,408,92,368,443,451,715,119,44,3,587,626,340,152,159,305,254,486,638,377,542,733,255,355,356,661,190,438,174,134,271,384,199,61,402,489,694,115,386,474,592,247,514,50,196,668,124,260,698,697,137,293,700,672,352,337,437,297,479,194,252,649,314,339,46,494,550,226,122,709,522,261,564,225,309,232,11,358,647,99,256,86,512,264,117,405,396,306,389,278,459,634,298,222,153,375,530,617,266,536,390,598,574,478,215,81,16,381,346,669,392,367,421,30,503,500,93,745,276,248,103,641,665,299,27,385,259,677,17,100,643,688,211,420,554,84,251,296,274,374,639,490,395,376,383,20,195,121,529,566,52,544,436,651,584,510,717,209,253,107,19,182,70,344,191,313,315,588,188,348,483,615,22,265,560,7,4,531,185,523,287,168,637,318,56,139,38,689,120,583,692,76,577,491,33,308,413,363,708,485,650,91,541,18,326,90,110,179,40,328,654,569,680,558,606,595,333,533,693,96,521,725,239,74,283,481,135,513,13,155,430,511,201,538,539,706,526,216,192,126,423,412,419,270,34,682,495,21,559,645,656,465,540,235,422,468,518,212,250,578,77,15,310,618,123,36,492,740,635,611,676,435,128,388,63,744,281,41,549,509,364,316,627,162,719,609,613,58,9,197,150,166,62,180,570,334,42,707,504,671,517,660,607,602,445,743,244,178,499,312,206,433,78,416,460,728,217,464,322,230,373,161,427,534,455,372,49,219,361,67,417,320,6,241,424,158,229,452,742,5,72,704,234,242,85,466,712,453,80,354,272,467,378,240,365,291,394,98,527,109,221,450,729,338,640,1,198,284,714,401,497,675,143,398,65,237,295,257,288,311,289,177,444,71,686,632,51,0,231,227,735,142,440,687,286,556,441,737,555,625,636,154,236,210,79,553,332,469,243,563,699,605,695,630,648,562,246,68,411,301,599,484,406,48,496,520,581,644,380,426,133,300,59,277,565,439,146,608,488,561,114,304,202,674,741,454,473,722,151,505,329,87,616,262,702,721,32,2,470,184,596,164,302,658,434,545,371,397,662,409,597,448,576,145,330,678,350,586,125,24,101,601,181,275,75,508,204,403,303,25,89,653,579,399,659,623,546,238,582,144,407,269,127,393,382,475,663,55,108,132,400,507,620,370,594,593,149,172,170,493,45,535,102,610,657,732,
414,190.4745843410492,161166.77375492785,157733.66422088572,176,106,631,57,317,327,642,532,245,282,731,26,391,458,670,140,480,446,130,622,736,685,200,362,37,431,335,718,591,95,104,54,600,463,664,138,571,487,621,404,604,747,205,418,285,379,228,461,113,537,548,580,506,552,213,543,369,614,357,173,341,267,748,47,118,167,83,414,347,462,528,432,710,415,711,482,28,666,307,175,343,116,701,82,679,88,739,193,726,498,136,429,208,589,14,60,160,738,696,249,331,148,730,684,105,214,746,131,43,223,169,165,53,408,92,368,443,451,715,119,44,3,587,626,340,152,159,305,254,486,638,377,542,733,255,355,356,661,190,438,174,134,271,384,199,61,402,489,694,115,386,474,592,247,514,50,196,668,124,260,698,697,137,293,700,672,352,337,437,297,479,194,252,649,314,339,46,494,550,226,122,709,522,261,564,225,309,232,11,358,647,99,256,86,512,264,117,405,396,306,389,278,459,634,298,222,153,375,530,617,266,536,390,598,574,478,215,81,16,381,346,669,392,367,421,30,503,500,93,745,276,248,103,641,665,299,27,385,259,677,17,100,643,688,211,420,554,84,251,296,274,374,639,490,395,376,383,20,195,121,529,566,52,544,436,651,584,510,717,209,253,107,19,182,70,344,191,313,315,588,188,348,483,615,22,265,560,7,4,531,185,523,287,168,637,318,56,139,38,689,120,583,692,76,577,491,33,308,413,363,708,485,650,91,541,18,326,90,110,179,40,328,654,569,680,558,606,595,333,533,693,96,521,725,239,74,283,481,135,513,13,155,430,511,201,538,539,706,526,216,192,126,423,412,419,270,34,682,495,21,559,645,656,465,540,235,422,468,518,212,250,578,77,15,310,618,123,36,492,740,635,611,676,435,128,388,63,744,281,41,549,509,364,316,627,162,719,609,613,58,9,197,150,166,62,180,570,334,42,707,504,671,517,660,607,602,445,743,244,178,499,312,206,433,78,416,460,728,217,464,322,230,373,161,427,534,455,372,49,219,361,67,417,320,6,241,424,158,229,452,742,5,72,704,23,713,425,646,690,655,268,673,428,280,515,129,73,410,263,447,157,35,189,667,109,221,450,729,338,640,1,198,284,714,401,497,675,143,398,65,237,295,257,288,311,289,177,444,71,686,632,51,0,231,227,735,142,440,687,286,556,441,737,555,625,636,154,236,210,79,553,332,469,243,563,699,605,695,630,648,562,246,68,411,301,599,484,406,48,496,520,581,644,380,426,133,300,59,277,565,439,146,608,488,561,114,304,202,674,741,454,473,722,151,181,275,75,508,204,403,303,25,89,653,579,616,87,399,32,721,702,262,659,623,2,470,184,596,164,302,658,434,545,371,397,662,409,597,448,576,145,330,678,350,586,125,24,101,601,329,505,546,238,582,144,407,269,127,393,382,475,663,55,108,132,400,507,620,370,594,593,149,172,170,493,45,535,102,610,657,732,220,319,203,442,681,575,624,39,234,242,85,466,712,453,80,354,272,467,378,240,365,291,394,98,527,716,633,97,727,360,472,387,186,734,336,29,294,456,321,292,345,524,10,349,547,156,273,366,703,629,572,477,691,147,590,66,94,183,603,8,567,471,749,258,720,324,64,628,359,476,31,585,519,557,353,323,224,683,723,724,163,501,207,342,619,516,141,551,449,652,325,111,69,171,12,218,187,705,568,573,502,612,290,233,525,457,351,112,279,
415,190.93671083450317,160922.66156029486,157586.29992446295,220,319,203,442,681,575,624,39,23,713,425,646,690,655,268,673,428,280,515,129,73,410,263,447,157,35,189,667,716,633,97,727,360,472,387,186,734,336,29,294,456,321,292,345,524,10,349,547,156,273,366,703,629,572,477,691,147,590,66,94,183,603,8,567,471,749,258,720,324,64,628,359,476,31,585,519,557,353,323,224,683,723,724,163,501,207,342,619,516,141,551,449,652,325,111,69,171,12,218,187,705,568,573,502,612,290,233,525,457,351,112,279,176,106,631,57,317,327,642,532,245,282,731,26,391,458,670,140,480,446,130,622,736,685,200,362,37,431,335,718,591,95,104,54,600,463,664,138,571,487,621,404,604,747,205,418,285,379,228,461,113,537,548,580,506,552,213,543,369,614,357,173,341,267,748,47,118,167,83,414,347,462,528,432,710,415,711,482,28,666,307,175,343,116,701,82,679,88,739,193,726,498,136,429,208,589,14,60,160,738,696,249,331,148,730,684,105,214,746,131,43,223,169,165,53,408,92,368,443,451,715,119,44,3,587,626,340,152,159,305,254,486,638,377,542,733,255,355,356,661,190,438,174,134,271,384,199,61,402,489,694,115,386,474,592,247,514,50,196,668,124,260,698,697,137,293,700,672,352,337,437,297,479,194,252,649,314,339,46,494,550,226,122,709,522,261,564,225,309,232,11,358,647,99,256,86,512,264,117,405,396,306,389,278,459,634,298,222,153,375,530,617,266,536,390,598,574,478,215,81,16,381,346,669,392,367,421,30,503,500,93,745,276,248,103,641,665,299,27,385,259,677,17,100,643,688,211,420,554,84,251,296,274,374,639,490,395,376,383,20,195,121,529,566,52,544,436,651,584,510,717,209,253,107,19,182,70,344,191,313,315,588,188,348,483,615,22,265,560,7,4,531,185,523,287,168,637,318,56,139,38,689,120,583,692,76,577,491,33,308,413,363,708,485,650,91,541,18,326,90,110,179,40,328,654,569,680,558,606,595,333,533,693,96,521,725,239,74,283,481,135,513,13,155,430,511,201,538,539,706,526,216,192,126,423,412,419,270,34,682,495,21,559,645,656,465,540,235,422,468,518,212,250,578,77,15,310,618,123,36,492,740,635,611,676,435,128,388,63,744,281,41,549,509,364,316,627,162,719,609,613,58,9,197,150,166,62,180,570,334,42,707,504,671,517,660,607,602,445,743,244,178,499,312,206,433,78,416,460,728,217,464,322,230,373,161,427,534,455,372,49,219,361,67,417,320,6,241,424,158,229,452,742,5,72,704,234,242,85,466,712,453,80,354,272,467,378,240,365,291,394,98,527,109,221,450,729,338,640,1,198,284,714,401,497,675,143,398,65,237,295,257,288,311,289,177,444,71,686,632,51,0,231,227,735,142,440,687,286,556,441,737,555,625,636,154,236,210,79,553,332,469,243,563,699,605,695,630,648,562,246,68,411,301,599,484,406,48,496,520,581,644,380,426,133,300,59,277,565,439,146,608,488,561,114,304,202,674,741,454,473,722,151,181,275,75,508,204,403,303,25,89,653,579,616,87,399,32,721,702,262,659,623,2,470,184,596,164,302,658,434,545,371,397,662,409,597,448,576,145,330,678,350,586,125,24,101,601,329,505,546,238,582,144,407,269,127,393,382,475,663,55,108,132,400,507,620,370,594,593,149,172,170,493,45,535,102,610,657,732,
416,191.381085395813,160913.91777763315,157586.29992446295,220,319,203,442,681,575,624,39,23,713,425,646,690,655,268,673,428,280,515,129,73,410,263,447,157,35,189,667,716,633,97,727,360,472,387,186,734,336,29,294,456,321,292,345,524,10,349,547,156,273,366,703,629,572,477,691,147,590,66,94,183,603,8,567,471,749,258,720,324,64,628,359,476,31,585,519,557,353,323,224,683,723,724,163,501,207,342,619,516,141,551,449,652,325,111,69,171,12,218,187,705,568,573,502,612,290,233,525,457,351,112,279,176,106,631,57,317,327,642,532,245,282,731,26,391,458,670,140,480,446,130,622,736,685,200,362,37,431,335,718,591,95,104,54,600,463,664,138,571,487,621,404,604,747,205,418,285,379,228,461,113,537,548,580,506,552,213,543,369,614,357,173,341,267,748,47,118,167,83,414,347,462,528,432,710,415,711,482,28,666,307,175,343,116,701,82,679,88,739,193,726,498,136,429,208,589,14,60,160,738,696,249,331,148,730,684,105,214,746,131,43,223,169,165,53,408,92,368,443,451,715,119,44,3,587,626,340,152,159,305,254,486,638,377,542,733,255,355,356,661,190,438,174,134,271,384,199,61,402,489,694,115,386,474,592,247,514,50,196,668,124,260,698,697,137,293,700,672,352,337,437,297,479,194,252,649,314,339,46,494,550,226,122,709,522,261,564,225,309,232,11,358,647,99,256,86,512,264,117,405,396,306,389,278,459,634,298,222,153,375,530,617,266,536,390,598,574,478,215,81,16,381,346,669,392,367,421,30,503,500,93,745,276,248,103,641,665,299,27,385,259,677,17,100,643,688,211,420,554,84,251,296,274,374,639,490,395,376,383,20,195,121,529,566,52,544,436,651,584,510,717,209,253,107,19,182,70,344,191,313,315,588,188,348,483,615,22,265,560,7,4,531,185,523,287,168,637,318,56,139,38,689,120,583,692,76,577,491,33,308,413,363,708,485,650,91,541,18,326,90,110,179,40,328,654,569,680,558,606,595,333,533,693,96,521,725,239,74,283,481,135,513,13,155,430,511,201,538,539,706,526,216,192,126,423,412,419,270,34,682,495,21,559,645,656,465,540,235,422,468,518,212,250,578,77,15,310,618,123,36,492,740,635,611,676,435,128,388,63,744,281,41,549,509,364,316,627,162,719,609,613,58,9,197,150,166,62,180,570,334,42,707,504,671,517,660,607,602,445,743,244,178,499,312,206,433,78,416,460,728,217,464,322,230,373,161,427,534,455,372,49,219,361,67,417,320,6,241,424,158,229,452,742,5,72,704,234,242,85,466,712,453,80,354,272,467,378,240,365,291,394,98,527,109,221,450,729,338,640,1,198,284,714,401,497,675,143,398,65,237,295,257,288,311,289,177,444,71,686,632,51,0,231,227,735,142,440,687,286,556,441,737,555,625,636,154,236,210,79,553,332,469,243,563,699,605,695,630,648,562,246,68,411,301,599,484,406,48,496,520,581,644,380,426,133,300,59,277,565,439,146,608,488,561,114,304,202,674,741,454,473,722,151,181,275,75,508,204,403,303,25,89,653,579,616,87,399,32,721,702,262,659,623,2,470,184,596,164,302,658,434,545,371,397,662,409,597,448,576,145,330,678,350,586,125,24,101,601,329,505,546,238,582,144,407,269,127,393,382,475,663,55,108,132,400,507,620,370,594,593,149,172,170,493,45,535,102,610,657,732,
417,191.80337500572205,160984.1790707431,157586.29992446295,220,319,203,442,681,575,624,39,23,713,425,646,690,655,268,673,428,280,515,129,73,410,263,447,157,35,189,667,716,633,97,727,360,472,387,186,734,336,29,294,456,321,292,345,524,10,349,547,156,273,366,703,629,572,477,691,147,590,66,94,183,603,8,567,471,749,258,720,324,64,628,359,476,31,585,519,557,353,323,224,683,723,724,163,501,207,342,619,516,141,551,449,652,325,111,69,171,12,218,187,705,568,573,502,612,290,233,525,457,351,112,279,176,106,631,57,317,327,642,532,245,282,731,26,391,458,670,140,480,446,130,622,736,685,200,362,37,431,335,718,591,95,104,54,600,463,664,138,571,487,621,404,604,747,205,418,285,379,228,461,113,537,548,580,506,552,213,543,369,614,357,173,341,267,748,47,118,167,83,414,347,462,528,432,710,415,711,482,28,666,307,175,343,116,701,82,679,88,739,193,726,498,136,429,208,589,14,60,160,738,696,249,331,148,730,684,105,214,746,131,43,223,169,165,53,408,92,368,443,451,715,119,44,3,587,626,340,152,159,305,254,486,638,377,542,733,255,355,356,661,190,438,174,134,271,384,199,61,402,489,694,115,386,474,592,247,514,50,196,668,124,260,698,697,137,293,700,672,352,337,437,297,479,194,252,649,314,339,46,494,550,226,122,709,522,261,564,225,309,232,11,358,647,99,256,86,512,264,117,405,396,306,389,278,459,634,298,222,153,375,530,617,266,536,390,598,574,478,215,81,16,381,346,669,392,367,421,30,503,500,93,745,276,248,103,641,665,299,27,385,259,677,17,100,643,688,211,420,554,84,251,296,274,374,639,490,395,376,383,20,195,121,529,566,52,544,436,651,584,510,717,209,253,107,19,182,70,344,191,313,315,588,188,348,483,615,22,265,560,7,4,531,185,523,287,168,637,318,56,139,38,689,120,583,692,76,577,491,33,308,413,363,708,485,650,91,541,18,326,90,110,179,40,328,654,569,680,558,606,595,333,533,693,96,521,725,239,74,283,481,135,513,13,155,430,511,201,538,539,706,526,216,192,126,423,412,419,270,34,682,495,21,559,645,656,465,540,235,422,468,518,212,250,578,77,15,310,618,123,36,492,740,635,611,676,435,128,388,63,744,281,41,549,509,364,316,627,162,719,609,613,58,9,197,150,166,62,180,570,334,42,707,504,671,517,660,607,602,445,743,244,178,499,312,206,433,78,416,460,728,217,464,322,230,373,161,427,534,455,372,49,219,361,67,417,320,6,241,424,158,229,452,742,5,72,704,234,242,85,466,712,453,80,354,272,467,378,240,365,291,394,98,527,109,221,450,729,338,640,1,198,284,714,401,497,675,143,398,65,237,295,257,288,311,289,177,444,71,686,632,51,0,231,227,735,142,440,687,286,556,441,737,555,625,636,154,236,210,79,553,332,469,243,563,699,605,695,630,648,562,246,68,411,301,599,484,406,48,496,520,581,644,380,426,133,300,59,277,565,439,146,608,488,561,114,304,202,674,741,454,473,722,151,181,275,75,508,204,403,303,25,89,653,579,616,87,399,32,721,702,262,659,623,2,470,184,596,164,302,658,434,545,371,397,662,409,597,448,576,145,330,678,350,586,125,24,101,601,329,505,546,238,582,144,407,269,127,393,382,475,663,55,108,132,400,507,620,370,594,593,149,172,170,493,45,535,102,610,657,732,
418,192.29978585243225,160917.03305484573,157586.29992446295,220,319,203,442,681,575,624,39,23,713,425,646,690,655,268,673,428,280,515,129,73,410,263,447,157,35,189,667,716,633,97,727,360,472,387,186,734,336,29,294,456,321,292,345,524,10,349,547,156,273,366,703,629,572,477,691,147,590,66,94,183,603,8,567,471,749,258,720,324,64,628,359,476,31,585,519,557,353,323,224,683,723,724,163,501,207,342,619,516,141,551,449,652,325,111,69,171,12,218,187,705,568,573,502,612,290,233,525,457,351,112,279,176,106,631,57,317,327,642,532,245,282,731,26,391,458,670,140,480,446,130,622,736,685,200,362,37,431,335,718,591,95,104,54,600,463,664,138,571,487,621,404,604,747,205,418,285,379,228,461,113,537,548,580,506,552,213,543,369,614,357,173,341,267,748,47,118,167,83,414,347,462,528,432,710,415,711,482,28,666,307,175,343,116,701,82,679,88,739,193,726,498,136,429,208,589,14,60,160,738,696,249,331,148,730,684,105,214,746,131,43,223,169,165,53,408,92,368,443,451,715,119,44,3,587,626,340,152,159,305,254,486,638,377,542,733,255,355,356,661,190,438,174,134,271,384,199,61,402,489,694,115,386,474,592,247,514,50,196,668,124,260,698,697,137,293,700,672,352,337,437,297,479,194,252,649,314,339,46,494,550,226,122,709,522,261,564,225,309,232,11,358,647,99,256,86,512,264,117,405,396,306,389,278,459,634,298,222,153,375,530,617,266,536,390,598,574,478,215,81,16,381,346,669,392,367,421,30,503,500,93,745,276,248,103,641,665,299,27,385,259,677,17,100,643,688,211,420,554,84,251,296,274,374,639,490,395,376,383,20,195,121,529,566,52,544,436,651,584,510,717,209,253,107,19,182,70,344,191,313,315,588,188,348,483,615,22,265,560,7,4,531,185,523,287,168,637,318,56,139,38,689,120,583,692,76,577,491,33,308,413,363,708,485,650,91,541,18,326,90,110,179,40,328,654,569,680,558,606,595,333,533,693,96,521,725,239,74,283,481,135,513,13,155,430,511,201,538,539,706,526,216,192,126,423,412,419,270,34,682,495,21,559,645,656,465,540,235,422,468,518,212,250,578,77,15,310,618,123,36,492,740,635,611,676,435,128,388,63,744,281,41,549,509,364,316,627,162,719,609,613,58,9,197,150,166,62,180,570,334,42,707,504,671,517,660,607,602,445,743,244,178,499,312,206,433,78,416,460,728,217,464,322,230,373,161,427,534,455,372,49,219,361,67,417,320,6,241,424,158,229,452,742,5,72,704,234,242,85,466,712,453,80,354,272,467,378,240,365,291,394,98,527,109,221,450,729,338,640,1,198,284,714,401,497,675,143,398,65,237,295,257,288,311,289,177,444,71,686,632,51,0,231,227,735,142,440,687,286,556,441,737,555,625,636,154,236,210,79,553,332,469,243,563,699,605,695,630,648,562,246,68,411,301,599,484,406,48,496,520,581,644,380,426,133,300,59,277,565,439,146,608,488,561,114,304,202,674,741,454,473,722,151,181,275,75,508,204,403,303,25,89,653,579,616,87,399,32,721,702,262,659,623,2,470,184,596,164,302,658,434,545,371,397,662,409,597,448,576,145,330,678,350,586,125,24,101,601,329,505,546,238,582,144,407,269,127,393,382,475,663,55,108,132,400,507,620,370,594,593,149,172,170,493,45,535,102,610,657,732,
419,192.7406461238861,160670.51660403272,157586.29992446295,220,319,203,442,681,575,624,39,23,713,425,646,690,655,268,673,428,280,515,129,73,410,263,447,157,35,189,667,716,633,97,727,360,472,387,186,734,336,29,294,456,321,292,345,524,10,349,547,156,273,366,703,629,572,477,691,147,590,66,94,183,603,8,567,471,749,258,720,324,64,628,359,476,31,585,519,557,353,323,224,683,723,724,163,501,207,342,619,516,141,551,449,652,325,111,69,171,12,218,187,705,568,573,502,612,290,233,525,457,351,112,279,176,106,631,57,317,327,642,532,245,282,731,26,391,458,670,140,480,446,130,622,736,685,200,362,37,431,335,718,591,95,104,54,600,463,664,138,571,487,621,404,604,747,205,418,285,379,228,461,113,537,548,580,506,552,213,543,369,614,357,173,341,267,748,47,118,167,83,414,347,462,528,432,710,415,711,482,28,666,307,175,343,116,701,82,679,88,739,193,726,498,136,429,208,589,14,60,160,738,696,249,331,148,730,684,105,214,746,131,43,223,169,165,53,408,92,368,443,451,715,119,44,3,587,626,340,152,159,305,254,486,638,377,542,733,255,355,356,661,190,438,174,134,271,384,199,61,402,489,694,115,386,474,592,247,514,50,196,668,124,260,698,697,137,293,700,672,352,337,437,297,479,194,252,649,314,339,46,494,550,226,122,709,522,261,564,225,309,232,11,358,647,99,256,86,512,264,117,405,396,306,389,278,459,634,298,222,153,375,530,617,266,536,390,598,574,478,215,81,16,381,346,669,392,367,421,30,503,500,93,745,276,248,103,641,665,299,27,385,259,677,17,100,643,688,211,420,554,84,251,296,274,374,639,490,395,376,383,20,195,121,529,566,52,544,436,651,584,510,717,209,253,107,19,182,70,344,191,313,315,588,188,348,483,615,22,265,560,7,4,531,185,523,287,168,637,318,56,139,38,689,120,583,692,76,577,491,33,308,413,363,708,485,650,91,541,18,326,90,110,179,40,328,654,569,680,558,606,595,333,533,693,96,521,725,239,74,283,481,135,513,13,155,430,511,201,538,539,706,526,216,192,126,423,412,419,270,34,682,495,21,559,645,656,465,540,235,422,468,518,212,250,578,77,15,310,618,123,36,492,740,635,611,676,435,128,388,63,744,281,41,549,509,364,316,627,162,719,609,613,58,9,197,150,166,62,180,570,334,42,707,504,671,517,660,607,602,445,743,244,178,499,312,206,433,78,416,460,728,217,464,322,230,373,161,427,534,455,372,49,219,361,67,417,320,6,241,424,158,229,452,742,5,72,704,234,242,85,466,712,453,80,354,272,467,378,240,365,291,394,98,527,109,221,450,729,338,640,1,198,284,714,401,497,675,143,398,65,237,295,257,288,311,289,177,444,71,686,632,51,0,231,227,735,142,440,687,286,556,441,737,555,625,636,154,236,210,79,553,332,469,243,563,699,605,695,630,648,562,246,68,411,301,599,484,406,48,496,520,581,644,380,426,133,300,59,277,565,439,146,608,488,561,114,304,202,674,741,454,473,722,151,181,275,75,508,204,403,303,25,89,653,579,616,87,399,32,721,702,262,659,623,2,470,184,596,164,302,658,434,545,371,397,662,409,597,448,576,145,330,678,350,586,125,24,101,601,329,505,546,238,582,144,407,269,127,393,382,475,663,55,108,132,400,507,620,370,594,593,149,172,170,493,45,535,102,610,657,732,
420,193.15930104255676,161066.71856504146,157586.29992446295,220,319,203,442,681,575,624,39,23,713,425,646,690,655,268,673,428,280,515,129,73,410,263,447,157,35,189,667,716,633,97,727,360,472,387,186,734,336,29,294,456,321,292,345,524,10,349,547,156,273,366,703,629,572,477,691,147,590,66,94,183,603,8,567,471,749,258,720,324,64,628,359,476,31,585,519,557,353,323,224,683,723,724,163,501,207,342,619,516,141,551,449,652,325,111,69,171,12,218,187,705,568,573,502,612,290,233,525,457,351,112,279,176,106,631,57,317,327,642,532,245,282,731,26,391,458,670,140,480,446,130,622,736,685,200,362,37,431,335,718,591,95,104,54,600,463,664,138,571,487,621,404,604,747,205,418,285,379,228,461,113,537,548,580,506,552,213,543,369,614,357,173,341,267,748,47,118,167,83,414,347,462,528,432,710,415,711,482,28,666,307,175,343,116,701,82,679,88,739,193,726,498,136,429,208,589,14,60,160,738,696,249,331,148,730,684,105,214,746,131,43,223,169,165,53,408,92,368,443,451,715,119,44,3,587,626,340,152,159,305,254,486,638,377,542,733,255,355,356,661,190,438,174,134,271,384,199,61,402,489,694,115,386,474,592,247,514,50,196,668,124,260,698,697,137,293,700,672,352,337,437,297,479,194,252,649,314,339,46,494,550,226,122,709,522,261,564,225,309,232,11,358,647,99,256,86,512,264,117,405,396,306,389,278,459,634,298,222,153,375,530,617,266,536,390,598,574,478,215,81,16,381,346,669,392,367,421,30,503,500,93,745,276,248,103,641,665,299,27,385,259,677,17,100,643,688,211,420,554,84,251,296,274,374,639,490,395,376,383,20,195,121,529,566,52,544,436,651,584,510,717,209,253,107,19,182,70,344,191,313,315,588,188,348,483,615,22,265,560,7,4,531,185,523,287,168,637,318,56,139,38,689,120,583,692,76,577,491,33,308,413,363,708,485,650,91,541,18,326,90,110,179,40,328,654,569,680,558,606,595,333,533,693,96,521,725,239,74,283,481,135,513,13,155,430,511,201,538,539,706,526,216,192,126,423,412,419,270,34,682,495,21,559,645,656,465,540,235,422,468,518,212,250,578,77,15,310,618,123,36,492,740,635,611,676,435,128,388,63,744,281,41,549,509,364,316,627,162,719,609,613,58,9,197,150,166,62,180,570,334,42,707,504,671,517,660,607,602,445,743,244,178,499,312,206,433,78,416,460,728,217,464,322,230,373,161,427,534,455,372,49,219,361,67,417,320,6,241,424,158,229,452,742,5,72,704,234,242,85,466,712,453,80,354,272,467,378,240,365,291,394,98,527,109,221,450,729,338,640,1,198,284,714,401,497,675,143,398,65,237,295,257,288,311,289,177,444,71,686,632,51,0,231,227,735,142,440,687,286,556,441,737,555,625,636,154,236,210,79,553,332,469,243,563,699,605,695,630,648,562,246,68,411,301,599,484,406,48,496,520,581,644,380,426,133,300,59,277,565,439,146,608,488,561,114,304,202,674,741,454,473,722,151,181,275,75,508,204,403,303,25,89,653,579,616,87,399,32,721,702,262,659,623,2,470,184,596,164,302,658,434,545,371,397,662,409,597,448,576,145,330,678,350,586,125,24,101,601,329,505,546,238,582,144,407,269,127,393,382,475,663,55,108,132,400,507,620,370,594,593,149,172,170,493,45,535,102,610,657,732,
421,193.7061743736267,161994.7909119844,157586.29992446295,220,319,203,442,681,575,624,39,23,713,425,646,690,655,268,673,428,280,515,129,73,410,263,447,157,35,189,667,716,633,97,727,360,472,387,186,734,336,29,294,456,321,292,345,524,10,349,547,156,273,366,703,629,572,477,691,147,590,66,94,183,603,8,567,471,749,258,720,324,64,628,359,476,31,585,519,557,353,323,224,683,723,724,163,501,207,342,619,516,141,551,449,652,325,111,69,171,12,218,187,705,568,573,502,612,290,233,525,457,351,112,279,176,106,631,57,317,327,642,532,245,282,731,26,391,458,670,140,480,446,130,622,736,685,200,362,37,431,335,718,591,95,104,54,600,463,664,138,571,487,621,404,604,747,205,418,285,379,228,461,113,537,548,580,506,552,213,543,369,614,357,173,341,267,748,47,118,167,83,414,347,462,528,432,710,415,711,482,28,666,307,175,343,116,701,82,679,88,739,193,726,498,136,429,208,589,14,60,160,738,696,249,331,148,730,684,105,214,746,131,43,223,169,165,53,408,92,368,443,451,715,119,44,3,587,626,340,152,159,305,254,486,638,377,542,733,255,355,356,661,190,438,174,134,271,384,199,61,402,489,694,115,386,474,592,247,514,50,196,668,124,260,698,697,137,293,700,672,352,337,437,297,479,194,252,649,314,339,46,494,550,226,122,709,522,261,564,225,309,232,11,358,647,99,256,86,512,264,117,405,396,306,389,278,459,634,298,222,153,375,530,617,266,536,390,598,574,478,215,81,16,381,346,669,392,367,421,30,503,500,93,745,276,248,103,641,665,299,27,385,259,677,17,100,643,688,211,420,554,84,251,296,274,374,639,490,395,376,383,20,195,121,529,566,52,544,436,651,584,510,717,209,253,107,19,182,70,344,191,313,315,588,188,348,483,615,22,265,560,7,4,531,185,523,287,168,637,318,56,139,38,689,120,583,692,76,577,491,33,308,413,363,708,485,650,91,541,18,326,90,110,179,40,328,654,569,680,558,606,595,333,533,693,96,521,725,239,74,283,481,135,513,13,155,430,511,201,538,539,706,526,216,192,126,423,412,419,270,34,682,495,21,559,645,656,465,540,235,422,468,518,212,250,578,77,15,310,618,123,36,492,740,635,611,676,435,128,388,63,744,281,41,549,509,364,316,627,162,719,609,613,58,9,197,150,166,62,180,570,334,42,707,504,671,517,660,607,602,445,743,244,178,499,312,206,433,78,416,460,728,217,464,322,230,373,161,427,534,455,372,49,219,361,67,417,320,6,241,424,158,229,452,742,5,72,704,234,242,85,466,712,453,80,354,272,467,378,240,365,291,394,98,527,109,221,450,729,338,640,1,198,284,714,401,497,675,143,398,65,237,295,257,288,311,289,177,444,71,686,632,51,0,231,227,735,142,440,687,286,556,441,737,555,625,636,154,236,210,79,553,332,469,243,563,699,605,695,630,648,562,246,68,411,301,599,484,406,48,496,520,581,644,380,426,133,300,59,277,565,439,146,608,488,561,114,304,202,674,741,454,473,722,151,181,275,75,508,204,403,303,25,89,653,579,616,87,399,32,721,702,262,659,623,2,470,184,596,164,302,658,434,545,371,397,662,409,597,448,576,145,330,678,350,586,125,24,101,601,329,505,546,238,582,144,407,269,127,393,382,475,663,55,108,132,400,507,620,370,594,593,149,172,170,493,45,535,102,610,657,732,
422,194.24098896980286,162907.53902041208,157586.29992446295,220,319,203,442,681,575,624,39,23,713,425,646,690,655,268,673,428,280,515,129,73,410,263,447,157,35,189,667,716,633,97,727,360,472,387,186,734,336,29,294,456,321,292,345,524,10,349,547,156,273,366,703,629,572,477,691,147,590,66,94,183,603,8,567,471,749,258,720,324,64,628,359,476,31,585,519,557,353,323,224,683,723,724,163,501,207,342,619,516,141,551,449,652,325,111,69,171,12,218,187,705,568,573,502,612,290,233,525,457,351,112,279,176,106,631,57,317,327,642,532,245,282,731,26,391,458,670,140,480,446,130,622,736,685,200,362,37,431,335,718,591,95,104,54,600,463,664,138,571,487,621,404,604,747,205,418,285,379,228,461,113,537,548,580,506,552,213,543,369,614,357,173,341,267,748,47,118,167,83,414,347,462,528,432,710,415,711,482,28,666,307,175,343,116,701,82,679,88,739,193,726,498,136,429,208,589,14,60,160,738,696,249,331,148,730,684,105,214,746,131,43,223,169,165,53,408,92,368,443,451,715,119,44,3,587,626,340,152,159,305,254,486,638,377,542,733,255,355,356,661,190,438,174,134,271,384,199,61,402,489,694,115,386,474,592,247,514,50,196,668,124,260,698,697,137,293,700,672,352,337,437,297,479,194,252,649,314,339,46,494,550,226,122,709,522,261,564,225,309,232,11,358,647,99,256,86,512,264,117,405,396,306,389,278,459,634,298,222,153,375,530,617,266,536,390,598,574,478,215,81,16,381,346,669,392,367,421,30,503,500,93,745,276,248,103,641,665,299,27,385,259,677,17,100,643,688,211,420,554,84,251,296,274,374,639,490,395,376,383,20,195,121,529,566,52,544,436,651,584,510,717,209,253,107,19,182,70,344,191,313,315,588,188,348,483,615,22,265,560,7,4,531,185,523,287,168,637,318,56,139,38,689,120,583,692,76,577,491,33,308,413,363,708,485,650,91,541,18,326,90,110,179,40,328,654,569,680,558,606,595,333,533,693,96,521,725,239,74,283,481,135,513,13,155,430,511,201,538,539,706,526,216,192,126,423,412,419,270,34,682,495,21,559,645,656,465,540,235,422,468,518,212,250,578,77,15,310,618,123,36,492,740,635,611,676,435,128,388,63,744,281,41,549,509,364,316,627,162,719,609,613,58,9,197,150,166,62,180,570,334,42,707,504,671,517,660,607,602,445,743,244,178,499,312,206,433,78,416,460,728,217,464,322,230,373,161,427,534,455,372,49,219,361,67,417,320,6,241,424,158,229,452,742,5,72,704,234,242,85,466,712,453,80,354,272,467,378,240,365,291,394,98,527,109,221,450,729,338,640,1,198,284,714,401,497,675,143,398,65,237,295,257,288,311,289,177,444,71,686,632,51,0,231,227,735,142,440,687,286,556,441,737,555,625,636,154,236,210,79,553,332,469,243,563,699,605,695,630,648,562,246,68,411,301,599,484,406,48,496,520,581,644,380,426,133,300,59,277,565,439,146,608,488,561,114,304,202,674,741,454,473,722,151,181,275,75,508,204,403,303,25,89,653,579,616,87,399,32,721,702,262,659,623,2,470,184,596,164,302,658,434,545,371,397,662,409,597,448,576,145,330,678,350,586,125,24,101,601,329,505,546,238,582,144,407,269,127,393,382,475,663,55,108,132,400,507,620,370,594,593,149,172,170,493,45,535,102,610,657,732,
423,194.67301988601685,162987.62941783833,157586.29992446295,220,319,203,442,681,575,624,39,23,713,425,646,690,655,268,673,428,280,515,129,73,410,263,447,157,35,189,667,716,633,97,727,360,472,387,186,734,336,29,294,456,321,292,345,524,10,349,547,156,273,366,703,629,572,477,691,147,590,66,94,183,603,8,567,471,749,258,720,324,64,628,359,476,31,585,519,557,353,323,224,683,723,724,163,501,207,342,619,516,141,551,449,652,325,111,69,171,12,218,187,705,568,573,502,612,290,233,525,457,351,112,279,176,106,631,57,317,327,642,532,245,282,731,26,391,458,670,140,480,446,130,622,736,685,200,362,37,431,335,718,591,95,104,54,600,463,664,138,571,487,621,404,604,747,205,418,285,379,228,461,113,537,548,580,506,552,213,543,369,614,357,173,341,267,748,47,118,167,83,414,347,462,528,432,710,415,711,482,28,666,307,175,343,116,701,82,679,88,739,193,726,498,136,429,208,589,14,60,160,738,696,249,331,148,730,684,105,214,746,131,43,223,169,165,53,408,92,368,443,451,715,119,44,3,587,626,340,152,159,305,254,486,638,377,542,733,255,355,356,661,190,438,174,134,271,384,199,61,402,489,694,115,386,474,592,247,514,50,196,668,124,260,698,697,137,293,700,672,352,337,437,297,479,194,252,649,314,339,46,494,550,226,122,709,522,261,564,225,309,232,11,358,647,99,256,86,512,264,117,405,396,306,389,278,459,634,298,222,153,375,530,617,266,536,390,598,574,478,215,81,16,381,346,669,392,367,421,30,503,500,93,745,276,248,103,641,665,299,27,385,259,677,17,100,643,688,211,420,554,84,251,296,274,374,639,490,395,376,383,20,195,121,529,566,52,544,436,651,584,510,717,209,253,107,19,182,70,344,191,313,315,588,188,348,483,615,22,265,560,7,4,531,185,523,287,168,637,318,56,139,38,689,120,583,692,76,577,491,33,308,413,363,708,485,650,91,541,18,326,90,110,179,40,328,654,569,680,558,606,595,333,533,693,96,521,725,239,74,283,481,135,513,13,155,430,511,201,538,539,706,526,216,192,126,423,412,419,270,34,682,495,21,559,645,656,465,540,235,422,468,518,212,250,578,77,15,310,618,123,36,492,740,635,611,676,435,128,388,63,744,281,41,549,509,364,316,627,162,719,609,613,58,9,197,150,166,62,180,570,334,42,707,504,671,517,660,607,602,445,743,244,178,499,312,206,433,78,416,460,728,217,464,322,230,373,161,427,534,455,372,49,219,361,67,417,320,6,241,424,158,229,452,742,5,72,704,234,242,85,466,712,453,80,354,272,467,378,240,365,291,394,98,527,109,221,450,729,338,640,1,198,284,714,401,497,675,143,398,65,237,295,257,288,311,289,177,444,71,686,632,51,0,231,227,735,142,440,687,286,556,441,737,555,625,636,154,236,210,79,553,332,469,243,563,699,605,695,630,648,562,246,68,411,301,599,484,406,48,496,520,581,644,380,426,133,300,59,277,565,439,146,608,488,561,114,304,202,674,741,454,473,722,151,181,275,75,508,204,403,303,25,89,653,579,616,87,399,32,721,702,262,659,623,2,470,184,596,164,302,658,434,545,371,397,662,409,597,448,576,145,330,678,350,586,125,24,101,601,329,505,546,238,582,144,407,269,127,393,382,475,663,55,108,132,400,507,620,370,594,593,149,172,170,493,45,535,102,610,657,732,
424,195.11813712120056,161896.6570328618,157586.29992446295,220,319,203,442,681,575,624,39,23,713,425,646,690,655,268,673,428,280,515,129,73,410,263,447,157,35,189,667,716,633,97,727,360,472,387,186,734,336,29,294,456,321,292,345,524,10,349,547,156,273,366,703,629,572,477,691,147,590,66,94,183,603,8,567,471,749,258,720,324,64,628,359,476,31,585,519,557,353,323,224,683,723,724,163,501,207,342,619,516,141,551,449,652,325,111,69,171,12,218,187,705,568,573,502,612,290,233,525,457,351,112,279,176,106,631,57,317,327,642,532,245,282,731,26,391,458,670,140,480,446,130,622,736,685,200,362,37,431,335,718,591,95,104,54,600,463,664,138,571,487,621,404,604,747,205,418,285,379,228,461,113,537,548,580,506,552,213,543,369,614,357,173,341,267,748,47,118,167,83,414,347,462,528,432,710,415,711,482,28,666,307,175,343,116,701,82,679,88,739,193,726,498,136,429,208,589,14,60,160,738,696,249,331,148,730,684,105,214,746,131,43,223,169,165,53,408,92,368,443,451,715,119,44,3,587,626,340,152,159,305,254,486,638,377,542,733,255,355,356,661,190,438,174,134,271,384,199,61,402,489,694,115,386,474,592,247,514,50,196,668,124,260,698,697,137,293,700,672,352,337,437,297,479,194,252,649,314,339,46,494,550,226,122,709,522,261,564,225,309,232,11,358,647,99,256,86,512,264,117,405,396,306,389,278,459,634,298,222,153,375,530,617,266,536,390,598,574,478,215,81,16,381,346,669,392,367,421,30,503,500,93,745,276,248,103,641,665,299,27,385,259,677,17,100,643,688,211,420,554,84,251,296,274,374,639,490,395,376,383,20,195,121,529,566,52,544,436,651,584,510,717,209,253,107,19,182,70,344,191,313,315,588,188,348,483,615,22,265,560,7,4,531,185,523,287,168,637,318,56,139,38,689,120,583,692,76,577,491,33,308,413,363,708,485,650,91,541,18,326,90,110,179,40,328,654,569,680,558,606,595,333,533,693,96,521,725,239,74,283,481,135,513,13,155,430,511,201,538,539,706,526,216,192,126,423,412,419,270,34,682,495,21,559,645,656,465,540,235,422,468,518,212,250,578,77,15,310,618,123,36,492,740,635,611,676,435,128,388,63,744,281,41,549,509,364,316,627,162,719,609,613,58,9,197,150,166,62,180,570,334,42,707,504,671,517,660,607,602,445,743,244,178,499,312,206,433,78,416,460,728,217,464,322,230,373,161,427,534,455,372,49,219,361,67,417,320,6,241,424,158,229,452,742,5,72,704,234,242,85,466,712,453,80,354,272,467,378,240,365,291,394,98,527,109,221,450,729,338,640,1,198,284,714,401,497,675,143,398,65,237,295,257,288,311,289,177,444,71,686,632,51,0,231,227,735,142,440,687,286,556,441,737,555,625,636,154,236,210,79,553,332,469,243,563,699,605,695,630,648,562,246,68,411,301,599,484,406,48,496,520,581,644,380,426,133,300,59,277,565,439,146,608,488,561,114,304,202,674,741,454,473,722,151,181,275,75,508,204,403,303,25,89,653,579,616,87,399,32,721,702,262,659,623,2,470,184,596,164,302,658,434,545,371,397,662,409,597,448,576,145,330,678,350,586,125,24,101,601,329,505,546,238,582,144,407,269,127,393,382,475,663,55,108,132,400,507,620,370,594,593,149,172,170,493,45,535,102,610,657,732,
425,195.70321393013,161696.67840601184,157586.29992446295,220,319,203,442,681,575,624,39,23,713,425,646,690,655,268,673,428,280,515,129,73,410,263,447,157,35,189,667,716,633,97,727,360,472,387,186,734,336,29,294,456,321,292,345,524,10,349,547,156,273,366,703,629,572,477,691,147,590,66,94,183,603,8,567,471,749,258,720,324,64,628,359,476,31,585,519,557,353,323,224,683,723,724,163,501,207,342,619,516,141,551,449,652,325,111,69,171,12,218,187,705,568,573,502,612,290,233,525,457,351,112,279,176,106,631,57,317,327,642,532,245,282,731,26,391,458,670,140,480,446,130,622,736,685,200,362,37,431,335,718,591,95,104,54,600,463,664,138,571,487,621,404,604,747,205,418,285,379,228,461,113,537,548,580,506,552,213,543,369,614,357,173,341,267,748,47,118,167,83,414,347,462,528,432,710,415,711,482,28,666,307,175,343,116,701,82,679,88,739,193,726,498,136,429,208,589,14,60,160,738,696,249,331,148,730,684,105,214,746,131,43,223,169,165,53,408,92,368,443,451,715,119,44,3,587,626,340,152,159,305,254,486,638,377,542,733,255,355,356,661,190,438,174,134,271,384,199,61,402,489,694,115,386,474,592,247,514,50,196,668,124,260,698,697,137,293,700,672,352,337,437,297,479,194,252,649,314,339,46,494,550,226,122,709,522,261,564,225,309,232,11,358,647,99,256,86,512,264,117,405,396,306,389,278,459,634,298,222,153,375,530,617,266,536,390,598,574,478,215,81,16,381,346,669,392,367,421,30,503,500,93,745,276,248,103,641,665,299,27,385,259,677,17,100,643,688,211,420,554,84,251,296,274,374,639,490,395,376,383,20,195,121,529,566,52,544,436,651,584,510,717,209,253,107,19,182,70,344,191,313,315,588,188,348,483,615,22,265,560,7,4,531,185,523,287,168,637,318,56,139,38,689,120,583,692,76,577,491,33,308,413,363,708,485,650,91,541,18,326,90,110,179,40,328,654,569,680,558,606,595,333,533,693,96,521,725,239,74,283,481,135,513,13,155,430,511,201,538,539,706,526,216,192,126,423,412,419,270,34,682,495,21,559,645,656,465,540,235,422,468,518,212,250,578,77,15,310,618,123,36,492,740,635,611,676,435,128,388,63,744,281,41,549,509,364,316,627,162,719,609,613,58,9,197,150,166,62,180,570,334,42,707,504,671,517,660,607,602,445,743,244,178,499,312,206,433,78,416,460,728,217,464,322,230,373,161,427,534,455,372,49,219,361,67,417,320,6,241,424,158,229,452,742,5,72,704,234,242,85,466,712,453,80,354,272,467,378,240,365,291,394,98,527,109,221,450,729,338,640,1,198,284,714,401,497,675,143,398,65,237,295,257,288,311,289,177,444,71,686,632,51,0,231,227,735,142,440,687,286,556,441,737,555,625,636,154,236,210,79,553,332,469,243,563,699,605,695,630,648,562,246,68,411,301,599,484,406,48,496,520,581,644,380,426,133,300,59,277,565,439,146,608,488,561,114,304,202,674,741,454,473,722,151,181,275,75,508,204,403,303,25,89,653,579,616,87,399,32,721,702,262,659,623,2,470,184,596,164,302,658,434,545,371,397,662,409,597,448,576,145,330,678,350,586,125,24,101,601,329,505,546,238,582,144,407,269,127,393,382,475,663,55,108,132,400,507,620,370,594,593,149,172,170,493,45,535,102,610,657,732,
426,196.1364941596985,inf,157576.73658469747,397,662,409,597,448,576,145,330,678,350,586,25,125,24,89,653,101,579,399,659,623,546,238,582,144,407,269,127,393,382,475,663,55,108,132,400,507,620,370,594,593,149,172,170,493,45,535,102,610,657,732,220,319,203,442,681,575,624,39,23,713,425,646,690,655,268,673,428,280,515,129,73,410,263,447,157,35,189,667,716,633,97,727,360,472,387,186,734,336,29,294,456,321,292,345,524,10,349,547,156,273,366,703,629,572,477,691,147,590,66,94,183,603,8,567,471,749,258,720,324,64,628,359,476,31,585,519,557,353,323,224,683,723,724,163,501,207,342,619,516,141,551,449,652,325,111,69,171,12,218,187,705,612,502,573,568,290,233,525,457,351,112,279,176,106,631,57,317,327,642,532,245,282,731,26,391,458,670,140,480,446,130,622,736,685,200,362,37,431,335,718,591,95,104,54,600,463,664,138,571,487,621,404,604,747,205,418,285,379,228,461,113,537,548,580,506,552,213,543,369,614,357,173,341,267,748,47,118,167,83,414,347,462,528,432,710,415,711,482,28,666,307,175,343,116,701,82,679,88,739,193,726,498,136,429,208,589,14,60,160,738,696,249,331,148,730,684,105,214,746,131,43,223,169,165,53,408,92,368,443,451,715,119,44,3,587,626,340,152,159,305,254,486,638,377,542,733,115,386,694,489,61,402,271,384,199,174,134,355,356,661,190,438,247,514,50,592,474,255,196,668,124,260,698,697,137,293,700,672,352,337,437,297,479,194,252,649,314,339,46,494,550,226,122,709,522,261,564,225,309,232,11,358,647,99,256,86,512,264,117,405,396,306,389,278,459,634,298,222,153,375,530,617,266,536,390,598,574,478,215,81,16,381,346,669,392,367,421,30,503,500,93,745,276,248,103,641,665,299,27,385,259,677,17,100,643,688,211,420,554,84,251,296,274,374,639,490,395,376,383,20,195,121,529,566,52,544,436,651,584,510,717,209,253,107,19,182,70,344,191,313,315,588,188,348,483,615,22,265,560,7,4,531,185,523,287,168,637,318,56,139,38,689,120,583,692,76,577,491,33,308,413,363,708,485,650,91,541,18,326,90,110,179,40,328,654,569,680,558,606,595,333,533,693,96,521,725,239,74,283,481,135,513,13,155,430,511,201,538,539,706,526,216,192,126,423,412,419,270,34,682,495,21,559,645,656,465,540,235,422,468,518,212,250,578,77,15,310,618,123,36,492,740,635,611,676,435,128,388,63,744,281,41,549,509,364,316,627,162,719,609,613,58,9,197,150,166,62,180,570,334,42,707,504,671,517,660,607,602,445,743,244,178,499,312,206,433,78,416,460,728,217,464,322,230,373,161,427,534,455,372,49,219,361,67,417,320,6,241,424,158,229,452,742,5,72,704,234,242,85,466,712,453,80,354,272,467,378,240,365,291,394,98,527,109,221,450,729,338,640,1,198,284,714,401,497,675,143,398,65,237,295,257,288,311,289,177,444,71,686,632,51,0,231,227,735,142,440,687,286,556,441,737,555,625,636,154,236,210,79,553,332,469,243,563,699,605,695,630,648,562,246,68,411,301,599,484,406,48,496,520,581,644,380,426,133,300,59,277,565,439,146,608,488,561,114,304,202,674,741,454,473,722,505,151,181,275,75,508,204,403,303,601,329,87,616,262,702,721,32,2,470,184,596,164,302,658,434,545,371,
427,196.5970652103424,161881.1752259094,157506.09190205956,220,319,203,442,681,575,624,39,23,713,425,646,690,655,268,673,428,280,515,129,73,410,263,447,157,35,189,667,716,633,97,727,360,472,387,186,734,336,29,294,456,321,292,345,524,10,349,547,156,273,366,703,629,572,477,691,147,590,66,94,183,603,8,567,471,749,258,720,324,64,628,359,476,31,585,519,557,353,323,224,683,723,724,163,501,207,342,619,516,141,551,449,652,325,111,69,171,12,218,187,705,612,502,573,568,290,233,525,457,351,112,279,176,106,631,57,317,327,642,532,245,282,731,26,391,458,670,140,480,446,130,622,736,685,200,362,37,431,335,718,591,95,104,54,600,463,664,138,571,487,621,404,604,747,205,418,285,379,228,461,113,537,548,580,506,552,213,543,369,614,357,173,341,267,748,47,118,167,83,414,347,462,528,432,710,415,711,482,28,666,307,175,343,116,701,82,679,88,739,193,726,498,136,429,208,589,14,60,160,738,696,249,331,148,730,684,105,214,746,131,43,223,169,165,53,408,92,368,443,451,715,119,44,3,587,626,340,152,159,305,254,486,638,377,542,733,255,355,356,661,190,438,174,134,271,384,199,61,402,489,694,115,386,474,592,247,514,50,196,668,124,260,698,697,137,293,700,672,352,337,437,297,479,194,252,649,314,339,46,494,550,226,122,709,522,261,564,225,309,232,11,358,647,99,256,86,512,264,117,405,396,306,389,278,459,634,298,222,153,375,530,617,266,536,390,598,574,478,215,81,16,381,346,669,392,367,421,30,503,500,93,745,276,248,103,641,665,299,27,385,259,677,17,100,643,688,211,420,554,84,251,296,274,374,639,490,395,376,383,20,195,121,529,566,52,544,436,651,584,510,717,209,253,107,19,182,70,344,191,313,315,588,188,348,483,615,22,265,560,7,4,531,185,523,287,168,637,318,56,139,38,689,120,583,692,76,577,491,33,308,413,363,708,485,650,91,541,18,326,90,110,179,40,328,654,569,680,558,606,595,333,533,693,96,521,725,239,74,283,481,135,513,13,155,430,511,201,538,539,706,526,216,192,126,423,412,419,270,34,682,495,21,559,645,656,465,540,235,422,468,518,212,250,578,77,15,310,618,123,36,492,740,635,611,676,435,128,388,63,744,281,41,549,509,364,316,627,162,719,609,613,58,9,197,150,166,62,180,570,334,42,707,504,671,517,660,607,602,445,743,244,178,499,312,206,433,78,416,460,728,217,464,322,230,373,161,427,534,455,372,49,219,361,67,417,320,6,241,424,158,229,452,742,5,72,704,234,242,85,466,712,453,80,354,272,467,378,240,365,291,394,98,527,109,221,450,729,338,640,1,198,284,714,401,497,675,143,398,65,237,295,257,288,311,289,177,444,71,686,632,51,0,231,227,735,142,440,687,286,556,441,737,555,625,636,154,236,210,79,553,332,469,243,563,699,605,695,630,648,562,246,68,411,301,599,484,406,48,496,520,581,644,380,426,133,300,59,277,565,439,146,608,488,561,114,304,202,674,741,454,473,722,505,151,181,275,75,508,204,403,303,601,329,87,616,262,702,721,32,2,470,184,596,164,302,658,434,545,371,397,662,409,597,448,576,145,330,678,350,586,25,125,24,89,653,101,579,399,659,623,546,238,582,144,407,269,127,393,382,475,663,55,108,132,400,507,620,370,594,593,149,172,170,493,45,535,102,610,657,732,
428,197.17088389396667,161958.91570397065,157506.09190205956,220,319,203,442,681,575,624,39,23,713,425,646,690,655,268,673,428,280,515,129,73,410,263,447,157,35,189,667,716,633,97,727,360,472,387,186,734,336,29,294,456,321,292,345,524,10,349,547,156,273,366,703,629,572,477,691,147,590,66,94,183,603,8,567,471,749,258,720,324,64,628,359,476,31,585,519,557,353,323,224,683,723,724,163,501,207,342,619,516,141,551,449,652,325,111,69,171,12,218,187,705,612,502,573,568,290,233,525,457,351,112,279,176,106,631,57,317,327,642,532,245,282,731,26,391,458,670,140,480,446,130,622,736,685,200,362,37,431,335,718,591,95,104,54,600,463,664,138,571,487,621,404,604,747,205,418,285,379,228,461,113,537,548,580,506,552,213,543,369,614,357,173,341,267,748,47,118,167,83,414,347,462,528,432,710,415,711,482,28,666,307,175,343,116,701,82,679,88,739,193,726,498,136,429,208,589,14,60,160,738,696,249,331,148,730,684,105,214,746,131,43,223,169,165,53,408,92,368,443,451,715,119,44,3,587,626,340,152,159,305,254,486,638,377,542,733,255,355,356,661,190,438,174,134,271,384,199,61,402,489,694,115,386,474,592,247,514,50,196,668,124,260,698,697,137,293,700,672,352,337,437,297,479,194,252,649,314,339,46,494,550,226,122,709,522,261,564,225,309,232,11,358,647,99,256,86,512,264,117,405,396,306,389,278,459,634,298,222,153,375,530,617,266,536,390,598,574,478,215,81,16,381,346,669,392,367,421,30,503,500,93,745,276,248,103,641,665,299,27,385,259,677,17,100,643,688,211,420,554,84,251,296,274,374,639,490,395,376,383,20,195,121,529,566,52,544,436,651,584,510,717,209,253,107,19,182,70,344,191,313,315,588,188,348,483,615,22,265,560,7,4,531,185,523,287,168,637,318,56,139,38,689,120,583,692,76,577,491,33,308,413,363,708,485,650,91,541,18,326,90,110,179,40,328,654,569,680,558,606,595,333,533,693,96,521,725,239,74,283,481,135,513,13,155,430,511,201,538,539,706,526,216,192,126,423,412,419,270,34,682,495,21,559,645,656,465,540,235,422,468,518,212,250,578,77,15,310,618,123,36,492,740,635,611,676,435,128,388,63,744,281,41,549,509,364,316,627,162,719,609,613,58,9,197,150,166,62,180,570,334,42,707,504,671,517,660,607,602,445,743,244,178,499,312,206,433,78,416,460,728,217,464,322,230,373,161,427,534,455,372,49,219,361,67,417,320,6,241,424,158,229,452,742,5,72,704,234,242,85,466,712,453,80,354,272,467,378,240,365,291,394,98,527,109,221,450,729,338,640,1,198,284,714,401,497,675,143,398,65,237,295,257,288,311,289,177,444,71,686,632,51,0,231,227,735,142,440,687,286,556,441,737,555,625,636,154,236,210,79,553,332,469,243,563,699,605,695,630,648,562,246,68,411,301,599,484,406,48,496,520,581,644,380,426,133,300,59,277,565,439,146,608,488,561,114,304,202,674,741,454,473,722,505,151,181,275,75,508,204,403,303,601,329,87,616,262,702,721,32,2,470,184,596,164,302,658,434,545,371,397,662,409,597,448,576,145,330,678,350,586,25,125,24,89,653,101,579,399,659,623,546,238,582,144,407,269,127,393,382,475,663,55,108,132,400,507,620,370,594,593,149,172,170,493,45,535,102,610,657,732,
429,197.58304357528687,161840.16584655532,157506.09190205956,220,319,203,442,681,575,624,39,23,713,425,646,690,655,268,673,428,280,515,129,73,410,263,447,157,35,189,667,716,633,97,727,360,472,387,186,734,336,29,294,456,321,292,345,524,10,349,547,156,273,366,703,629,572,477,691,147,590,66,94,183,603,8,567,471,749,258,720,324,64,628,359,476,31,585,519,557,353,323,224,683,723,724,163,501,207,342,619,516,141,551,449,652,325,111,69,171,12,218,187,705,612,502,573,568,290,233,525,457,351,112,279,176,106,631,57,317,327,642,532,245,282,731,26,391,458,670,140,480,446,130,622,736,685,200,362,37,431,335,718,591,95,104,54,600,463,664,138,571,487,621,404,604,747,205,418,285,379,228,461,113,537,548,580,506,552,213,543,369,614,357,173,341,267,748,47,118,167,83,414,347,462,528,432,710,415,711,482,28,666,307,175,343,116,701,82,679,88,739,193,726,498,136,429,208,589,14,60,160,738,696,249,331,148,730,684,105,214,746,131,43,223,169,165,53,408,92,368,443,451,715,119,44,3,587,626,340,152,159,305,254,486,638,377,542,733,255,355,356,661,190,438,174,134,271,384,199,61,402,489,694,115,386,474,592,247,514,50,196,668,124,260,698,697,137,293,700,672,352,337,437,297,479,194,252,649,314,339,46,494,550,226,122,709,522,261,564,225,309,232,11,358,647,99,256,86,512,264,117,405,396,306,389,278,459,634,298,222,153,375,530,617,266,536,390,598,574,478,215,81,16,381,346,669,392,367,421,30,503,500,93,745,276,248,103,641,665,299,27,385,259,677,17,100,643,688,211,420,554,84,251,296,274,374,639,490,395,376,383,20,195,121,529,566,52,544,436,651,584,510,717,209,253,107,19,182,70,344,191,313,315,588,188,348,483,615,22,265,560,7,4,531,185,523,287,168,637,318,56,139,38,689,120,583,692,76,577,491,33,308,413,363,708,485,650,91,541,18,326,90,110,179,40,328,654,569,680,558,606,595,333,533,693,96,521,725,239,74,283,481,135,513,13,155,430,511,201,538,539,706,526,216,192,126,423,412,419,270,34,682,495,21,559,645,656,465,540,235,422,468,518,212,250,578,77,15,310,618,123,36,492,740,635,611,676,435,128,388,63,744,281,41,549,509,364,316,627,162,719,609,613,58,9,197,150,166,62,180,570,334,42,707,504,671,517,660,607,602,445,743,244,178,499,312,206,433,78,416,460,728,217,464,322,230,373,161,427,534,455,372,49,219,361,67,417,320,6,241,424,158,229,452,742,5,72,704,234,242,85,466,712,453,80,354,272,467,378,240,365,291,394,98,527,109,221,450,729,338,640,1,198,284,714,401,497,675,143,398,65,237,295,257,288,311,289,177,444,71,686,632,51,0,231,227,735,142,440,687,286,556,441,737,555,625,636,154,236,210,79,553,332,469,243,563,699,605,695,630,648,562,246,68,411,301,599,484,406,48,496,520,581,644,380,426,133,300,59,277,565,439,146,608,488,561,114,304,202,674,741,454,473,722,505,151,181,275,75,508,204,403,303,601,329,87,616,262,702,721,32,2,470,184,596,164,302,658,434,545,371,397,662,409,597,448,576,145,330,678,350,586,25,125,24,89,653,101,579,399,659,623,546,238,582,144,407,269,127,393,382,475,663,55,108,132,400,507,620,370,594,593,149,172,170,493,45,535,102,610,657,732,
430,198.02482914924622,161689.95902438828,157506.09190205956,220,319,203,442,681,575,624,39,23,713,425,646,690,655,268,673,428,280,515,129,73,410,263,447,157,35,189,667,716,633,97,727,360,472,387,186,734,336,29,294,456,321,292,345,524,10,349,547,156,273,366,703,629,572,477,691,147,590,66,94,183,603,8,567,471,749,258,720,324,64,628,359,476,31,585,519,557,353,323,224,683,723,724,163,501,207,342,619,516,141,551,449,652,325,111,69,171,12,218,187,705,612,502,573,568,290,233,525,457,351,112,279,176,106,631,57,317,327,642,532,245,282,731,26,391,458,670,140,480,446,130,622,736,685,200,362,37,431,335,718,591,95,104,54,600,463,664,138,571,487,621,404,604,747,205,418,285,379,228,461,113,537,548,580,506,552,213,543,369,614,357,173,341,267,748,47,118,167,83,414,347,462,528,432,710,415,711,482,28,666,307,175,343,116,701,82,679,88,739,193,726,498,136,429,208,589,14,60,160,738,696,249,331,148,730,684,105,214,746,131,43,223,169,165,53,408,92,368,443,451,715,119,44,3,587,626,340,152,159,305,254,486,638,377,542,733,255,355,356,661,190,438,174,134,271,384,199,61,402,489,694,115,386,474,592,247,514,50,196,668,124,260,698,697,137,293,700,672,352,337,437,297,479,194,252,649,314,339,46,494,550,226,122,709,522,261,564,225,309,232,11,358,647,99,256,86,512,264,117,405,396,306,389,278,459,634,298,222,153,375,530,617,266,536,390,598,574,478,215,81,16,381,346,669,392,367,421,30,503,500,93,745,276,248,103,641,665,299,27,385,259,677,17,100,643,688,211,420,554,84,251,296,274,374,639,490,395,376,383,20,195,121,529,566,52,544,436,651,584,510,717,209,253,107,19,182,70,344,191,313,315,588,188,348,483,615,22,265,560,7,4,531,185,523,287,168,637,318,56,139,38,689,120,583,692,76,577,491,33,308,413,363,708,485,650,91,541,18,326,90,110,179,40,328,654,569,680,558,606,595,333,533,693,96,521,725,239,74,283,481,135,513,13,155,430,511,201,538,539,706,526,216,192,126,423,412,419,270,34,682,495,21,559,645,656,465,540,235,422,468,518,212,250,578,77,15,310,618,123,36,492,740,635,611,676,435,128,388,63,744,281,41,549,509,364,316,627,162,719,609,613,58,9,197,150,166,62,180,570,334,42,707,504,671,517,660,607,602,445,743,244,178,499,312,206,433,78,416,460,728,217,464,322,230,373,161,427,534,455,372,49,219,361,67,417,320,6,241,424,158,229,452,742,5,72,704,234,242,85,466,712,453,80,354,272,467,378,240,365,291,394,98,527,109,221,450,729,338,640,1,198,284,714,401,497,675,143,398,65,237,295,257,288,311,289,177,444,71,686,632,51,0,231,227,735,142,440,687,286,556,441,737,555,625,636,154,236,210,79,553,332,469,243,563,699,605,695,630,648,562,246,68,411,301,599,484,406,48,496,520,581,644,380,426,133,300,59,277,565,439,146,608,488,561,114,304,202,674,741,454,473,722,505,151,181,275,75,508,204,403,303,601,329,87,616,262,702,721,32,2,470,184,596,164,302,658,434,545,371,397,662,409,597,448,576,145,330,678,350,586,25,125,24,89,653,101,579,399,659,623,546,238,582,144,407,269,127,393,382,475,663,55,108,132,400,507,620,370,594,593,149,172,170,493,45,535,102,610,657,732,
431,198.60363626480103,160661.5296731807,157506.09190205956,220,319,203,442,681,575,624,39,23,713,425,646,690,655,268,673,428,280,515,129,73,410,263,447,157,35,189,667,716,633,97,727,360,472,387,186,734,336,29,294,456,321,292,345,524,10,349,547,156,273,366,703,629,572,477,691,147,590,66,94,183,603,8,567,471,749,258,720,324,64,628,359,476,31,585,519,557,353,323,224,683,723,724,163,501,207,342,619,516,141,551,449,652,325,111,69,171,12,218,187,705,612,502,573,568,290,233,525,457,351,112,279,176,106,631,57,317,327,642,532,245,282,731,26,391,458,670,140,480,446,130,622,736,685,200,362,37,431,335,718,591,95,104,54,600,463,664,138,571,487,621,404,604,747,205,418,285,379,228,461,113,537,548,580,506,552,213,543,369,614,357,173,341,267,748,47,118,167,83,414,347,462,528,432,710,415,711,482,28,666,307,175,343,116,701,82,679,88,739,193,726,498,136,429,208,589,14,60,160,738,696,249,331,148,730,684,105,214,746,131,43,223,169,165,53,408,92,368,443,451,715,119,44,3,587,626,340,152,159,305,254,486,638,377,542,733,255,355,356,661,190,438,174,134,271,384,199,61,402,489,694,115,386,474,592,247,514,50,196,668,124,260,698,697,137,293,700,672,352,337,437,297,479,194,252,649,314,339,46,494,550,226,122,709,522,261,564,225,309,232,11,358,647,99,256,86,512,264,117,405,396,306,389,278,459,634,298,222,153,375,530,617,266,536,390,598,574,478,215,81,16,381,346,669,392,367,421,30,503,500,93,745,276,248,103,641,665,299,27,385,259,677,17,100,643,688,211,420,554,84,251,296,274,374,639,490,395,376,383,20,195,121,529,566,52,544,436,651,584,510,717,209,253,107,19,182,70,344,191,313,315,588,188,348,483,615,22,265,560,7,4,531,185,523,287,168,637,318,56,139,38,689,120,583,692,76,577,491,33,308,413,363,708,485,650,91,541,18,326,90,110,179,40,328,654,569,680,558,606,595,333,533,693,96,521,725,239,74,283,481,135,513,13,155,430,511,201,538,539,706,526,216,192,126,423,412,419,270,34,682,495,21,559,645,656,465,540,235,422,468,518,212,250,578,77,15,310,618,123,36,492,740,635,611,676,435,128,388,63,744,281,41,549,509,364,316,627,162,719,609,613,58,9,197,150,166,62,180,570,334,42,707,504,671,517,660,607,602,445,743,244,178,499,312,206,433,78,416,460,728,217,464,322,230,373,161,427,534,455,372,49,219,361,67,417,320,6,241,424,158,229,452,742,5,72,704,234,242,85,466,712,453,80,354,272,467,378,240,365,291,394,98,527,109,221,450,729,338,640,1,198,284,714,401,497,675,143,398,65,237,295,257,288,311,289,177,444,71,686,632,51,0,231,227,735,142,440,687,286,556,441,737,555,625,636,154,236,210,79,553,332,469,243,563,699,605,695,630,648,562,246,68,411,301,599,484,406,48,496,520,581,644,380,426,133,300,59,277,565,439,146,608,488,561,114,304,202,674,741,454,473,722,505,151,181,275,75,508,204,403,303,601,329,87,616,262,702,721,32,2,470,184,596,164,302,658,434,545,371,397,662,409,597,448,576,145,330,678,350,586,25,125,24,89,653,101,579,399,659,623,546,238,582,144,407,269,127,393,382,475,663,55,108,132,400,507,620,370,594,593,149,172,170,493,45,535,102,610,657,732,
432,199.0502622127533,161192.55042631875,157506.0919020595,292,345,524,10,349,547,156,273,366,703,629,572,477,691,147,590,66,94,183,603,8,567,471,749,258,720,324,64,628,359,476,31,585,519,557,353,323,224,683,723,724,163,501,207,342,619,516,141,551,449,652,325,111,69,171,12,218,187,705,612,502,573,568,290,233,525,457,351,112,279,176,106,631,57,317,327,642,532,245,282,731,26,391,458,670,140,480,446,130,622,736,685,200,362,37,431,335,718,591,95,104,54,600,463,664,138,571,487,621,404,604,747,205,418,285,379,228,461,113,537,548,580,506,552,213,543,369,614,357,173,341,267,748,47,118,167,83,414,347,462,528,432,710,415,711,482,28,666,307,175,343,116,701,82,679,88,739,193,726,498,136,429,208,589,14,60,160,738,696,249,331,148,730,684,105,214,746,131,43,223,169,165,53,408,92,368,443,451,715,119,44,3,587,626,340,152,159,305,254,486,638,377,542,733,255,355,356,661,190,438,174,134,271,384,199,61,402,489,694,115,386,474,592,247,514,50,196,668,124,260,698,697,137,293,700,672,352,337,437,297,479,194,252,649,314,339,46,494,550,226,122,709,522,261,564,225,309,232,11,358,647,99,256,86,512,264,117,405,396,306,389,278,459,634,298,222,153,375,530,617,266,536,390,598,574,478,215,81,16,381,346,669,392,367,421,30,503,500,93,745,276,248,103,641,665,299,27,385,259,677,17,100,643,688,211,420,554,84,251,296,274,374,639,490,395,376,383,20,195,121,529,566,52,544,436,651,584,510,717,209,253,107,19,182,70,344,191,313,315,588,188,348,483,615,22,265,560,7,4,531,185,523,287,168,637,318,56,139,38,689,120,583,692,76,577,491,33,308,413,363,708,485,650,91,541,18,326,90,110,179,40,328,654,569,680,558,606,595,333,533,693,96,521,725,239,74,283,481,135,513,13,155,430,511,201,538,539,706,526,216,192,126,423,412,419,270,34,682,495,21,559,645,656,465,540,235,422,468,518,212,250,578,77,15,310,618,123,36,492,740,635,611,676,435,128,388,63,744,281,41,549,509,364,316,627,162,719,609,613,58,9,197,150,166,62,180,570,334,42,707,504,671,517,660,607,602,445,743,244,178,499,312,206,433,78,416,460,728,217,464,322,230,373,161,427,534,455,372,49,219,361,67,417,320,6,241,424,158,229,452,742,5,72,704,234,242,85,466,712,453,80,354,272,467,378,240,365,291,394,98,527,109,221,450,729,338,640,1,198,284,714,401,497,675,143,398,65,237,295,257,288,311,289,177,444,71,686,632,51,0,231,227,735,142,440,687,286,556,441,737,555,625,636,154,236,210,79,553,332,469,243,563,699,605,695,630,648,562,246,68,411,301,599,484,406,48,496,520,581,644,380,426,133,300,59,277,565,439,146,608,488,561,114,304,202,674,741,454,473,722,505,151,181,275,75,508,204,403,303,601,329,87,616,262,702,721,32,2,470,184,596,164,302,658,434,545,371,397,662,409,597,448,576,145,330,678,350,586,25,125,24,89,653,101,579,399,659,623,546,238,582,144,407,269,127,393,382,475,663,55,108,132,400,507,620,370,594,593,149,172,170,493,45,535,102,610,657,732,220,319,203,442,681,575,624,39,23,713,425,646,690,655,268,673,428,280,515,129,73,410,263,447,157,35,189,667,716,633,97,727,360,472,387,186,734,336,29,294,456,321,
433,199.47330236434937,161061.13422039236,157506.0919020595,292,345,524,10,349,547,156,273,366,703,629,572,477,691,147,590,66,94,183,603,8,567,471,749,258,720,324,64,628,359,476,31,585,519,557,353,323,224,683,723,724,163,501,207,342,619,516,141,551,449,652,325,111,69,171,12,218,187,705,612,502,573,568,290,233,525,457,351,112,279,176,106,631,57,317,327,642,532,245,282,731,26,391,458,670,140,480,446,130,622,736,685,200,362,37,431,335,718,591,95,104,54,600,463,664,138,571,487,621,404,604,747,205,418,285,379,228,461,113,537,548,580,506,552,213,543,369,614,357,173,341,267,748,47,118,167,83,414,347,462,528,432,710,415,711,482,28,666,307,175,343,116,701,82,679,88,739,193,726,498,136,429,208,589,14,60,160,738,696,249,331,148,730,684,105,214,746,131,43,223,169,165,53,408,92,368,443,451,715,119,44,3,587,626,340,152,159,305,254,486,638,377,542,733,255,355,356,661,190,438,174,134,271,384,199,61,402,489,694,115,386,474,592,247,514,50,196,668,124,260,698,697,137,293,700,672,352,337,437,297,479,194,252,649,314,339,46,494,550,226,122,709,522,261,564,225,309,232,11,358,647,99,256,86,512,264,117,405,396,306,389,278,459,634,298,222,153,375,530,617,266,536,390,598,574,478,215,81,16,381,346,669,392,367,421,30,503,500,93,745,276,248,103,641,665,299,27,385,259,677,17,100,643,688,211,420,554,84,251,296,274,374,639,490,395,376,383,20,195,121,529,566,52,544,436,651,584,510,717,209,253,107,19,182,70,344,191,313,315,588,188,348,483,615,22,265,560,7,4,531,185,523,287,168,637,318,56,139,38,689,120,583,692,76,577,491,33,308,413,363,708,485,650,91,541,18,326,90,110,179,40,328,654,569,680,558,606,595,333,533,693,96,521,725,239,74,283,481,135,513,13,155,430,511,201,538,539,706,526,216,192,126,423,412,419,270,34,682,495,21,559,645,656,465,540,235,422,468,518,212,250,578,77,15,310,618,123,36,492,740,635,611,676,435,128,388,63,744,281,41,549,509,364,316,627,162,719,609,613,58,9,197,150,166,62,180,570,334,42,707,504,671,517,660,607,602,445,743,244,178,499,312,206,433,78,416,460,728,217,464,322,230,373,161,427,534,455,372,49,219,361,67,417,320,6,241,424,158,229,452,742,5,72,704,234,242,85,466,712,453,80,354,272,467,378,240,365,291,394,98,527,109,221,450,729,338,640,1,198,284,714,401,497,675,143,398,65,237,295,257,288,311,289,177,444,71,686,632,51,0,231,227,735,142,440,687,286,556,441,737,555,625,636,154,236,210,79,553,332,469,243,563,699,605,695,630,648,562,246,68,411,301,599,484,406,48,496,520,581,644,380,426,133,300,59,277,565,439,146,608,488,561,114,304,202,674,741,454,473,722,505,151,181,275,75,508,204,403,303,601,329,87,616,262,702,721,32,2,470,184,596,164,302,658,434,545,371,397,662,409,597,448,576,145,330,678,350,586,25,125,24,89,653,101,579,399,659,623,546,238,582,144,407,269,127,393,382,475,663,55,108,132,400,507,620,370,594,593,149,172,170,493,45,535,102,610,657,732,220,319,203,442,681,575,624,39,23,713,425,646,690,655,268,673,428,280,515,129,73,410,263,447,157,35,189,667,716,633,97,727,360,472,387,186,734,336,29,294,456,321,
434,199.85648393630981,160932.48402970986,157506.0919020595,292,345,524,10,349,547,156,273,366,703,629,572,477,691,147,590,66,94,183,603,8,567,471,749,258,720,324,64,628,359,476,31,585,519,557,353,323,224,683,723,724,163,501,207,342,619,516,141,551,449,652,325,111,69,171,12,218,187,705,612,502,573,568,290,233,525,457,351,112,279,176,106,631,57,317,327,642,532,245,282,731,26,391,458,670,140,480,446,130,622,736,685,200,362,37,431,335,718,591,95,104,54,600,463,664,138,571,487,621,404,604,747,205,418,285,379,228,461,113,537,548,580,506,552,213,543,369,614,357,173,341,267,748,47,118,167,83,414,347,462,528,432,710,415,711,482,28,666,307,175,343,116,701,82,679,88,739,193,726,498,136,429,208,589,14,60,160,738,696,249,331,148,730,684,105,214,746,131,43,223,169,165,53,408,92,368,443,451,715,119,44,3,587,626,340,152,159,305,254,486,638,377,542,733,255,355,356,661,190,438,174,134,271,384,199,61,402,489,694,115,386,474,592,247,514,50,196,668,124,260,698,697,137,293,700,672,352,337,437,297,479,194,252,649,314,339,46,494,550,226,122,709,522,261,564,225,309,232,11,358,647,99,256,86,512,264,117,405,396,306,389,278,459,634,298,222,153,375,530,617,266,536,390,598,574,478,215,81,16,381,346,669,392,367,421,30,503,500,93,745,276,248,103,641,665,299,27,385,259,677,17,100,643,688,211,420,554,84,251,296,274,374,639,490,395,376,383,20,195,121,529,566,52,544,436,651,584,510,717,209,253,107,19,182,70,344,191,313,315,588,188,348,483,615,22,265,560,7,4,531,185,523,287,168,637,318,56,139,38,689,120,583,692,76,577,491,33,308,413,363,708,485,650,91,541,18,326,90,110,179,40,328,654,569,680,558,606,595,333,533,693,96,521,725,239,74,283,481,135,513,13,155,430,511,201,538,539,706,526,216,192,126,423,412,419,270,34,682,495,21,559,645,656,465,540,235,422,468,518,212,250,578,77,15,310,618,123,36,492,740,635,611,676,435,128,388,63,744,281,41,549,509,364,316,627,162,719,609,613,58,9,197,150,166,62,180,570,334,42,707,504,671,517,660,607,602,445,743,244,178,499,312,206,433,78,416,460,728,217,464,322,230,373,161,427,534,455,372,49,219,361,67,417,320,6,241,424,158,229,452,742,5,72,704,234,242,85,466,712,453,80,354,272,467,378,240,365,291,394,98,527,109,221,450,729,338,640,1,198,284,714,401,497,675,143,398,65,237,295,257,288,311,289,177,444,71,686,632,51,0,231,227,735,142,440,687,286,556,441,737,555,625,636,154,236,210,79,553,332,469,243,563,699,605,695,630,648,562,246,68,411,301,599,484,406,48,496,520,581,644,380,426,133,300,59,277,565,439,146,608,488,561,114,304,202,674,741,454,473,722,505,151,181,275,75,508,204,403,303,601,329,87,616,262,702,721,32,2,470,184,596,164,302,658,434,545,371,397,662,409,597,448,576,145,330,678,350,586,25,125,24,89,653,101,579,399,659,623,546,238,582,144,407,269,127,393,382,475,663,55,108,132,400,507,620,370,594,593,149,172,170,493,45,535,102,610,657,732,220,319,203,442,681,575,624,39,23,713,425,646,690,655,268,673,428,280,515,129,73,410,263,447,157,35,189,667,716,633,97,727,360,472,387,186,734,336,29,294,456,321,
435,200.34396481513977,160167.41160674416,157506.0919020595,292,345,524,10,349,547,156,273,366,703,629,572,477,691,147,590,66,94,183,603,8,567,471,749,258,720,324,64,628,359,476,31,585,519,557,353,323,224,683,723,724,163,501,207,342,619,516,141,551,449,652,325,111,69,171,12,218,187,705,612,502,573,568,290,233,525,457,351,112,279,176,106,631,57,317,327,642,532,245,282,731,26,391,458,670,140,480,446,130,622,736,685,200,362,37,431,335,718,591,95,104,54,600,463,664,138,571,487,621,404,604,747,205,418,285,379,228,461,113,537,548,580,506,552,213,543,369,614,357,173,341,267,748,47,118,167,83,414,347,462,528,432,710,415,711,482,28,666,307,175,343,116,701,82,679,88,739,193,726,498,136,429,208,589,14,60,160,738,696,249,331,148,730,684,105,214,746,131,43,223,169,165,53,408,92,368,443,451,715,119,44,3,587,626,340,152,159,305,254,486,638,377,542,733,255,355,356,661,190,438,174,134,271,384,199,61,402,489,694,115,386,474,592,247,514,50,196,668,124,260,698,697,137,293,700,672,352,337,437,297,479,194,252,649,314,339,46,494,550,226,122,709,522,261,564,225,309,232,11,358,647,99,256,86,512,264,117,405,396,306,389,278,459,634,298,222,153,375,530,617,266,536,390,598,574,478,215,81,16,381,346,669,392,367,421,30,503,500,93,745,276,248,103,641,665,299,27,385,259,677,17,100,643,688,211,420,554,84,251,296,274,374,639,490,395,376,383,20,195,121,529,566,52,544,436,651,584,510,717,209,253,107,19,182,70,344,191,313,315,588,188,348,483,615,22,265,560,7,4,531,185,523,287,168,637,318,56,139,38,689,120,583,692,76,577,491,33,308,413,363,708,485,650,91,541,18,326,90,110,179,40,328,654,569,680,558,606,595,333,533,693,96,521,725,239,74,283,481,135,513,13,155,430,511,201,538,539,706,526,216,192,126,423,412,419,270,34,682,495,21,559,645,656,465,540,235,422,468,518,212,250,578,77,15,310,618,123,36,492,740,635,611,676,435,128,388,63,744,281,41,549,509,364,316,627,162,719,609,613,58,9,197,150,166,62,180,570,334,42,707,504,671,517,660,607,602,445,743,244,178,499,312,206,433,78,416,460,728,217,464,322,230,373,161,427,534,455,372,49,219,361,67,417,320,6,241,424,158,229,452,742,5,72,704,234,242,85,466,712,453,80,354,272,467,378,240,365,291,394,98,527,109,221,450,729,338,640,1,198,284,714,401,497,675,143,398,65,237,295,257,288,311,289,177,444,71,686,632,51,0,231,227,735,142,440,687,286,556,441,737,555,625,636,154,236,210,79,553,332,469,243,563,699,605,695,630,648,562,246,68,411,301,599,484,406,48,496,520,581,644,380,426,133,300,59,277,565,439,146,608,488,561,114,304,202,674,741,454,473,722,505,151,181,275,75,508,204,403,303,601,329,87,616,262,702,721,32,2,470,184,596,164,302,658,434,545,371,397,662,409,597,448,576,145,330,678,350,586,25,125,24,89,653,101,579,399,659,623,546,238,582,144,407,269,127,393,382,475,663,55,108,132,400,507,620,370,594,593,149,172,170,493,45,535,102,610,657,732,220,319,203,442,681,575,624,39,23,713,425,646,690,655,268,673,428,280,515,129,73,410,263,447,157,35,189,667,716,633,97,727,360,472,387,186,734,336,29,294,456,321,
436,200.76129341125488,160229.88710864956,157506.0919020595,292,345,524,10,349,547,156,273,366,703,629,572,477,691,147,590,66,94,183,603,8,567,471,749,258,720,324,64,628,359,476,31,585,519,557,353,323,224,683,723,724,163,501,207,342,619,516,141,551,449,652,325,111,69,171,12,218,187,705,612,502,573,568,290,233,525,457,351,112,279,176,106,631,57,317,327,642,532,245,282,731,26,391,458,670,140,480,446,130,622,736,685,200,362,37,431,335,718,591,95,104,54,600,463,664,138,571,487,621,404,604,747,205,418,285,379,228,461,113,537,548,580,506,552,213,543,369,614,357,173,341,267,748,47,118,167,83,414,347,462,528,432,710,415,711,482,28,666,307,175,343,116,701,82,679,88,739,193,726,498,136,429,208,589,14,60,160,738,696,249,331,148,730,684,105,214,746,131,43,223,169,165,53,408,92,368,443,451,715,119,44,3,587,626,340,152,159,305,254,486,638,377,542,733,255,355,356,661,190,438,174,134,271,384,199,61,402,489,694,115,386,474,592,247,514,50,196,668,124,260,698,697,137,293,700,672,352,337,437,297,479,194,252,649,314,339,46,494,550,226,122,709,522,261,564,225,309,232,11,358,647,99,256,86,512,264,117,405,396,306,389,278,459,634,298,222,153,375,530,617,266,536,390,598,574,478,215,81,16,381,346,669,392,367,421,30,503,500,93,745,276,248,103,641,665,299,27,385,259,677,17,100,643,688,211,420,554,84,251,296,274,374,639,490,395,376,383,20,195,121,529,566,52,544,436,651,584,510,717,209,253,107,19,182,70,344,191,313,315,588,188,348,483,615,22,265,560,7,4,531,185,523,287,168,637,318,56,139,38,689,120,583,692,76,577,491,33,308,413,363,708,485,650,91,541,18,326,90,110,179,40,328,654,569,680,558,606,595,333,533,693,96,521,725,239,74,283,481,135,513,13,155,430,511,201,538,539,706,526,216,192,126,423,412,419,270,34,682,495,21,559,645,656,465,540,235,422,468,518,212,250,578,77,15,310,618,123,36,492,740,635,611,676,435,128,388,63,744,281,41,549,509,364,316,627,162,719,609,613,58,9,197,150,166,62,180,570,334,42,707,504,671,517,660,607,602,445,743,244,178,499,312,206,433,78,416,460,728,217,464,322,230,373,161,427,534,455,372,49,219,361,67,417,320,6,241,424,158,229,452,742,5,72,704,234,242,85,466,712,453,80,354,272,467,378,240,365,291,394,98,527,109,221,450,729,338,640,1,198,284,714,401,497,675,143,398,65,237,295,257,288,311,289,177,444,71,686,632,51,0,231,227,735,142,440,687,286,556,441,737,555,625,636,154,236,210,79,553,332,469,243,563,699,605,695,630,648,562,246,68,411,301,599,484,406,48,496,520,581,644,380,426,133,300,59,277,565,439,146,608,488,561,114,304,202,674,741,454,473,722,505,151,181,275,75,508,204,403,303,601,329,87,616,262,702,721,32,2,470,184,596,164,302,658,434,545,371,397,662,409,597,448,576,145,330,678,350,586,25,125,24,89,653,101,579,399,659,623,546,238,582,144,407,269,127,393,382,475,663,55,108,132,400,507,620,370,594,593,149,172,170,493,45,535,102,610,657,732,220,319,203,442,681,575,624,39,23,713,425,646,690,655,268,673,428,280,515,129,73,410,263,447,157,35,189,667,716,633,97,727,360,472,387,186,734,336,29,294,456,321,
437,201.1871817111969,161000.59159503973,157506.0919020595,292,345,524,10,349,547,156,273,366,703,629,572,477,691,147,590,66,94,183,603,8,567,471,749,258,720,324,64,628,359,476,31,585,519,557,353,323,224,683,723,724,163,501,207,342,619,516,141,551,449,652,325,111,69,171,12,218,187,705,612,502,573,568,290,233,525,457,351,112,279,176,106,631,57,317,327,642,532,245,282,731,26,391,458,670,140,480,446,130,622,736,685,200,362,37,431,335,718,591,95,104,54,600,463,664,138,571,487,621,404,604,747,205,418,285,379,228,461,113,537,548,580,506,552,213,543,369,614,357,173,341,267,748,47,118,167,83,414,347,462,528,432,710,415,711,482,28,666,307,175,343,116,701,82,679,88,739,193,726,498,136,429,208,589,14,60,160,738,696,249,331,148,730,684,105,214,746,131,43,223,169,165,53,408,92,368,443,451,715,119,44,3,587,626,340,152,159,305,254,486,638,377,542,733,255,355,356,661,190,438,174,134,271,384,199,61,402,489,694,115,386,474,592,247,514,50,196,668,124,260,698,697,137,293,700,672,352,337,437,297,479,194,252,649,314,339,46,494,550,226,122,709,522,261,564,225,309,232,11,358,647,99,256,86,512,264,117,405,396,306,389,278,459,634,298,222,153,375,530,617,266,536,390,598,574,478,215,81,16,381,346,669,392,367,421,30,503,500,93,745,276,248,103,641,665,299,27,385,259,677,17,100,643,688,211,420,554,84,251,296,274,374,639,490,395,376,383,20,195,121,529,566,52,544,436,651,584,510,717,209,253,107,19,182,70,344,191,313,315,588,188,348,483,615,22,265,560,7,4,531,185,523,287,168,637,318,56,139,38,689,120,583,692,76,577,491,33,308,413,363,708,485,650,91,541,18,326,90,110,179,40,328,654,569,680,558,606,595,333,533,693,96,521,725,239,74,283,481,135,513,13,155,430,511,201,538,539,706,526,216,192,126,423,412,419,270,34,682,495,21,559,645,656,465,540,235,422,468,518,212,250,578,77,15,310,618,123,36,492,740,635,611,676,435,128,388,63,744,281,41,549,509,364,316,627,162,719,609,613,58,9,197,150,166,62,180,570,334,42,707,504,671,517,660,607,602,445,743,244,178,499,312,206,433,78,416,460,728,217,464,322,230,373,161,427,534,455,372,49,219,361,67,417,320,6,241,424,158,229,452,742,5,72,704,234,242,85,466,712,453,80,354,272,467,378,240,365,291,394,98,527,109,221,450,729,338,640,1,198,284,714,401,497,675,143,398,65,237,295,257,288,311,289,177,444,71,686,632,51,0,231,227,735,142,440,687,286,556,441,737,555,625,636,154,236,210,79,553,332,469,243,563,699,605,695,630,648,562,246,68,411,301,599,484,406,48,496,520,581,644,380,426,133,300,59,277,565,439,146,608,488,561,114,304,202,674,741,454,473,722,505,151,181,275,75,508,204,403,303,601,329,87,616,262,702,721,32,2,470,184,596,164,302,658,434,545,371,397,662,409,597,448,576,145,330,678,350,586,25,125,24,89,653,101,579,399,659,623,546,238,582,144,407,269,127,393,382,475,663,55,108,132,400,507,620,370,594,593,149,172,170,493,45,535,102,610,657,732,220,319,203,442,681,575,624,39,23,713,425,646,690,655,268,673,428,280,515,129,73,410,263,447,157,35,189,667,716,633,97,727,360,472,387,186,734,336,29,294,456,321,
438,201.68708682060242,161468.12223973914,157384.64569368996,292,345,524,10,349,547,156,273,366,703,629,572,477,691,147,590,66,94,183,603,8,567,471,749,258,720,324,64,628,359,476,31,585,519,557,353,323,224,683,723,724,163,501,207,342,619,516,141,551,449,652,325,111,69,171,12,218,187,705,568,573,502,612,290,233,525,457,351,112,279,176,106,631,57,317,532,245,282,327,642,26,391,458,670,140,480,446,731,130,622,736,685,200,362,37,431,335,718,591,95,104,54,600,463,664,138,571,487,621,404,604,747,205,418,285,379,228,461,113,537,548,580,506,552,213,543,369,614,357,173,341,267,748,47,118,167,83,414,347,462,528,432,710,415,711,482,28,666,307,175,343,116,701,82,679,88,739,193,726,498,136,429,208,589,14,60,160,738,696,249,331,148,730,684,105,214,746,131,43,223,169,165,53,408,92,368,443,451,715,119,44,3,587,626,340,152,159,305,254,486,638,377,542,733,255,355,356,661,190,438,174,134,271,384,199,61,402,489,694,115,386,474,592,247,514,50,196,668,124,260,698,697,137,293,700,672,352,337,437,297,479,194,252,649,314,339,46,494,550,226,122,709,522,261,564,225,309,232,11,358,647,99,256,86,512,264,117,405,396,306,389,278,459,634,298,222,153,375,530,617,266,536,390,598,574,478,215,81,16,381,346,669,392,367,421,30,503,500,93,745,276,248,103,641,665,299,27,385,259,677,17,100,643,688,211,420,554,84,251,296,274,374,639,490,395,376,383,20,195,121,529,566,52,544,436,651,584,510,717,209,253,107,19,182,70,344,191,313,315,588,188,348,483,615,22,265,560,7,4,531,185,523,287,168,637,318,56,139,38,689,120,583,692,76,577,491,33,308,413,363,708,485,650,91,541,18,326,90,110,179,40,328,654,569,680,558,606,595,333,533,693,96,521,725,239,74,283,481,135,513,13,155,430,511,201,538,539,706,526,216,192,126,423,412,419,270,34,682,495,21,559,645,656,465,540,235,422,468,518,212,250,578,77,15,310,618,123,36,492,740,635,611,676,435,128,388,63,744,281,41,549,509,364,316,627,162,719,609,613,58,9,197,150,166,62,180,570,334,42,707,504,671,517,660,607,602,445,743,244,178,499,312,206,433,78,416,460,728,217,464,322,230,373,161,427,534,455,372,49,219,361,67,417,320,6,241,424,158,229,452,742,5,72,704,234,242,85,466,712,453,80,354,272,467,378,240,365,291,394,98,527,109,221,450,729,338,640,1,198,284,714,401,497,675,143,398,65,237,295,257,288,311,289,177,444,71,686,632,51,0,231,227,735,142,440,687,286,556,441,737,555,625,636,154,236,210,79,553,332,469,243,563,699,605,695,630,648,562,246,68,411,301,599,484,406,48,496,520,581,644,380,426,133,300,59,277,565,439,146,608,488,561,114,304,202,674,741,454,473,722,505,151,181,275,75,508,204,403,303,601,329,87,616,262,702,721,32,2,470,184,596,164,302,658,434,545,371,397,662,409,597,448,576,145,330,678,350,586,25,125,24,89,653,101,579,399,659,623,546,238,582,144,407,269,127,393,382,475,663,55,108,132,400,507,620,370,594,593,149,172,170,493,45,535,102,610,657,732,220,319,203,442,681,575,624,39,23,713,425,646,690,655,268,673,428,280,515,129,73,410,263,447,157,35,189,667,716,633,97,727,360,472,387,186,734,336,29,294,456,321,
439,202.1077651977539,160812.07596018168,157384.64569368996,292,345,524,10,349,547,156,273,366,703,629,572,477,691,147,590,66,94,183,603,8,567,471,749,258,720,324,64,628,359,476,31,585,519,557,353,323,224,683,723,724,163,501,207,342,619,516,141,551,449,652,325,111,69,171,12,218,187,705,568,573,502,612,290,233,525,457,351,112,279,176,106,631,57,317,532,245,282,327,642,26,391,458,670,140,480,446,731,130,622,736,685,200,362,37,431,335,718,591,95,104,54,600,463,664,138,571,487,621,404,604,747,205,418,285,379,228,461,113,537,548,580,506,552,213,543,369,614,357,173,341,267,748,47,118,167,83,414,347,462,528,432,710,415,711,482,28,666,307,175,343,116,701,82,679,88,739,193,726,498,136,429,208,589,14,60,160,738,696,249,331,148,730,684,105,214,746,131,43,223,169,165,53,408,92,368,443,451,715,119,44,3,587,626,340,152,159,305,254,486,638,377,542,733,255,355,356,661,190,438,174,134,271,384,199,61,402,489,694,115,386,474,592,247,514,50,196,668,124,260,698,697,137,293,700,672,352,337,437,297,479,194,252,649,314,339,46,494,550,226,122,709,522,261,564,225,309,232,11,358,647,99,256,86,512,264,117,405,396,306,389,278,459,634,298,222,153,375,530,617,266,536,390,598,574,478,215,81,16,381,346,669,392,367,421,30,503,500,93,745,276,248,103,641,665,299,27,385,259,677,17,100,643,688,211,420,554,84,251,296,274,374,639,490,395,376,383,20,195,121,529,566,52,544,436,651,584,510,717,209,253,107,19,182,70,344,191,313,315,588,188,348,483,615,22,265,560,7,4,531,185,523,287,168,637,318,56,139,38,689,120,583,692,76,577,491,33,308,413,363,708,485,650,91,541,18,326,90,110,179,40,328,654,569,680,558,606,595,333,533,693,96,521,725,239,74,283,481,135,513,13,155,430,511,201,538,539,706,526,216,192,126,423,412,419,270,34,682,495,21,559,645,656,465,540,235,422,468,518,212,250,578,77,15,310,618,123,36,492,740,635,611,676,435,128,388,63,744,281,41,549,509,364,316,627,162,719,609,613,58,9,197,150,166,62,180,570,334,42,707,504,671,517,660,607,602,445,743,244,178,499,312,206,433,78,416,460,728,217,464,322,230,373,161,427,534,455,372,49,219,361,67,417,320,6,241,424,158,229,452,742,5,72,704,234,242,85,466,712,453,80,354,272,467,378,240,365,291,394,98,527,109,221,450,729,338,640,1,198,284,714,401,497,675,143,398,65,237,295,257,288,311,289,177,444,71,686,632,51,0,231,227,735,142,440,687,286,556,441,737,555,625,636,154,236,210,79,553,332,469,243,563,699,605,695,630,648,562,246,68,411,301,599,484,406,48,496,520,581,644,380,426,133,300,59,277,565,439,146,608,488,561,114,304,202,674,741,454,473,722,505,151,181,275,75,508,204,403,303,601,329,87,616,262,702,721,32,2,470,184,596,164,302,658,434,545,371,397,662,409,597,448,576,145,330,678,350,586,25,125,24,89,653,101,579,399,659,623,546,238,582,144,407,269,127,393,382,475,663,55,108,132,400,507,620,370,594,593,149,172,170,493,45,535,102,610,657,732,220,319,203,442,681,575,624,39,23,713,425,646,690,655,268,673,428,280,515,129,73,410,263,447,157,35,189,667,716,633,97,727,360,472,387,186,734,336,29,294,456,321,
440,202.4961268901825,159325.6129483724,157384.64569368996,292,345,524,10,349,547,156,273,366,703,629,572,477,691,147,590,66,94,183,603,8,567,471,749,258,720,324,64,628,359,476,31,585,519,557,353,323,224,683,723,724,163,501,207,342,619,516,141,551,449,652,325,111,69,171,12,218,187,705,568,573,502,612,290,233,525,457,351,112,279,176,106,631,57,317,532,245,282,327,642,26,391,458,670,140,480,446,731,130,622,736,685,200,362,37,431,335,718,591,95,104,54,600,463,664,138,571,487,621,404,604,747,205,418,285,379,228,461,113,537,548,580,506,552,213,543,369,614,357,173,341,267,748,47,118,167,83,414,347,462,528,432,710,415,711,482,28,666,307,175,343,116,701,82,679,88,739,193,726,498,136,429,208,589,14,60,160,738,696,249,331,148,730,684,105,214,746,131,43,223,169,165,53,408,92,368,443,451,715,119,44,3,587,626,340,152,159,305,254,486,638,377,542,733,255,355,356,661,190,438,174,134,271,384,199,61,402,489,694,115,386,474,592,247,514,50,196,668,124,260,698,697,137,293,700,672,352,337,437,297,479,194,252,649,314,339,46,494,550,226,122,709,522,261,564,225,309,232,11,358,647,99,256,86,512,264,117,405,396,306,389,278,459,634,298,222,153,375,530,617,266,536,390,598,574,478,215,81,16,381,346,669,392,367,421,30,503,500,93,745,276,248,103,641,665,299,27,385,259,677,17,100,643,688,211,420,554,84,251,296,274,374,639,490,395,376,383,20,195,121,529,566,52,544,436,651,584,510,717,209,253,107,19,182,70,344,191,313,315,588,188,348,483,615,22,265,560,7,4,531,185,523,287,168,637,318,56,139,38,689,120,583,692,76,577,491,33,308,413,363,708,485,650,91,541,18,326,90,110,179,40,328,654,569,680,558,606,595,333,533,693,96,521,725,239,74,283,481,135,513,13,155,430,511,201,538,539,706,526,216,192,126,423,412,419,270,34,682,495,21,559,645,656,465,540,235,422,468,518,212,250,578,77,15,310,618,123,36,492,740,635,611,676,435,128,388,63,744,281,41,549,509,364,316,627,162,719,609,613,58,9,197,150,166,62,180,570,334,42,707,504,671,517,660,607,602,445,743,244,178,499,312,206,433,78,416,460,728,217,464,322,230,373,161,427,534,455,372,49,219,361,67,417,320,6,241,424,158,229,452,742,5,72,704,234,242,85,466,712,453,80,354,272,467,378,240,365,291,394,98,527,109,221,450,729,338,640,1,198,284,714,401,497,675,143,398,65,237,295,257,288,311,289,177,444,71,686,632,51,0,231,227,735,142,440,687,286,556,441,737,555,625,636,154,236,210,79,553,332,469,243,563,699,605,695,630,648,562,246,68,411,301,599,484,406,48,496,520,581,644,380,426,133,300,59,277,565,439,146,608,488,561,114,304,202,674,741,454,473,722,505,151,181,275,75,508,204,403,303,601,329,87,616,262,702,721,32,2,470,184,596,164,302,658,434,545,371,397,662,409,597,448,576,145,330,678,350,586,25,125,24,89,653,101,579,399,659,623,546,238,582,144,407,269,127,393,382,475,663,55,108,132,400,507,620,370,594,593,149,172,170,493,45,535,102,610,657,732,220,319,203,442,681,575,624,39,23,713,425,646,690,655,268,673,428,280,515,129,73,410,263,447,157,35,189,667,716,633,97,727,360,472,387,186,734,336,29,294,456,321,
441,202.9425346851349,159675.0784058648,157384.64569368996,292,345,524,10,349,547,156,273,366,703,629,572,477,691,147,590,66,94,183,603,8,567,471,749,258,720,324,64,628,359,476,31,585,519,557,353,323,224,683,723,724,163,501,207,342,619,516,141,551,449,652,325,111,69,171,12,218,187,705,568,573,502,612,290,233,525,457,351,112,279,176,106,631,57,317,532,245,282,327,642,26,391,458,670,140,480,446,731,130,622,736,685,200,362,37,431,335,718,591,95,104,54,600,463,664,138,571,487,621,404,604,747,205,418,285,379,228,461,113,537,548,580,506,552,213,543,369,614,357,173,341,267,748,47,118,167,83,414,347,462,528,432,710,415,711,482,28,666,307,175,343,116,701,82,679,88,739,193,726,498,136,429,208,589,14,60,160,738,696,249,331,148,730,684,105,214,746,131,43,223,169,165,53,408,92,368,443,451,715,119,44,3,587,626,340,152,159,305,254,486,638,377,542,733,255,355,356,661,190,438,174,134,271,384,199,61,402,489,694,115,386,474,592,247,514,50,196,668,124,260,698,697,137,293,700,672,352,337,437,297,479,194,252,649,314,339,46,494,550,226,122,709,522,261,564,225,309,232,11,358,647,99,256,86,512,264,117,405,396,306,389,278,459,634,298,222,153,375,530,617,266,536,390,598,574,478,215,81,16,381,346,669,392,367,421,30,503,500,93,745,276,248,103,641,665,299,27,385,259,677,17,100,643,688,211,420,554,84,251,296,274,374,639,490,395,376,383,20,195,121,529,566,52,544,436,651,584,510,717,209,253,107,19,182,70,344,191,313,315,588,188,348,483,615,22,265,560,7,4,531,185,523,287,168,637,318,56,139,38,689,120,583,692,76,577,491,33,308,413,363,708,485,650,91,541,18,326,90,110,179,40,328,654,569,680,558,606,595,333,533,693,96,521,725,239,74,283,481,135,513,13,155,430,511,201,538,539,706,526,216,192,126,423,412,419,270,34,682,495,21,559,645,656,465,540,235,422,468,518,212,250,578,77,15,310,618,123,36,492,740,635,611,676,435,128,388,63,744,281,41,549,509,364,316,627,162,719,609,613,58,9,197,150,166,62,180,570,334,42,707,504,671,517,660,607,602,445,743,244,178,499,312,206,433,78,416,460,728,217,464,322,230,373,161,427,534,455,372,49,219,361,67,417,320,6,241,424,158,229,452,742,5,72,704,234,242,85,466,712,453,80,354,272,467,378,240,365,291,394,98,527,109,221,450,729,338,640,1,198,284,714,401,497,675,143,398,65,237,295,257,288,311,289,177,444,71,686,632,51,0,231,227,735,142,440,687,286,556,441,737,555,625,636,154,236,210,79,553,332,469,243,563,699,605,695,630,648,562,246,68,411,301,599,484,406,48,496,520,581,644,380,426,133,300,59,277,565,439,146,608,488,561,114,304,202,674,741,454,473,722,505,151,181,275,75,508,204,403,303,601,329,87,616,262,702,721,32,2,470,184,596,164,302,658,434,545,371,397,662,409,597,448,576,145,330,678,350,586,25,125,24,89,653,101,579,399,659,623,546,238,582,144,407,269,127,393,382,475,663,55,108,132,400,507,620,370,594,593,149,172,170,493,45,535,102,610,657,732,220,319,203,442,681,575,624,39,23,713,425,646,690,655,268,673,428,280,515,129,73,410,263,447,157,35,189,667,716,633,97,727,360,472,387,186,734,336,29,294,456,321,
442,203.45919847488403,159586.05559884122,157384.64569368996,292,345,524,10,349,547,156,273,366,703,629,572,477,691,147,590,66,94,183,603,8,567,471,749,258,720,324,64,628,359,476,31,585,519,557,353,323,224,683,723,724,163,501,207,342,619,516,141,551,449,652,325,111,69,171,12,218,187,705,568,573,502,612,290,233,525,457,351,112,279,176,106,631,57,317,532,245,282,327,642,26,391,458,670,140,480,446,731,130,622,736,685,200,362,37,431,335,718,591,95,104,54,600,463,664,138,571,487,621,404,604,747,205,418,285,379,228,461,113,537,548,580,506,552,213,543,369,614,357,173,341,267,748,47,118,167,83,414,347,462,528,432,710,415,711,482,28,666,307,175,343,116,701,82,679,88,739,193,726,498,136,429,208,589,14,60,160,738,696,249,331,148,730,684,105,214,746,131,43,223,169,165,53,408,92,368,443,451,715,119,44,3,587,626,340,152,159,305,254,486,638,377,542,733,255,355,356,661,190,438,174,134,271,384,199,61,402,489,694,115,386,474,592,247,514,50,196,668,124,260,698,697,137,293,700,672,352,337,437,297,479,194,252,649,314,339,46,494,550,226,122,709,522,261,564,225,309,232,11,358,647,99,256,86,512,264,117,405,396,306,389,278,459,634,298,222,153,375,530,617,266,536,390,598,574,478,215,81,16,381,346,669,392,367,421,30,503,500,93,745,276,248,103,641,665,299,27,385,259,677,17,100,643,688,211,420,554,84,251,296,274,374,639,490,395,376,383,20,195,121,529,566,52,544,436,651,584,510,717,209,253,107,19,182,70,344,191,313,315,588,188,348,483,615,22,265,560,7,4,531,185,523,287,168,637,318,56,139,38,689,120,583,692,76,577,491,33,308,413,363,708,485,650,91,541,18,326,90,110,179,40,328,654,569,680,558,606,595,333,533,693,96,521,725,239,74,283,481,135,513,13,155,430,511,201,538,539,706,526,216,192,126,423,412,419,270,34,682,495,21,559,645,656,465,540,235,422,468,518,212,250,578,77,15,310,618,123,36,492,740,635,611,676,435,128,388,63,744,281,41,549,509,364,316,627,162,719,609,613,58,9,197,150,166,62,180,570,334,42,707,504,671,517,660,607,602,445,743,244,178,499,312,206,433,78,416,460,728,217,464,322,230,373,161,427,534,455,372,49,219,361,67,417,320,6,241,424,158,229,452,742,5,72,704,234,242,85,466,712,453,80,354,272,467,378,240,365,291,394,98,527,109,221,450,729,338,640,1,198,284,714,401,497,675,143,398,65,237,295,257,288,311,289,177,444,71,686,632,51,0,231,227,735,142,440,687,286,556,441,737,555,625,636,154,236,210,79,553,332,469,243,563,699,605,695,630,648,562,246,68,411,301,599,484,406,48,496,520,581,644,380,426,133,300,59,277,565,439,146,608,488,561,114,304,202,674,741,454,473,722,505,151,181,275,75,508,204,403,303,601,329,87,616,262,702,721,32,2,470,184,596,164,302,658,434,545,371,397,662,409,597,448,576,145,330,678,350,586,25,125,24,89,653,101,579,399,659,623,546,238,582,144,407,269,127,393,382,475,663,55,108,132,400,507,620,370,594,593,149,172,170,493,45,535,102,610,657,732,220,319,203,442,681,575,624,39,23,713,425,646,690,655,268,673,428,280,515,129,73,410,263,447,157,35,189,667,716,633,97,727,360,472,387,186,734,336,29,294,456,321,
443,203.88216829299927,161075.4761718866,157384.64569368996,292,345,524,10,349,547,156,273,366,703,629,572,477,691,147,590,66,94,183,603,8,567,471,749,258,720,324,64,628,359,476,31,585,519,557,353,323,224,683,723,724,163,501,207,342,619,516,141,551,449,652,325,111,69,171,12,218,187,705,568,573,502,612,290,233,525,457,351,112,279,176,106,631,57,317,532,245,282,327,642,26,391,458,670,140,480,446,731,130,622,736,685,200,362,37,431,335,718,591,95,104,54,600,463,664,138,571,487,621,404,604,747,205,418,285,379,228,461,113,537,548,580,506,552,213,543,369,614,357,173,341,267,748,47,118,167,83,414,347,462,528,432,710,415,711,482,28,666,307,175,343,116,701,82,679,88,739,193,726,498,136,429,208,589,14,60,160,738,696,249,331,148,730,684,105,214,746,131,43,223,169,165,53,408,92,368,443,451,715,119,44,3,587,626,340,152,159,305,254,486,638,377,542,733,255,355,356,661,190,438,174,134,271,384,199,61,402,489,694,115,386,474,592,247,514,50,196,668,124,260,698,697,137,293,700,672,352,337,437,297,479,194,252,649,314,339,46,494,550,226,122,709,522,261,564,225,309,232,11,358,647,99,256,86,512,264,117,405,396,306,389,278,459,634,298,222,153,375,530,617,266,536,390,598,574,478,215,81,16,381,346,669,392,367,421,30,503,500,93,745,276,248,103,641,665,299,27,385,259,677,17,100,643,688,211,420,554,84,251,296,274,374,639,490,395,376,383,20,195,121,529,566,52,544,436,651,584,510,717,209,253,107,19,182,70,344,191,313,315,588,188,348,483,615,22,265,560,7,4,531,185,523,287,168,637,318,56,139,38,689,120,583,692,76,577,491,33,308,413,363,708,485,650,91,541,18,326,90,110,179,40,328,654,569,680,558,606,595,333,533,693,96,521,725,239,74,283,481,135,513,13,155,430,511,201,538,539,706,526,216,192,126,423,412,419,270,34,682,495,21,559,645,656,465,540,235,422,468,518,212,250,578,77,15,310,618,123,36,492,740,635,611,676,435,128,388,63,744,281,41,549,509,364,316,627,162,719,609,613,58,9,197,150,166,62,180,570,334,42,707,504,671,517,660,607,602,445,743,244,178,499,312,206,433,78,416,460,728,217,464,322,230,373,161,427,534,455,372,49,219,361,67,417,320,6,241,424,158,229,452,742,5,72,704,234,242,85,466,712,453,80,354,272,467,378,240,365,291,394,98,527,109,221,450,729,338,640,1,198,284,714,401,497,675,143,398,65,237,295,257,288,311,289,177,444,71,686,632,51,0,231,227,735,142,440,687,286,556,441,737,555,625,636,154,236,210,79,553,332,469,243,563,699,605,695,630,648,562,246,68,411,301,599,484,406,48,496,520,581,644,380,426,133,300,59,277,565,439,146,608,488,561,114,304,202,674,741,454,473,722,505,151,181,275,75,508,204,403,303,601,329,87,616,262,702,721,32,2,470,184,596,164,302,658,434,545,371,397,662,409,597,448,576,145,330,678,350,586,25,125,24,89,653,101,579,399,659,623,546,238,582,144,407,269,127,393,382,475,663,55,108,132,400,507,620,370,594,593,149,172,170,493,45,535,102,610,657,732,220,319,203,442,681,575,624,39,23,713,425,646,690,655,268,673,428,280,515,129,73,410,263,447,157,35,189,667,716,633,97,727,360,472,387,186,734,336,29,294,456,321,
444,204.3362956047058,161007.0113036269,157384.64569368996,292,345,524,10,349,547,156,273,366,703,629,572,477,691,147,590,66,94,183,603,8,567,471,749,258,720,324,64,628,359,476,31,585,519,557,353,323,224,683,723,724,163,501,207,342,619,516,141,551,449,652,325,111,69,171,12,218,187,705,568,573,502,612,290,233,525,457,351,112,279,176,106,631,57,317,532,245,282,327,642,26,391,458,670,140,480,446,731,130,622,736,685,200,362,37,431,335,718,591,95,104,54,600,463,664,138,571,487,621,404,604,747,205,418,285,379,228,461,113,537,548,580,506,552,213,543,369,614,357,173,341,267,748,47,118,167,83,414,347,462,528,432,710,415,711,482,28,666,307,175,343,116,701,82,679,88,739,193,726,498,136,429,208,589,14,60,160,738,696,249,331,148,730,684,105,214,746,131,43,223,169,165,53,408,92,368,443,451,715,119,44,3,587,626,340,152,159,305,254,486,638,377,542,733,255,355,356,661,190,438,174,134,271,384,199,61,402,489,694,115,386,474,592,247,514,50,196,668,124,260,698,697,137,293,700,672,352,337,437,297,479,194,252,649,314,339,46,494,550,226,122,709,522,261,564,225,309,232,11,358,647,99,256,86,512,264,117,405,396,306,389,278,459,634,298,222,153,375,530,617,266,536,390,598,574,478,215,81,16,381,346,669,392,367,421,30,503,500,93,745,276,248,103,641,665,299,27,385,259,677,17,100,643,688,211,420,554,84,251,296,274,374,639,490,395,376,383,20,195,121,529,566,52,544,436,651,584,510,717,209,253,107,19,182,70,344,191,313,315,588,188,348,483,615,22,265,560,7,4,531,185,523,287,168,637,318,56,139,38,689,120,583,692,76,577,491,33,308,413,363,708,485,650,91,541,18,326,90,110,179,40,328,654,569,680,558,606,595,333,533,693,96,521,725,239,74,283,481,135,513,13,155,430,511,201,538,539,706,526,216,192,126,423,412,419,270,34,682,495,21,559,645,656,465,540,235,422,468,518,212,250,578,77,15,310,618,123,36,492,740,635,611,676,435,128,388,63,744,281,41,549,509,364,316,627,162,719,609,613,58,9,197,150,166,62,180,570,334,42,707,504,671,517,660,607,602,445,743,244,178,499,312,206,433,78,416,460,728,217,464,322,230,373,161,427,534,455,372,49,219,361,67,417,320,6,241,424,158,229,452,742,5,72,704,234,242,85,466,712,453,80,354,272,467,378,240,365,291,394,98,527,109,221,450,729,338,640,1,198,284,714,401,497,675,143,398,65,237,295,257,288,311,289,177,444,71,686,632,51,0,231,227,735,142,440,687,286,556,441,737,555,625,636,154,236,210,79,553,332,469,243,563,699,605,695,630,648,562,246,68,411,301,599,484,406,48,496,520,581,644,380,426,133,300,59,277,565,439,146,608,488,561,114,304,202,674,741,454,473,722,505,151,181,275,75,508,204,403,303,601,329,87,616,262,702,721,32,2,470,184,596,164,302,658,434,545,371,397,662,409,597,448,576,145,330,678,350,586,25,125,24,89,653,101,579,399,659,623,546,238,582,144,407,269,127,393,382,475,663,55,108,132,400,507,620,370,594,593,149,172,170,493,45,535,102,610,657,732,220,319,203,442,681,575,624,39,23,713,425,646,690,655,268,673,428,280,515,129,73,410,263,447,157,35,189,667,716,633,97,727,360,472,387,186,734,336,29,294,456,321,
445,204.9040172100067,161501.0820871134,157384.64569368996,292,345,524,10,349,547,156,273,366,703,629,572,477,691,147,590,66,94,183,603,8,567,471,749,258,720,324,64,628,359,476,31,585,519,557,353,323,224,683,723,724,163,501,207,342,619,516,141,551,449,652,325,111,69,171,12,218,187,705,568,573,502,612,290,233,525,457,351,112,279,176,106,631,57,317,532,245,282,327,642,26,391,458,670,140,480,446,731,130,622,736,685,200,362,37,431,335,718,591,95,104,54,600,463,664,138,571,487,621,404,604,747,205,418,285,379,228,461,113,537,548,580,506,552,213,543,369,614,357,173,341,267,748,47,118,167,83,414,347,462,528,432,710,415,711,482,28,666,307,175,343,116,701,82,679,88,739,193,726,498,136,429,208,589,14,60,160,738,696,249,331,148,730,684,105,214,746,131,43,223,169,165,53,408,92,368,443,451,715,119,44,3,587,626,340,152,159,305,254,486,638,377,542,733,255,355,356,661,190,438,174,134,271,384,199,61,402,489,694,115,386,474,592,247,514,50,196,668,124,260,698,697,137,293,700,672,352,337,437,297,479,194,252,649,314,339,46,494,550,226,122,709,522,261,564,225,309,232,11,358,647,99,256,86,512,264,117,405,396,306,389,278,459,634,298,222,153,375,530,617,266,536,390,598,574,478,215,81,16,381,346,669,392,367,421,30,503,500,93,745,276,248,103,641,665,299,27,385,259,677,17,100,643,688,211,420,554,84,251,296,274,374,639,490,395,376,383,20,195,121,529,566,52,544,436,651,584,510,717,209,253,107,19,182,70,344,191,313,315,588,188,348,483,615,22,265,560,7,4,531,185,523,287,168,637,318,56,139,38,689,120,583,692,76,577,491,33,308,413,363,708,485,650,91,541,18,326,90,110,179,40,328,654,569,680,558,606,595,333,533,693,96,521,725,239,74,283,481,135,513,13,155,430,511,201,538,539,706,526,216,192,126,423,412,419,270,34,682,495,21,559,645,656,465,540,235,422,468,518,212,250,578,77,15,310,618,123,36,492,740,635,611,676,435,128,388,63,744,281,41,549,509,364,316,627,162,719,609,613,58,9,197,150,166,62,180,570,334,42,707,504,671,517,660,607,602,445,743,244,178,499,312,206,433,78,416,460,728,217,464,322,230,373,161,427,534,455,372,49,219,361,67,417,320,6,241,424,158,229,452,742,5,72,704,234,242,85,466,712,453,80,354,272,467,378,240,365,291,394,98,527,109,221,450,729,338,640,1,198,284,714,401,497,675,143,398,65,237,295,257,288,311,289,177,444,71,686,632,51,0,231,227,735,142,440,687,286,556,441,737,555,625,636,154,236,210,79,553,332,469,243,563,699,605,695,630,648,562,246,68,411,301,599,484,406,48,496,520,581,644,380,426,133,300,59,277,565,439,146,608,488,561,114,304,202,674,741,454,473,722,505,151,181,275,75,508,204,403,303,601,329,87,616,262,702,721,32,2,470,184,596,164,302,658,434,545,371,397,662,409,597,448,576,145,330,678,350,586,25,125,24,89,653,101,579,399,659,623,546,238,582,144,407,269,127,393,382,475,663,55,108,132,400,507,620,370,594,593,149,172,170,493,45,535,102,610,657,732,220,319,203,442,681,575,624,39,23,713,425,646,690,655,268,673,428,280,515,129,73,410,263,447,157,35,189,667,716,633,97,727,360,472,387,186,734,336,29,294,456,321,
446,205.33624863624573,161715.2197072804,157362.14709824134,2,470,184,596,164,302,658,434,545,371,397,662,409,597,448,576,145,330,678,350,586,25,125,24,89,653,579,399,659,623,546,238,582,144,407,269,127,393,382,475,663,55,108,132,400,507,620,370,594,593,149,172,170,493,45,535,102,610,657,732,220,319,203,442,681,575,624,39,23,713,425,646,690,655,268,673,428,280,515,129,73,410,263,447,157,35,189,667,716,633,97,727,360,472,387,186,734,336,29,294,456,321,292,345,524,10,349,547,156,273,366,703,629,572,477,691,147,590,66,94,183,603,8,567,471,749,258,720,324,64,628,359,476,31,585,519,557,353,323,224,683,723,724,163,501,207,342,619,516,141,551,449,652,325,111,69,171,12,218,187,705,612,502,573,568,290,233,525,457,351,112,279,176,106,631,57,317,327,642,532,245,282,731,26,391,458,670,140,480,446,130,622,736,685,200,362,37,431,335,718,591,95,104,54,600,463,664,138,571,487,621,404,604,747,205,418,285,379,228,461,113,537,548,580,506,552,213,543,369,614,357,173,341,267,748,47,118,167,83,414,347,462,528,432,710,415,711,482,28,666,307,175,343,116,701,82,679,88,739,193,726,498,136,429,208,589,14,60,160,738,696,249,331,148,730,684,105,214,746,131,43,223,169,165,53,408,92,368,443,451,715,119,44,3,587,626,340,152,159,305,254,486,638,377,542,733,255,355,356,661,190,438,174,134,271,384,199,61,402,489,694,115,386,474,592,247,514,50,196,668,124,260,698,697,137,293,700,672,352,337,437,297,479,194,252,649,314,339,46,494,550,226,122,709,522,261,564,225,309,232,11,358,647,99,256,86,512,264,117,405,396,306,389,278,459,634,298,222,153,375,530,617,266,536,390,598,574,478,215,81,16,381,346,669,392,367,421,30,503,500,93,745,276,248,103,641,665,299,27,385,259,677,17,100,643,688,211,420,554,84,251,296,274,374,639,490,395,376,383,20,195,121,529,566,52,544,436,651,584,510,717,209,253,107,19,182,70,344,191,313,315,588,188,348,483,615,22,265,560,7,4,531,185,523,287,168,637,318,56,139,38,689,120,583,692,76,577,491,33,308,413,363,708,485,650,91,541,18,326,90,110,179,40,328,654,569,680,558,606,595,333,533,693,96,521,725,239,74,283,481,135,513,13,155,430,511,201,538,539,706,526,216,192,126,423,412,419,270,34,682,495,21,559,645,656,465,540,235,422,468,518,212,250,578,77,15,310,618,123,36,492,740,635,611,676,435,128,388,63,744,281,41,549,509,364,316,627,162,719,609,613,58,9,197,150,166,62,180,570,334,42,707,504,671,517,660,607,602,445,743,244,178,499,312,206,433,78,416,460,728,217,464,322,230,373,161,427,534,455,372,49,219,361,67,417,320,6,241,424,158,229,452,742,5,72,704,234,242,85,466,712,453,80,354,272,467,378,240,365,291,394,98,527,109,221,450,729,338,640,1,198,284,714,401,497,675,143,398,65,237,295,257,288,311,289,177,444,71,686,632,51,0,231,227,735,142,440,687,286,556,441,737,555,625,636,154,236,210,79,553,332,469,243,563,699,605,695,630,648,562,246,68,411,301,599,484,406,48,496,520,581,644,380,426,133,300,59,277,565,439,146,608,488,561,114,304,202,674,741,454,473,722,505,151,181,275,508,75,303,403,204,101,601,329,87,616,262,702,721,32,
447,205.8265519142151,161965.7153620959,157362.1470982413,596,164,302,658,434,545,371,397,662,409,597,448,576,145,330,678,350,586,25,125,24,89,653,579,399,659,623,546,238,582,144,407,269,127,393,382,475,663,55,108,132,400,507,620,370,594,593,149,172,170,493,45,535,102,610,657,732,220,319,203,442,681,575,624,39,23,713,425,646,690,655,268,673,428,280,515,129,73,410,263,447,157,35,189,667,716,633,97,727,360,472,387,186,734,336,29,294,456,321,292,345,524,10,349,547,156,273,366,703,629,572,477,691,147,590,66,94,183,603,8,567,471,749,258,720,324,64,628,359,476,31,585,519,557,353,323,224,683,723,724,163,501,207,342,619,516,141,551,449,652,325,111,69,171,12,218,187,705,612,502,573,568,290,233,525,457,351,112,279,176,106,631,57,317,327,642,532,245,282,731,26,391,458,670,140,480,446,130,622,736,685,200,362,37,431,335,718,591,95,104,54,600,463,664,138,571,487,621,404,604,747,205,418,285,379,228,461,113,537,548,580,506,552,213,543,369,614,357,173,341,267,748,47,118,167,83,414,347,462,528,432,710,415,711,482,28,666,307,175,343,116,701,82,679,88,739,193,726,498,136,429,208,589,14,60,160,738,696,249,331,148,730,684,105,214,746,131,43,223,169,165,53,408,92,368,443,451,715,119,44,3,587,626,340,152,159,305,254,486,638,377,542,733,255,355,356,661,190,438,174,134,271,384,199,61,402,489,694,115,386,474,592,247,514,50,196,668,124,260,698,697,137,293,700,672,352,337,437,297,479,194,252,649,314,339,46,494,550,226,122,709,522,261,564,225,309,232,11,358,647,99,256,86,512,264,117,405,396,306,389,278,459,634,298,222,153,375,530,617,266,536,390,598,574,478,215,81,16,381,346,669,392,367,421,30,503,500,93,745,276,248,103,641,665,299,27,385,259,677,17,100,643,688,211,420,554,84,251,296,274,374,639,490,395,376,383,20,195,121,529,566,52,544,436,651,584,510,717,209,253,107,19,182,70,344,191,313,315,588,188,348,483,615,22,265,560,7,4,531,185,523,287,168,637,318,56,139,38,689,120,583,692,76,577,491,33,308,413,363,708,485,650,91,541,18,326,90,110,179,40,328,654,569,680,558,606,595,333,533,693,96,521,725,239,74,283,481,135,513,13,155,430,511,201,538,539,706,526,216,192,126,423,412,419,270,34,682,495,21,559,645,656,465,540,235,422,468,518,212,250,578,77,15,310,618,123,36,492,740,635,611,676,435,128,388,63,744,281,41,549,509,364,316,627,162,719,609,613,58,9,197,150,166,62,180,570,334,42,707,504,671,517,660,607,602,445,743,244,178,499,312,206,433,78,416,460,728,217,464,322,230,373,161,427,534,455,372,49,219,361,67,417,320,6,241,424,158,229,452,742,5,72,704,234,242,85,466,712,453,80,354,272,467,378,240,365,291,394,98,527,109,221,450,729,338,640,1,198,284,714,401,497,675,143,398,65,237,295,257,288,311,289,177,444,71,686,632,51,0,231,227,735,142,440,687,286,556,441,737,555,625,636,154,236,210,79,553,332,469,243,563,699,605,695,630,648,562,246,68,411,301,599,484,406,48,496,520,581,644,380,426,133,300,59,277,565,439,146,608,488,561,114,304,202,674,741,454,473,722,505,151,181,275,508,75,303,403,204,101,601,329,87,616,262,702,721,32,2,470,184,
448,206.33848881721497,161927.08366201093,157362.1470982413,596,164,302,658,434,545,371,397,662,409,597,448,576,145,330,678,350,586,25,125,24,89,653,579,399,659,623,546,238,582,144,407,269,127,393,382,475,663,55,108,132,400,507,620,370,594,593,149,172,170,493,45,535,102,610,657,732,220,319,203,442,681,575,624,39,23,713,425,646,690,655,268,673,428,280,515,129,73,410,263,447,157,35,189,667,716,633,97,727,360,472,387,186,734,336,29,294,456,321,292,345,524,10,349,547,156,273,366,703,629,572,477,691,147,590,66,94,183,603,8,567,471,749,258,720,324,64,628,359,476,31,585,519,557,353,323,224,683,723,724,163,501,207,342,619,516,141,551,449,652,325,111,69,171,12,218,187,705,612,502,573,568,290,233,525,457,351,112,279,176,106,631,57,317,327,642,532,245,282,731,26,391,458,670,140,480,446,130,622,736,685,200,362,37,431,335,718,591,95,104,54,600,463,664,138,571,487,621,404,604,747,205,418,285,379,228,461,113,537,548,580,506,552,213,543,369,614,357,173,341,267,748,47,118,167,83,414,347,462,528,432,710,415,711,482,28,666,307,175,343,116,701,82,679,88,739,193,726,498,136,429,208,589,14,60,160,738,696,249,331,148,730,684,105,214,746,131,43,223,169,165,53,408,92,368,443,451,715,119,44,3,587,626,340,152,159,305,254,486,638,377,542,733,255,355,356,661,190,438,174,134,271,384,199,61,402,489,694,115,386,474,592,247,514,50,196,668,124,260,698,697,137,293,700,672,352,337,437,297,479,194,252,649,314,339,46,494,550,226,122,709,522,261,564,225,309,232,11,358,647,99,256,86,512,264,117,405,396,306,389,278,459,634,298,222,153,375,530,617,266,536,390,598,574,478,215,81,16,381,346,669,392,367,421,30,503,500,93,745,276,248,103,641,665,299,27,385,259,677,17,100,643,688,211,420,554,84,251,296,274,374,639,490,395,376,383,20,195,121,529,566,52,544,436,651,584,510,717,209,253,107,19,182,70,344,191,313,315,588,188,348,483,615,22,265,560,7,4,531,185,523,287,168,637,318,56,139,38,689,120,583,692,76,577,491,33,308,413,363,708,485,650,91,541,18,326,90,110,179,40,328,654,569,680,558,606,595,333,533,693,96,521,725,239,74,283,481,135,513,13,155,430,511,201,538,539,706,526,216,192,126,423,412,419,270,34,682,495,21,559,645,656,465,540,235,422,468,518,212,250,578,77,15,310,618,123,36,492,740,635,611,676,435,128,388,63,744,281,41,549,509,364,316,627,162,719,609,613,58,9,197,150,166,62,180,570,334,42,707,504,671,517,660,607,602,445,743,244,178,499,312,206,433,78,416,460,728,217,464,322,230,373,161,427,534,455,372,49,219,361,67,417,320,6,241,424,158,229,452,742,5,72,704,234,242,85,466,712,453,80,354,272,467,378,240,365,291,394,98,527,109,221,450,729,338,640,1,198,284,714,401,497,675,143,398,65,237,295,257,288,311,289,177,444,71,686,632,51,0,231,227,735,142,440,687,286,556,441,737,555,625,636,154,236,210,79,553,332,469,243,563,699,605,695,630,648,562,246,68,411,301,599,484,406,48,496,520,581,644,380,426,133,300,59,277,565,439,146,608,488,561,114,304,202,674,741,454,473,722,505,151,181,275,508,75,303,403,204,101,601,329,87,616,262,702,721,32,2,470,184,
449,206.80357336997986,162615.73741410332,157362.1470982413,596,164,302,658,434,545,371,397,662,409,597,448,576,145,330,678,350,586,25,125,24,89,653,579,399,659,623,546,238,582,144,407,269,127,393,382,475,663,55,108,132,400,507,620,370,594,593,149,172,170,493,45,535,102,610,657,732,220,319,203,442,681,575,624,39,23,713,425,646,690,655,268,673,428,280,515,129,73,410,263,447,157,35,189,667,716,633,97,727,360,472,387,186,734,336,29,294,456,321,292,345,524,10,349,547,156,273,366,703,629,572,477,691,147,590,66,94,183,603,8,567,471,749,258,720,324,64,628,359,476,31,585,519,557,353,323,224,683,723,724,163,501,207,342,619,516,141,551,449,652,325,111,69,171,12,218,187,705,612,502,573,568,290,233,525,457,351,112,279,176,106,631,57,317,327,642,532,245,282,731,26,391,458,670,140,480,446,130,622,736,685,200,362,37,431,335,718,591,95,104,54,600,463,664,138,571,487,621,404,604,747,205,418,285,379,228,461,113,537,548,580,506,552,213,543,369,614,357,173,341,267,748,47,118,167,83,414,347,462,528,432,710,415,711,482,28,666,307,175,343,116,701,82,679,88,739,193,726,498,136,429,208,589,14,60,160,738,696,249,331,148,730,684,105,214,746,131,43,223,169,165,53,408,92,368,443,451,715,119,44,3,587,626,340,152,159,305,254,486,638,377,542,733,255,355,356,661,190,438,174,134,271,384,199,61,402,489,694,115,386,474,592,247,514,50,196,668,124,260,698,697,137,293,700,672,352,337,437,297,479,194,252,649,314,339,46,494,550,226,122,709,522,261,564,225,309,232,11,358,647,99,256,86,512,264,117,405,396,306,389,278,459,634,298,222,153,375,530,617,266,536,390,598,574,478,215,81,16,381,346,669,392,367,421,30,503,500,93,745,276,248,103,641,665,299,27,385,259,677,17,100,643,688,211,420,554,84,251,296,274,374,639,490,395,376,383,20,195,121,529,566,52,544,436,651,584,510,717,209,253,107,19,182,70,344,191,313,315,588,188,348,483,615,22,265,560,7,4,531,185,523,287,168,637,318,56,139,38,689,120,583,692,76,577,491,33,308,413,363,708,485,650,91,541,18,326,90,110,179,40,328,654,569,680,558,606,595,333,533,693,96,521,725,239,74,283,481,135,513,13,155,430,511,201,538,539,706,526,216,192,126,423,412,419,270,34,682,495,21,559,645,656,465,540,235,422,468,518,212,250,578,77,15,310,618,123,36,492,740,635,611,676,435,128,388,63,744,281,41,549,509,364,316,627,162,719,609,613,58,9,197,150,166,62,180,570,334,42,707,504,671,517,660,607,602,445,743,244,178,499,312,206,433,78,416,460,728,217,464,322,230,373,161,427,534,455,372,49,219,361,67,417,320,6,241,424,158,229,452,742,5,72,704,234,242,85,466,712,453,80,354,272,467,378,240,365,291,394,98,527,109,221,450,729,338,640,1,198,284,714,401,497,675,143,398,65,237,295,257,288,311,289,177,444,71,686,632,51,0,231,227,735,142,440,687,286,556,441,737,555,625,636,154,236,210,79,553,332,469,243,563,699,605,695,630,648,562,246,68,411,301,599,484,406,48,496,520,581,644,380,426,133,300,59,277,565,439,146,608,488,561,114,304,202,674,741,454,473,722,505,151,181,275,508,75,303,403,204,101,601,329,87,616,262,702,721,32,2,470,184,
450,207.22847485542297,inf,157240.7008898718,175,343,116,701,82,679,88,739,193,726,498,136,429,208,589,14,60,160,738,696,249,331,148,730,684,105,214,746,131,43,223,169,165,53,408,92,368,443,451,715,119,44,3,587,626,340,152,159,305,254,486,638,377,542,733,255,355,356,661,190,438,174,134,271,384,199,61,402,489,694,115,386,474,592,247,514,50,196,668,124,260,698,697,137,293,700,672,352,337,437,297,479,194,252,649,314,339,46,494,550,226,122,709,522,261,564,225,309,232,11,358,647,99,256,86,512,264,117,405,396,306,389,278,459,634,298,222,153,375,530,617,266,536,390,598,574,478,215,81,16,381,346,669,392,367,421,30,503,500,93,745,276,248,103,641,665,299,27,385,259,677,17,100,643,688,211,420,554,84,251,296,274,374,639,490,395,376,383,20,195,121,529,566,52,544,436,651,584,510,717,209,253,107,19,182,70,344,191,313,315,588,188,348,483,615,22,265,560,7,4,531,185,523,287,168,637,318,56,139,38,689,120,583,692,76,577,491,33,308,413,363,708,485,650,91,541,18,326,90,110,179,40,328,654,569,680,558,606,595,333,533,693,96,521,725,239,74,283,481,135,513,13,155,430,511,201,538,539,706,526,216,192,126,423,412,419,270,34,682,495,21,559,645,656,465,540,235,422,468,518,212,250,578,77,15,310,618,123,36,492,740,635,611,676,435,128,388,63,744,281,41,549,509,364,316,627,162,719,609,613,58,9,197,150,166,62,180,570,334,42,707,504,671,517,660,607,602,445,743,244,178,499,312,206,433,78,416,460,728,217,464,322,230,373,161,427,534,455,372,49,219,361,67,417,320,6,241,424,158,229,452,742,5,72,704,234,242,85,466,712,453,80,354,272,467,378,240,365,291,394,98,527,109,221,450,729,338,640,1,198,284,714,401,497,675,143,398,65,237,295,257,288,311,289,177,444,71,686,632,51,0,231,227,735,142,440,687,286,556,441,737,555,625,636,154,236,210,79,553,332,469,243,563,699,605,695,630,648,562,246,68,411,301,599,484,406,48,496,520,581,644,380,426,133,300,59,277,565,439,146,608,488,561,114,304,202,674,741,454,473,722,505,151,181,275,508,75,303,403,204,101,601,329,87,616,262,702,721,32,2,470,184,596,164,302,658,434,545,371,397,662,409,597,448,576,145,330,678,350,586,25,125,24,89,653,579,399,659,623,546,238,582,144,407,269,127,393,382,475,663,55,108,132,400,507,620,370,594,593,149,172,170,493,45,535,102,610,657,732,220,319,203,442,681,575,624,39,23,713,425,646,690,655,268,673,428,280,515,129,73,410,263,447,157,35,189,667,716,633,97,727,360,472,387,186,734,336,29,294,456,321,292,345,524,10,349,547,156,273,366,703,629,572,477,691,147,590,66,94,183,603,8,567,471,749,258,720,324,64,628,359,476,31,585,519,557,353,323,224,683,723,724,163,501,207,342,619,516,141,551,449,652,325,111,69,171,12,218,187,705,568,573,502,612,290,233,525,457,351,112,279,176,106,631,57,317,532,245,282,327,642,26,391,458,670,140,480,446,731,130,622,736,685,200,362,37,431,335,718,591,95,104,54,600,463,664,138,571,487,621,404,604,747,205,418,285,379,228,461,113,537,548,580,506,552,213,543,369,614,357,173,341,267,748,47,118,167,83,414,347,462,528,432,710,415,711,482,28,666,307,
451,207.7198407649994,161760.30573125253,157240.7008898718,175,343,116,701,82,679,88,739,193,726,498,136,429,208,589,14,60,160,738,696,249,331,148,730,684,105,214,746,131,43,223,169,165,53,408,92,368,443,451,715,119,44,3,587,626,340,152,159,305,254,486,638,377,542,733,255,355,356,661,190,438,174,134,271,384,199,61,402,489,694,115,386,474,592,247,514,50,196,668,124,260,698,697,137,293,700,672,352,337,437,297,479,194,252,649,314,339,46,494,550,226,122,709,522,261,564,225,309,232,11,358,647,99,256,86,512,264,117,405,396,306,389,278,459,634,298,222,153,375,530,617,266,536,390,598,574,478,215,81,16,381,346,669,392,367,421,30,503,500,93,745,276,248,103,641,665,299,27,385,259,677,17,100,643,688,211,420,554,84,251,296,274,374,639,490,395,376,383,20,195,121,529,566,52,544,436,651,584,510,717,209,253,107,19,182,70,344,191,313,315,588,188,348,483,615,22,265,560,7,4,531,185,523,287,168,637,318,56,139,38,689,120,583,692,76,577,491,33,308,413,363,708,485,650,91,541,18,326,90,110,179,40,328,654,569,680,558,606,595,333,533,693,96,521,725,239,74,283,481,135,513,13,155,430,511,201,538,539,706,526,216,192,126,423,412,419,270,34,682,495,21,559,645,656,465,540,235,422,468,518,212,250,578,77,15,310,618,123,36,492,740,635,611,676,435,128,388,63,744,281,41,549,509,364,316,627,162,719,609,613,58,9,197,150,166,62,180,570,334,42,707,504,671,517,660,607,602,445,743,244,178,499,312,206,433,78,416,460,728,217,464,322,230,373,161,427,534,455,372,49,219,361,67,417,320,6,241,424,158,229,452,742,5,72,704,234,242,85,466,712,453,80,354,272,467,378,240,365,291,394,98,527,109,221,450,729,338,640,1,198,284,714,401,497,675,143,398,65,237,295,257,288,311,289,177,444,71,686,632,51,0,231,227,735,142,440,687,286,556,441,737,555,625,636,154,236,210,79,553,332,469,243,563,699,605,695,630,648,562,246,68,411,301,599,484,406,48,496,520,581,644,380,426,133,300,59,277,565,439,146,608,488,561,114,304,202,674,741,454,473,722,505,151,181,275,508,75,303,403,204,101,601,329,87,616,262,702,721,32,2,470,184,596,164,302,658,434,545,371,397,662,409,597,448,576,145,330,678,350,586,25,125,24,89,653,579,399,659,623,546,238,582,144,407,269,127,393,382,475,663,55,108,132,400,507,620,370,594,593,149,172,170,493,45,535,102,610,657,732,220,319,203,442,681,575,624,39,23,713,425,646,690,655,268,673,428,280,515,129,73,410,263,447,157,35,189,667,716,633,97,727,360,472,387,186,734,336,29,294,456,321,292,345,524,10,349,547,156,273,366,703,629,572,477,691,147,590,66,94,183,603,8,567,471,749,258,720,324,64,628,359,476,31,585,519,557,353,323,224,683,723,724,163,501,207,342,619,516,141,551,449,652,325,111,69,171,12,218,187,705,568,573,502,612,290,233,525,457,351,112,279,176,106,631,57,317,532,245,282,327,642,26,391,458,670,140,480,446,731,130,622,736,685,200,362,37,431,335,718,591,95,104,54,600,463,664,138,571,487,621,404,604,747,205,418,285,379,228,461,113,537,548,580,506,552,213,543,369,614,357,173,341,267,748,47,118,167,83,414,347,462,528,432,710,415,711,482,28,666,307,
452,208.36634302139282,161772.33917810858,157240.7008898718,175,343,116,701,82,679,88,739,193,726,498,136,429,208,589,14,60,160,738,696,249,331,148,730,684,105,214,746,131,43,223,169,165,53,408,92,368,443,451,715,119,44,3,587,626,340,152,159,305,254,486,638,377,542,733,255,355,356,661,190,438,174,134,271,384,199,61,402,489,694,115,386,474,592,247,514,50,196,668,124,260,698,697,137,293,700,672,352,337,437,297,479,194,252,649,314,339,46,494,550,226,122,709,522,261,564,225,309,232,11,358,647,99,256,86,512,264,117,405,396,306,389,278,459,634,298,222,153,375,530,617,266,536,390,598,574,478,215,81,16,381,346,669,392,367,421,30,503,500,93,745,276,248,103,641,665,299,27,385,259,677,17,100,643,688,211,420,554,84,251,296,274,374,639,490,395,376,383,20,195,121,529,566,52,544,436,651,584,510,717,209,253,107,19,182,70,344,191,313,315,588,188,348,483,615,22,265,560,7,4,531,185,523,287,168,637,318,56,139,38,689,120,583,692,76,577,491,33,308,413,363,708,485,650,91,541,18,326,90,110,179,40,328,654,569,680,558,606,595,333,533,693,96,521,725,239,74,283,481,135,513,13,155,430,511,201,538,539,706,526,216,192,126,423,412,419,270,34,682,495,21,559,645,656,465,540,235,422,468,518,212,250,578,77,15,310,618,123,36,492,740,635,611,676,435,128,388,63,744,281,41,549,509,364,316,627,162,719,609,613,58,9,197,150,166,62,180,570,334,42,707,504,671,517,660,607,602,445,743,244,178,499,312,206,433,78,416,460,728,217,464,322,230,373,161,427,534,455,372,49,219,361,67,417,320,6,241,424,158,229,452,742,5,72,704,234,242,85,466,712,453,80,354,272,467,378,240,365,291,394,98,527,109,221,450,729,338,640,1,198,284,714,401,497,675,143,398,65,237,295,257,288,311,289,177,444,71,686,632,51,0,231,227,735,142,440,687,286,556,441,737,555,625,636,154,236,210,79,553,332,469,243,563,699,605,695,630,648,562,246,68,411,301,599,484,406,48,496,520,581,644,380,426,133,300,59,277,565,439,146,608,488,561,114,304,202,674,741,454,473,722,505,151,181,275,508,75,303,403,204,101,601,329,87,616,262,702,721,32,2,470,184,596,164,302,658,434,545,371,397,662,409,597,448,576,145,330,678,350,586,25,125,24,89,653,579,399,659,623,546,238,582,144,407,269,127,393,382,475,663,55,108,132,400,507,620,370,594,593,149,172,170,493,45,535,102,610,657,732,220,319,203,442,681,575,624,39,23,713,425,646,690,655,268,673,428,280,515,129,73,410,263,447,157,35,189,667,716,633,97,727,360,472,387,186,734,336,29,294,456,321,292,345,524,10,349,547,156,273,366,703,629,572,477,691,147,590,66,94,183,603,8,567,471,749,258,720,324,64,628,359,476,31,585,519,557,353,323,224,683,723,724,163,501,207,342,619,516,141,551,449,652,325,111,69,171,12,218,187,705,568,573,502,612,290,233,525,457,351,112,279,176,106,631,57,317,532,245,282,327,642,26,391,458,670,140,480,446,731,130,622,736,685,200,362,37,431,335,718,591,95,104,54,600,463,664,138,571,487,621,404,604,747,205,418,285,379,228,461,113,537,548,580,506,552,213,543,369,614,357,173,341,267,748,47,118,167,83,414,347,462,528,432,710,415,711,482,28,666,307,
453,208.8522720336914,164481.32424102188,157240.7008898718,175,343,116,701,82,679,88,739,193,726,498,136,429,208,589,14,60,160,738,696,249,331,148,730,684,105,214,746,131,43,223,169,165,53,408,92,368,443,451,715,119,44,3,587,626,340,152,159,305,254,486,638,377,542,733,255,355,356,661,190,438,174,134,271,384,199,61,402,489,694,115,386,474,592,247,514,50,196,668,124,260,698,697,137,293,700,672,352,337,437,297,479,194,252,649,314,339,46,494,550,226,122,709,522,261,564,225,309,232,11,358,647,99,256,86,512,264,117,405,396,306,389,278,459,634,298,222,153,375,530,617,266,536,390,598,574,478,215,81,16,381,346,669,392,367,421,30,503,500,93,745,276,248,103,641,665,299,27,385,259,677,17,100,643,688,211,420,554,84,251,296,274,374,639,490,395,376,383,20,195,121,529,566,52,544,436,651,584,510,717,209,253,107,19,182,70,344,191,313,315,588,188,348,483,615,22,265,560,7,4,531,185,523,287,168,637,318,56,139,38,689,120,583,692,76,577,491,33,308,413,363,708,485,650,91,541,18,326,90,110,179,40,328,654,569,680,558,606,595,333,533,693,96,521,725,239,74,283,481,135,513,13,155,430,511,201,538,539,706,526,216,192,126,423,412,419,270,34,682,495,21,559,645,656,465,540,235,422,468,518,212,250,578,77,15,310,618,123,36,492,740,635,611,676,435,128,388,63,744,281,41,549,509,364,316,627,162,719,609,613,58,9,197,150,166,62,180,570,334,42,707,504,671,517,660,607,602,445,743,244,178,499,312,206,433,78,416,460,728,217,464,322,230,373,161,427,534,455,372,49,219,361,67,417,320,6,241,424,158,229,452,742,5,72,704,234,242,85,466,712,453,80,354,272,467,378,240,365,291,394,98,527,109,221,450,729,338,640,1,198,284,714,401,497,675,143,398,65,237,295,257,288,311,289,177,444,71,686,632,51,0,231,227,735,142,440,687,286,556,441,737,555,625,636,154,236,210,79,553,332,469,243,563,699,605,695,630,648,562,246,68,411,301,599,484,406,48,496,520,581,644,380,426,133,300,59,277,565,439,146,608,488,561,114,304,202,674,741,454,473,722,505,151,181,275,508,75,303,403,204,101,601,329,87,616,262,702,721,32,2,470,184,596,164,302,658,434,545,371,397,662,409,597,448,576,145,330,678,350,586,25,125,24,89,653,579,399,659,623,546,238,582,144,407,269,127,393,382,475,663,55,108,132,400,507,620,370,594,593,149,172,170,493,45,535,102,610,657,732,220,319,203,442,681,575,624,39,23,713,425,646,690,655,268,673,428,280,515,129,73,410,263,447,157,35,189,667,716,633,97,727,360,472,387,186,734,336,29,294,456,321,292,345,524,10,349,547,156,273,366,703,629,572,477,691,147,590,66,94,183,603,8,567,471,749,258,720,324,64,628,359,476,31,585,519,557,353,323,224,683,723,724,163,501,207,342,619,516,141,551,449,652,325,111,69,171,12,218,187,705,568,573,502,612,290,233,525,457,351,112,279,176,106,631,57,317,532,245,282,327,642,26,391,458,670,140,480,446,731,130,622,736,685,200,362,37,431,335,718,591,95,104,54,600,463,664,138,571,487,621,404,604,747,205,418,285,379,228,461,113,537,548,580,506,552,213,543,369,614,357,173,341,267,748,47,118,167,83,414,347,462,528,432,710,415,711,482,28,666,307,
454,209.3001537322998,161808.84540651468,157240.7008898718,175,343,116,701,82,679,88,739,193,726,498,136,429,208,589,14,60,160,738,696,249,331,148,730,684,105,214,746,131,43,223,169,165,53,408,92,368,443,451,715,119,44,3,587,626,340,152,159,305,254,486,638,377,542,733,255,355,356,661,190,438,174,134,271,384,199,61,402,489,694,115,386,474,592,247,514,50,196,668,124,260,698,697,137,293,700,672,352,337,437,297,479,194,252,649,314,339,46,494,550,226,122,709,522,261,564,225,309,232,11,358,647,99,256,86,512,264,117,405,396,306,389,278,459,634,298,222,153,375,530,617,266,536,390,598,574,478,215,81,16,381,346,669,392,367,421,30,503,500,93,745,276,248,103,641,665,299,27,385,259,677,17,100,643,688,211,420,554,84,251,296,274,374,639,490,395,376,383,20,195,121,529,566,52,544,436,651,584,510,717,209,253,107,19,182,70,344,191,313,315,588,188,348,483,615,22,265,560,7,4,531,185,523,287,168,637,318,56,139,38,689,120,583,692,76,577,491,33,308,413,363,708,485,650,91,541,18,326,90,110,179,40,328,654,569,680,558,606,595,333,533,693,96,521,725,239,74,283,481,135,513,13,155,430,511,201,538,539,706,526,216,192,126,423,412,419,270,34,682,495,21,559,645,656,465,540,235,422,468,518,212,250,578,77,15,310,618,123,36,492,740,635,611,676,435,128,388,63,744,281,41,549,509,364,316,627,162,719,609,613,58,9,197,150,166,62,180,570,334,42,707,504,671,517,660,607,602,445,743,244,178,499,312,206,433,78,416,460,728,217,464,322,230,373,161,427,534,455,372,49,219,361,67,417,320,6,241,424,158,229,452,742,5,72,704,234,242,85,466,712,453,80,354,272,467,378,240,365,291,394,98,527,109,221,450,729,338,640,1,198,284,714,401,497,675,143,398,65,237,295,257,288,311,289,177,444,71,686,632,51,0,231,227,735,142,440,687,286,556,441,737,555,625,636,154,236,210,79,553,332,469,243,563,699,605,695,630,648,562,246,68,411,301,599,484,406,48,496,520,581,644,380,426,133,300,59,277,565,439,146,608,488,561,114,304,202,674,741,454,473,722,505,151,181,275,508,75,303,403,204,101,601,329,87,616,262,702,721,32,2,470,184,596,164,302,658,434,545,371,397,662,409,597,448,576,145,330,678,350,586,25,125,24,89,653,579,399,659,623,546,238,582,144,407,269,127,393,382,475,663,55,108,132,400,507,620,370,594,593,149,172,170,493,45,535,102,610,657,732,220,319,203,442,681,575,624,39,23,713,425,646,690,655,268,673,428,280,515,129,73,410,263,447,157,35,189,667,716,633,97,727,360,472,387,186,734,336,29,294,456,321,292,345,524,10,349,547,156,273,366,703,629,572,477,691,147,590,66,94,183,603,8,567,471,749,258,720,324,64,628,359,476,31,585,519,557,353,323,224,683,723,724,163,501,207,342,619,516,141,551,449,652,325,111,69,171,12,218,187,705,568,573,502,612,290,233,525,457,351,112,279,176,106,631,57,317,532,245,282,327,642,26,391,458,670,140,480,446,731,130,622,736,685,200,362,37,431,335,718,591,95,104,54,600,463,664,138,571,487,621,404,604,747,205,418,285,379,228,461,113,537,548,580,506,552,213,543,369,614,357,173,341,267,748,47,118,167,83,414,347,462,528,432,710,415,711,482,28,666,307,
455,209.83973145484924,160787.4731609862,157240.7008898718,175,343,116,701,82,679,88,739,193,726,498,136,429,208,589,14,60,160,738,696,249,331,148,730,684,105,214,746,131,43,223,169,165,53,408,92,368,443,451,715,119,44,3,587,626,340,152,159,305,254,486,638,377,542,733,255,355,356,661,190,438,174,134,271,384,199,61,402,489,694,115,386,474,592,247,514,50,196,668,124,260,698,697,137,293,700,672,352,337,437,297,479,194,252,649,314,339,46,494,550,226,122,709,522,261,564,225,309,232,11,358,647,99,256,86,512,264,117,405,396,306,389,278,459,634,298,222,153,375,530,617,266,536,390,598,574,478,215,81,16,381,346,669,392,367,421,30,503,500,93,745,276,248,103,641,665,299,27,385,259,677,17,100,643,688,211,420,554,84,251,296,274,374,639,490,395,376,383,20,195,121,529,566,52,544,436,651,584,510,717,209,253,107,19,182,70,344,191,313,315,588,188,348,483,615,22,265,560,7,4,531,185,523,287,168,637,318,56,139,38,689,120,583,692,76,577,491,33,308,413,363,708,485,650,91,541,18,326,90,110,179,40,328,654,569,680,558,606,595,333,533,693,96,521,725,239,74,283,481,135,513,13,155,430,511,201,538,539,706,526,216,192,126,423,412,419,270,34,682,495,21,559,645,656,465,540,235,422,468,518,212,250,578,77,15,310,618,123,36,492,740,635,611,676,435,128,388,63,744,281,41,549,509,364,316,627,162,719,609,613,58,9,197,150,166,62,180,570,334,42,707,504,671,517,660,607,602,445,743,244,178,499,312,206,433,78,416,460,728,217,464,322,230,373,161,427,534,455,372,49,219,361,67,417,320,6,241,424,158,229,452,742,5,72,704,234,242,85,466,712,453,80,354,272,467,378,240,365,291,394,98,527,109,221,450,729,338,640,1,198,284,714,401,497,675,143,398,65,237,295,257,288,311,289,177,444,71,686,632,51,0,231,227,735,142,440,687,286,556,441,737,555,625,636,154,236,210,79,553,332,469,243,563,699,605,695,630,648,562,246,68,411,301,599,484,406,48,496,520,581,644,380,426,133,300,59,277,565,439,146,608,488,561,114,304,202,674,741,454,473,722,505,151,181,275,508,75,303,403,204,101,601,329,87,616,262,702,721,32,2,470,184,596,164,302,658,434,545,371,397,662,409,597,448,576,145,330,678,350,586,25,125,24,89,653,579,399,659,623,546,238,582,144,407,269,127,393,382,475,663,55,108,132,400,507,620,370,594,593,149,172,170,493,45,535,102,610,657,732,220,319,203,442,681,575,624,39,23,713,425,646,690,655,268,673,428,280,515,129,73,410,263,447,157,35,189,667,716,633,97,727,360,472,387,186,734,336,29,294,456,321,292,345,524,10,349,547,156,273,366,703,629,572,477,691,147,590,66,94,183,603,8,567,471,749,258,720,324,64,628,359,476,31,585,519,557,353,323,224,683,723,724,163,501,207,342,619,516,141,551,449,652,325,111,69,171,12,218,187,705,568,573,502,612,290,233,525,457,351,112,279,176,106,631,57,317,532,245,282,327,642,26,391,458,670,140,480,446,731,130,622,736,685,200,362,37,431,335,718,591,95,104,54,600,463,664,138,571,487,621,404,604,747,205,418,285,379,228,461,113,537,548,580,506,552,213,543,369,614,357,173,341,267,748,47,118,167,83,414,347,462,528,432,710,415,711,482,28,666,307,
456,210.27108001708984,160752.64146330964,157240.7008898718,175,343,116,701,82,679,88,739,193,726,498,136,429,208,589,14,60,160,738,696,249,331,148,730,684,105,214,746,131,43,223,169,165,53,408,92,368,443,451,715,119,44,3,587,626,340,152,159,305,254,486,638,377,542,733,255,355,356,661,190,438,174,134,271,384,199,61,402,489,694,115,386,474,592,247,514,50,196,668,124,260,698,697,137,293,700,672,352,337,437,297,479,194,252,649,314,339,46,494,550,226,122,709,522,261,564,225,309,232,11,358,647,99,256,86,512,264,117,405,396,306,389,278,459,634,298,222,153,375,530,617,266,536,390,598,574,478,215,81,16,381,346,669,392,367,421,30,503,500,93,745,276,248,103,641,665,299,27,385,259,677,17,100,643,688,211,420,554,84,251,296,274,374,639,490,395,376,383,20,195,121,529,566,52,544,436,651,584,510,717,209,253,107,19,182,70,344,191,313,315,588,188,348,483,615,22,265,560,7,4,531,185,523,287,168,637,318,56,139,38,689,120,583,692,76,577,491,33,308,413,363,708,485,650,91,541,18,326,90,110,179,40,328,654,569,680,558,606,595,333,533,693,96,521,725,239,74,283,481,135,513,13,155,430,511,201,538,539,706,526,216,192,126,423,412,419,270,34,682,495,21,559,645,656,465,540,235,422,468,518,212,250,578,77,15,310,618,123,36,492,740,635,611,676,435,128,388,63,744,281,41,549,509,364,316,627,162,719,609,613,58,9,197,150,166,62,180,570,334,42,707,504,671,517,660,607,602,445,743,244,178,499,312,206,433,78,416,460,728,217,464,322,230,373,161,427,534,455,372,49,219,361,67,417,320,6,241,424,158,229,452,742,5,72,704,234,242,85,466,712,453,80,354,272,467,378,240,365,291,394,98,527,109,221,450,729,338,640,1,198,284,714,401,497,675,143,398,65,237,295,257,288,311,289,177,444,71,686,632,51,0,231,227,735,142,440,687,286,556,441,737,555,625,636,154,236,210,79,553,332,469,243,563,699,605,695,630,648,562,246,68,411,301,599,484,406,48,496,520,581,644,380,426,133,300,59,277,565,439,146,608,488,561,114,304,202,674,741,454,473,722,505,151,181,275,508,75,303,403,204,101,601,329,87,616,262,702,721,32,2,470,184,596,164,302,658,434,545,371,397,662,409,597,448,576,145,330,678,350,586,25,125,24,89,653,579,399,659,623,546,238,582,144,407,269,127,393,382,475,663,55,108,132,400,507,620,370,594,593,149,172,170,493,45,535,102,610,657,732,220,319,203,442,681,575,624,39,23,713,425,646,690,655,268,673,428,280,515,129,73,410,263,447,157,35,189,667,716,633,97,727,360,472,387,186,734,336,29,294,456,321,292,345,524,10,349,547,156,273,366,703,629,572,477,691,147,590,66,94,183,603,8,567,471,749,258,720,324,64,628,359,476,31,585,519,557,353,323,224,683,723,724,163,501,207,342,619,516,141,551,449,652,325,111,69,171,12,218,187,705,568,573,502,612,290,233,525,457,351,112,279,176,106,631,57,317,532,245,282,327,642,26,391,458,670,140,480,446,731,130,622,736,685,200,362,37,431,335,718,591,95,104,54,600,463,664,138,571,487,621,404,604,747,205,418,285,379,228,461,113,537,548,580,506,552,213,543,369,614,357,173,341,267,748,47,118,167,83,414,347,462,528,432,710,415,711,482,28,666,307,
457,210.70655918121338,160415.07219894195,157240.7008898718,175,343,116,701,82,679,88,739,193,726,498,136,429,208,589,14,60,160,738,696,249,331,148,730,684,105,214,746,131,43,223,169,165,53,408,92,368,443,451,715,119,44,3,587,626,340,152,159,305,254,486,638,377,542,733,255,355,356,661,190,438,174,134,271,384,199,61,402,489,694,115,386,474,592,247,514,50,196,668,124,260,698,697,137,293,700,672,352,337,437,297,479,194,252,649,314,339,46,494,550,226,122,709,522,261,564,225,309,232,11,358,647,99,256,86,512,264,117,405,396,306,389,278,459,634,298,222,153,375,530,617,266,536,390,598,574,478,215,81,16,381,346,669,392,367,421,30,503,500,93,745,276,248,103,641,665,299,27,385,259,677,17,100,643,688,211,420,554,84,251,296,274,374,639,490,395,376,383,20,195,121,529,566,52,544,436,651,584,510,717,209,253,107,19,182,70,344,191,313,315,588,188,348,483,615,22,265,560,7,4,531,185,523,287,168,637,318,56,139,38,689,120,583,692,76,577,491,33,308,413,363,708,485,650,91,541,18,326,90,110,179,40,328,654,569,680,558,606,595,333,533,693,96,521,725,239,74,283,481,135,513,13,155,430,511,201,538,539,706,526,216,192,126,423,412,419,270,34,682,495,21,559,645,656,465,540,235,422,468,518,212,250,578,77,15,310,618,123,36,492,740,635,611,676,435,128,388,63,744,281,41,549,509,364,316,627,162,719,609,613,58,9,197,150,166,62,180,570,334,42,707,504,671,517,660,607,602,445,743,244,178,499,312,206,433,78,416,460,728,217,464,322,230,373,161,427,534,455,372,49,219,361,67,417,320,6,241,424,158,229,452,742,5,72,704,234,242,85,466,712,453,80,354,272,467,378,240,365,291,394,98,527,109,221,450,729,338,640,1,198,284,714,401,497,675,143,398,65,237,295,257,288,311,289,177,444,71,686,632,51,0,231,227,735,142,440,687,286,556,441,737,555,625,636,154,236,210,79,553,332,469,243,563,699,605,695,630,648,562,246,68,411,301,599,484,406,48,496,520,581,644,380,426,133,300,59,277,565,439,146,608,488,561,114,304,202,674,741,454,473,722,505,151,181,275,508,75,303,403,204,101,601,329,87,616,262,702,721,32,2,470,184,596,164,302,658,434,545,371,397,662,409,597,448,576,145,330,678,350,586,25,125,24,89,653,579,399,659,623,546,238,582,144,407,269,127,393,382,475,663,55,108,132,400,507,620,370,594,593,149,172,170,493,45,535,102,610,657,732,220,319,203,442,681,575,624,39,23,713,425,646,690,655,268,673,428,280,515,129,73,410,263,447,157,35,189,667,716,633,97,727,360,472,387,186,734,336,29,294,456,321,292,345,524,10,349,547,156,273,366,703,629,572,477,691,147,590,66,94,183,603,8,567,471,749,258,720,324,64,628,359,476,31,585,519,557,353,323,224,683,723,724,163,501,207,342,619,516,141,551,449,652,325,111,69,171,12,218,187,705,568,573,502,612,290,233,525,457,351,112,279,176,106,631,57,317,532,245,282,327,642,26,391,458,670,140,480,446,731,130,622,736,685,200,362,37,431,335,718,591,95,104,54,600,463,664,138,571,487,621,404,604,747,205,418,285,379,228,461,113,537,548,580,506,552,213,543,369,614,357,173,341,267,748,47,118,167,83,414,347,462,528,432,710,415,711,482,28,666,307,
458,211.24717044830322,161673.95148077153,157240.7008898718,175,343,116,701,82,679,88,739,193,726,498,136,429,208,589,14,60,160,738,696,249,331,148,730,684,105,214,746,131,43,223,169,165,53,408,92,368,443,451,715,119,44,3,587,626,340,152,159,305,254,486,638,377,542,733,255,355,356,661,190,438,174,134,271,384,199,61,402,489,694,115,386,474,592,247,514,50,196,668,124,260,698,697,137,293,700,672,352,337,437,297,479,194,252,649,314,339,46,494,550,226,122,709,522,261,564,225,309,232,11,358,647,99,256,86,512,264,117,405,396,306,389,278,459,634,298,222,153,375,530,617,266,536,390,598,574,478,215,81,16,381,346,669,392,367,421,30,503,500,93,745,276,248,103,641,665,299,27,385,259,677,17,100,643,688,211,420,554,84,251,296,274,374,639,490,395,376,383,20,195,121,529,566,52,544,436,651,584,510,717,209,253,107,19,182,70,344,191,313,315,588,188,348,483,615,22,265,560,7,4,531,185,523,287,168,637,318,56,139,38,689,120,583,692,76,577,491,33,308,413,363,708,485,650,91,541,18,326,90,110,179,40,328,654,569,680,558,606,595,333,533,693,96,521,725,239,74,283,481,135,513,13,155,430,511,201,538,539,706,526,216,192,126,423,412,419,270,34,682,495,21,559,645,656,465,540,235,422,468,518,212,250,578,77,15,310,618,123,36,492,740,635,611,676,435,128,388,63,744,281,41,549,509,364,316,627,162,719,609,613,58,9,197,150,166,62,180,570,334,42,707,504,671,517,660,607,602,445,743,244,178,499,312,206,433,78,416,460,728,217,464,322,230,373,161,427,534,455,372,49,219,361,67,417,320,6,241,424,158,229,452,742,5,72,704,234,242,85,466,712,453,80,354,272,467,378,240,365,291,394,98,527,109,221,450,729,338,640,1,198,284,714,401,497,675,143,398,65,237,295,257,288,311,289,177,444,71,686,632,51,0,231,227,735,142,440,687,286,556,441,737,555,625,636,154,236,210,79,553,332,469,243,563,699,605,695,630,648,562,246,68,411,301,599,484,406,48,496,520,581,644,380,426,133,300,59,277,565,439,146,608,488,561,114,304,202,674,741,454,473,722,505,151,181,275,508,75,303,403,204,101,601,329,87,616,262,702,721,32,2,470,184,596,164,302,658,434,545,371,397,662,409,597,448,576,145,330,678,350,586,25,125,24,89,653,579,399,659,623,546,238,582,144,407,269,127,393,382,475,663,55,108,132,400,507,620,370,594,593,149,172,170,493,45,535,102,610,657,732,220,319,203,442,681,575,624,39,23,713,425,646,690,655,268,673,428,280,515,129,73,410,263,447,157,35,189,667,716,633,97,727,360,472,387,186,734,336,29,294,456,321,292,345,524,10,349,547,156,273,366,703,629,572,477,691,147,590,66,94,183,603,8,567,471,749,258,720,324,64,628,359,476,31,585,519,557,353,323,224,683,723,724,163,501,207,342,619,516,141,551,449,652,325,111,69,171,12,218,187,705,568,573,502,612,290,233,525,457,351,112,279,176,106,631,57,317,532,245,282,327,642,26,391,458,670,140,480,446,731,130,622,736,685,200,362,37,431,335,718,591,95,104,54,600,463,664,138,571,487,621,404,604,747,205,418,285,379,228,461,113,537,548,580,506,552,213,543,369,614,357,173,341,267,748,47,118,167,83,414,347,462,528,432,710,415,711,482,28,666,307,
459,211.67165803909302,162027.91738111878,157240.7008898718,175,343,116,701,82,679,88,739,193,726,498,136,429,208,589,14,60,160,738,696,249,331,148,730,684,105,214,746,131,43,223,169,165,53,408,92,368,443,451,715,119,44,3,587,626,340,152,159,305,254,486,638,377,542,733,255,355,356,661,190,438,174,134,271,384,199,61,402,489,694,115,386,474,592,247,514,50,196,668,124,260,698,697,137,293,700,672,352,337,437,297,479,194,252,649,314,339,46,494,550,226,122,709,522,261,564,225,309,232,11,358,647,99,256,86,512,264,117,405,396,306,389,278,459,634,298,222,153,375,530,617,266,536,390,598,574,478,215,81,16,381,346,669,392,367,421,30,503,500,93,745,276,248,103,641,665,299,27,385,259,677,17,100,643,688,211,420,554,84,251,296,274,374,639,490,395,376,383,20,195,121,529,566,52,544,436,651,584,510,717,209,253,107,19,182,70,344,191,313,315,588,188,348,483,615,22,265,560,7,4,531,185,523,287,168,637,318,56,139,38,689,120,583,692,76,577,491,33,308,413,363,708,485,650,91,541,18,326,90,110,179,40,328,654,569,680,558,606,595,333,533,693,96,521,725,239,74,283,481,135,513,13,155,430,511,201,538,539,706,526,216,192,126,423,412,419,270,34,682,495,21,559,645,656,465,540,235,422,468,518,212,250,578,77,15,310,618,123,36,492,740,635,611,676,435,128,388,63,744,281,41,549,509,364,316,627,162,719,609,613,58,9,197,150,166,62,180,570,334,42,707,504,671,517,660,607,602,445,743,244,178,499,312,206,433,78,416,460,728,217,464,322,230,373,161,427,534,455,372,49,219,361,67,417,320,6,241,424,158,229,452,742,5,72,704,234,242,85,466,712,453,80,354,272,467,378,240,365,291,394,98,527,109,221,450,729,338,640,1,198,284,714,401,497,675,143,398,65,237,295,257,288,311,289,177,444,71,686,632,51,0,231,227,735,142,440,687,286,556,441,737,555,625,636,154,236,210,79,553,332,469,243,563,699,605,695,630,648,562,246,68,411,301,599,484,406,48,496,520,581,644,380,426,133,300,59,277,565,439,146,608,488,561,114,304,202,674,741,454,473,722,505,151,181,275,508,75,303,403,204,101,601,329,87,616,262,702,721,32,2,470,184,596,164,302,658,434,545,371,397,662,409,597,448,576,145,330,678,350,586,25,125,24,89,653,579,399,659,623,546,238,582,144,407,269,127,393,382,475,663,55,108,132,400,507,620,370,594,593,149,172,170,493,45,535,102,610,657,732,220,319,203,442,681,575,624,39,23,713,425,646,690,655,268,673,428,280,515,129,73,410,263,447,157,35,189,667,716,633,97,727,360,472,387,186,734,336,29,294,456,321,292,345,524,10,349,547,156,273,366,703,629,572,477,691,147,590,66,94,183,603,8,567,471,749,258,720,324,64,628,359,476,31,585,519,557,353,323,224,683,723,724,163,501,207,342,619,516,141,551,449,652,325,111,69,171,12,218,187,705,568,573,502,612,290,233,525,457,351,112,279,176,106,631,57,317,532,245,282,327,642,26,391,458,670,140,480,446,731,130,622,736,685,200,362,37,431,335,718,591,95,104,54,600,463,664,138,571,487,621,404,604,747,205,418,285,379,228,461,113,537,548,580,506,552,213,543,369,614,357,173,341,267,748,47,118,167,83,414,347,462,528,432,710,415,711,482,28,666,307,
460,212.1330223083496,161437.78053486333,157240.7008898718,175,343,116,701,82,679,88,739,193,726,498,136,429,208,589,14,60,160,738,696,249,331,148,730,684,105,214,746,131,43,223,169,165,53,408,92,368,443,451,715,119,44,3,587,626,340,152,159,305,254,486,638,377,542,733,255,355,356,661,190,438,174,134,271,384,199,61,402,489,694,115,386,474,592,247,514,50,196,668,124,260,698,697,137,293,700,672,352,337,437,297,479,194,252,649,314,339,46,494,550,226,122,709,522,261,564,225,309,232,11,358,647,99,256,86,512,264,117,405,396,306,389,278,459,634,298,222,153,375,530,617,266,536,390,598,574,478,215,81,16,381,346,669,392,367,421,30,503,500,93,745,276,248,103,641,665,299,27,385,259,677,17,100,643,688,211,420,554,84,251,296,274,374,639,490,395,376,383,20,195,121,529,566,52,544,436,651,584,510,717,209,253,107,19,182,70,344,191,313,315,588,188,348,483,615,22,265,560,7,4,531,185,523,287,168,637,318,56,139,38,689,120,583,692,76,577,491,33,308,413,363,708,485,650,91,541,18,326,90,110,179,40,328,654,569,680,558,606,595,333,533,693,96,521,725,239,74,283,481,135,513,13,155,430,511,201,538,539,706,526,216,192,126,423,412,419,270,34,682,495,21,559,645,656,465,540,235,422,468,518,212,250,578,77,15,310,618,123,36,492,740,635,611,676,435,128,388,63,744,281,41,549,509,364,316,627,162,719,609,613,58,9,197,150,166,62,180,570,334,42,707,504,671,517,660,607,602,445,743,244,178,499,312,206,433,78,416,460,728,217,464,322,230,373,161,427,534,455,372,49,219,361,67,417,320,6,241,424,158,229,452,742,5,72,704,234,242,85,466,712,453,80,354,272,467,378,240,365,291,394,98,527,109,221,450,729,338,640,1,198,284,714,401,497,675,143,398,65,237,295,257,288,311,289,177,444,71,686,632,51,0,231,227,735,142,440,687,286,556,441,737,555,625,636,154,236,210,79,553,332,469,243,563,699,605,695,630,648,562,246,68,411,301,599,484,406,48,496,520,581,644,380,426,133,300,59,277,565,439,146,608,488,561,114,304,202,674,741,454,473,722,505,151,181,275,508,75,303,403,204,101,601,329,87,616,262,702,721,32,2,470,184,596,164,302,658,434,545,371,397,662,409,597,448,576,145,330,678,350,586,25,125,24,89,653,579,399,659,623,546,238,582,144,407,269,127,393,382,475,663,55,108,132,400,507,620,370,594,593,149,172,170,493,45,535,102,610,657,732,220,319,203,442,681,575,624,39,23,713,425,646,690,655,268,673,428,280,515,129,73,410,263,447,157,35,189,667,716,633,97,727,360,472,387,186,734,336,29,294,456,321,292,345,524,10,349,547,156,273,366,703,629,572,477,691,147,590,66,94,183,603,8,567,471,749,258,720,324,64,628,359,476,31,585,519,557,353,323,224,683,723,724,163,501,207,342,619,516,141,551,449,652,325,111,69,171,12,218,187,705,568,573,502,612,290,233,525,457,351,112,279,176,106,631,57,317,532,245,282,327,642,26,391,458,670,140,480,446,731,130,622,736,685,200,362,37,431,335,718,591,95,104,54,600,463,664,138,571,487,621,404,604,747,205,418,285,379,228,461,113,537,548,580,506,552,213,543,369,614,357,173,341,267,748,47,118,167,83,414,347,462,528,432,710,415,711,482,28,666,307,
461,212.49476027488708,163187.69128111898,157240.7008898718,175,343,116,701,82,679,88,739,193,726,498,136,429,208,589,14,60,160,738,696,249,331,148,730,684,105,214,746,131,43,223,169,165,53,408,92,368,443,451,715,119,44,3,587,626,340,152,159,305,254,486,638,377,542,733,255,355,356,661,190,438,174,134,271,384,199,61,402,489,694,115,386,474,592,247,514,50,196,668,124,260,698,697,137,293,700,672,352,337,437,297,479,194,252,649,314,339,46,494,550,226,122,709,522,261,564,225,309,232,11,358,647,99,256,86,512,264,117,405,396,306,389,278,459,634,298,222,153,375,530,617,266,536,390,598,574,478,215,81,16,381,346,669,392,367,421,30,503,500,93,745,276,248,103,641,665,299,27,385,259,677,17,100,643,688,211,420,554,84,251,296,274,374,639,490,395,376,383,20,195,121,529,566,52,544,436,651,584,510,717,209,253,107,19,182,70,344,191,313,315,588,188,348,483,615,22,265,560,7,4,531,185,523,287,168,637,318,56,139,38,689,120,583,692,76,577,491,33,308,413,363,708,485,650,91,541,18,326,90,110,179,40,328,654,569,680,558,606,595,333,533,693,96,521,725,239,74,283,481,135,513,13,155,430,511,201,538,539,706,526,216,192,126,423,412,419,270,34,682,495,21,559,645,656,465,540,235,422,468,518,212,250,578,77,15,310,618,123,36,492,740,635,611,676,435,128,388,63,744,281,41,549,509,364,316,627,162,719,609,613,58,9,197,150,166,62,180,570,334,42,707,504,671,517,660,607,602,445,743,244,178,499,312,206,433,78,416,460,728,217,464,322,230,373,161,427,534,455,372,49,219,361,67,417,320,6,241,424,158,229,452,742,5,72,704,234,242,85,466,712,453,80,354,272,467,378,240,365,291,394,98,527,109,221,450,729,338,640,1,198,284,714,401,497,675,143,398,65,237,295,257,288,311,289,177,444,71,686,632,51,0,231,227,735,142,440,687,286,556,441,737,555,625,636,154,236,210,79,553,332,469,243,563,699,605,695,630,648,562,246,68,411,301,599,484,406,48,496,520,581,644,380,426,133,300,59,277,565,439,146,608,488,561,114,304,202,674,741,454,473,722,505,151,181,275,508,75,303,403,204,101,601,329,87,616,262,702,721,32,2,470,184,596,164,302,658,434,545,371,397,662,409,597,448,576,145,330,678,350,586,25,125,24,89,653,579,399,659,623,546,238,582,144,407,269,127,393,382,475,663,55,108,132,400,507,620,370,594,593,149,172,170,493,45,535,102,610,657,732,220,319,203,442,681,575,624,39,23,713,425,646,690,655,268,673,428,280,515,129,73,410,263,447,157,35,189,667,716,633,97,727,360,472,387,186,734,336,29,294,456,321,292,345,524,10,349,547,156,273,366,703,629,572,477,691,147,590,66,94,183,603,8,567,471,749,258,720,324,64,628,359,476,31,585,519,557,353,323,224,683,723,724,163,501,207,342,619,516,141,551,449,652,325,111,69,171,12,218,187,705,568,573,502,612,290,233,525,457,351,112,279,176,106,631,57,317,532,245,282,327,642,26,391,458,670,140,480,446,731,130,622,736,685,200,362,37,431,335,718,591,95,104,54,600,463,664,138,571,487,621,404,604,747,205,418,285,379,228,461,113,537,548,580,506,552,213,543,369,614,357,173,341,267,748,47,118,167,83,414,347,462,528,432,710,415,711,482,28,666,307,
462,212.93653893470764,162014.86634967782,157240.7008898718,175,343,116,701,82,679,88,739,193,726,498,136,429,208,589,14,60,160,738,696,249,331,148,730,684,105,214,746,131,43,223,169,165,53,408,92,368,443,451,715,119,44,3,587,626,340,152,159,305,254,486,638,377,542,733,255,355,356,661,190,438,174,134,271,384,199,61,402,489,694,115,386,474,592,247,514,50,196,668,124,260,698,697,137,293,700,672,352,337,437,297,479,194,252,649,314,339,46,494,550,226,122,709,522,261,564,225,309,232,11,358,647,99,256,86,512,264,117,405,396,306,389,278,459,634,298,222,153,375,530,617,266,536,390,598,574,478,215,81,16,381,346,669,392,367,421,30,503,500,93,745,276,248,103,641,665,299,27,385,259,677,17,100,643,688,211,420,554,84,251,296,274,374,639,490,395,376,383,20,195,121,529,566,52,544,436,651,584,510,717,209,253,107,19,182,70,344,191,313,315,588,188,348,483,615,22,265,560,7,4,531,185,523,287,168,637,318,56,139,38,689,120,583,692,76,577,491,33,308,413,363,708,485,650,91,541,18,326,90,110,179,40,328,654,569,680,558,606,595,333,533,693,96,521,725,239,74,283,481,135,513,13,155,430,511,201,538,539,706,526,216,192,126,423,412,419,270,34,682,495,21,559,645,656,465,540,235,422,468,518,212,250,578,77,15,310,618,123,36,492,740,635,611,676,435,128,388,63,744,281,41,549,509,364,316,627,162,719,609,613,58,9,197,150,166,62,180,570,334,42,707,504,671,517,660,607,602,445,743,244,178,499,312,206,433,78,416,460,728,217,464,322,230,373,161,427,534,455,372,49,219,361,67,417,320,6,241,424,158,229,452,742,5,72,704,234,242,85,466,712,453,80,354,272,467,378,240,365,291,394,98,527,109,221,450,729,338,640,1,198,284,714,401,497,675,143,398,65,237,295,257,288,311,289,177,444,71,686,632,51,0,231,227,735,142,440,687,286,556,441,737,555,625,636,154,236,210,79,553,332,469,243,563,699,605,695,630,648,562,246,68,411,301,599,484,406,48,496,520,581,644,380,426,133,300,59,277,565,439,146,608,488,561,114,304,202,674,741,454,473,722,505,151,181,275,508,75,303,403,204,101,601,329,87,616,262,702,721,32,2,470,184,596,164,302,658,434,545,371,397,662,409,597,448,576,145,330,678,350,586,25,125,24,89,653,579,399,659,623,546,238,582,144,407,269,127,393,382,475,663,55,108,132,400,507,620,370,594,593,149,172,170,493,45,535,102,610,657,732,220,319,203,442,681,575,624,39,23,713,425,646,690,655,268,673,428,280,515,129,73,410,263,447,157,35,189,667,716,633,97,727,360,472,387,186,734,336,29,294,456,321,292,345,524,10,349,547,156,273,366,703,629,572,477,691,147,590,66,94,183,603,8,567,471,749,258,720,324,64,628,359,476,31,585,519,557,353,323,224,683,723,724,163,501,207,342,619,516,141,551,449,652,325,111,69,171,12,218,187,705,568,573,502,612,290,233,525,457,351,112,279,176,106,631,57,317,532,245,282,327,642,26,391,458,670,140,480,446,731,130,622,736,685,200,362,37,431,335,718,591,95,104,54,600,463,664,138,571,487,621,404,604,747,205,418,285,379,228,461,113,537,548,580,506,552,213,543,369,614,357,173,341,267,748,47,118,167,83,414,347,462,528,432,710,415,711,482,28,666,307,
463,213.42309427261353,162200.9775951512,157240.7008898718,175,343,116,701,82,679,88,739,193,726,498,136,429,208,589,14,60,160,738,696,249,331,148,730,684,105,214,746,131,43,223,169,165,53,408,92,368,443,451,715,119,44,3,587,626,340,152,159,305,254,486,638,377,542,733,255,355,356,661,190,438,174,134,271,384,199,61,402,489,694,115,386,474,592,247,514,50,196,668,124,260,698,697,137,293,700,672,352,337,437,297,479,194,252,649,314,339,46,494,550,226,122,709,522,261,564,225,309,232,11,358,647,99,256,86,512,264,117,405,396,306,389,278,459,634,298,222,153,375,530,617,266,536,390,598,574,478,215,81,16,381,346,669,392,367,421,30,503,500,93,745,276,248,103,641,665,299,27,385,259,677,17,100,643,688,211,420,554,84,251,296,274,374,639,490,395,376,383,20,195,121,529,566,52,544,436,651,584,510,717,209,253,107,19,182,70,344,191,313,315,588,188,348,483,615,22,265,560,7,4,531,185,523,287,168,637,318,56,139,38,689,120,583,692,76,577,491,33,308,413,363,708,485,650,91,541,18,326,90,110,179,40,328,654,569,680,558,606,595,333,533,693,96,521,725,239,74,283,481,135,513,13,155,430,511,201,538,539,706,526,216,192,126,423,412,419,270,34,682,495,21,559,645,656,465,540,235,422,468,518,212,250,578,77,15,310,618,123,36,492,740,635,611,676,435,128,388,63,744,281,41,549,509,364,316,627,162,719,609,613,58,9,197,150,166,62,180,570,334,42,707,504,671,517,660,607,602,445,743,244,178,499,312,206,433,78,416,460,728,217,464,322,230,373,161,427,534,455,372,49,219,361,67,417,320,6,241,424,158,229,452,742,5,72,704,234,242,85,466,712,453,80,354,272,467,378,240,365,291,394,98,527,109,221,450,729,338,640,1,198,284,714,401,497,675,143,398,65,237,295,257,288,311,289,177,444,71,686,632,51,0,231,227,735,142,440,687,286,556,441,737,555,625,636,154,236,210,79,553,332,469,243,563,699,605,695,630,648,562,246,68,411,301,599,484,406,48,496,520,581,644,380,426,133,300,59,277,565,439,146,608,488,561,114,304,202,674,741,454,473,722,505,151,181,275,508,75,303,403,204,101,601,329,87,616,262,702,721,32,2,470,184,596,164,302,658,434,545,371,397,662,409,597,448,576,145,330,678,350,586,25,125,24,89,653,579,399,659,623,546,238,582,144,407,269,127,393,382,475,663,55,108,132,400,507,620,370,594,593,149,172,170,493,45,535,102,610,657,732,220,319,203,442,681,575,624,39,23,713,425,646,690,655,268,673,428,280,515,129,73,410,263,447,157,35,189,667,716,633,97,727,360,472,387,186,734,336,29,294,456,321,292,345,524,10,349,547,156,273,366,703,629,572,477,691,147,590,66,94,183,603,8,567,471,749,258,720,324,64,628,359,476,31,585,519,557,353,323,224,683,723,724,163,501,207,342,619,516,141,551,449,652,325,111,69,171,12,218,187,705,568,573,502,612,290,233,525,457,351,112,279,176,106,631,57,317,532,245,282,327,642,26,391,458,670,140,480,446,731,130,622,736,685,200,362,37,431,335,718,591,95,104,54,600,463,664,138,571,487,621,404,604,747,205,418,285,379,228,461,113,537,548,580,506,552,213,543,369,614,357,173,341,267,748,47,118,167,83,414,347,462,528,432,710,415,711,482,28,666,307,
464,213.8706374168396,inf,157240.7008898718,175,343,116,701,82,679,88,739,193,726,498,136,429,208,589,14,60,160,738,696,249,331,148,730,684,105,214,746,131,43,223,169,165,53,408,92,368,443,451,715,119,44,3,587,626,340,152,159,305,254,486,638,377,542,733,255,355,356,661,190,438,174,134,271,384,199,61,402,489,694,115,386,474,592,247,514,50,196,668,124,260,698,697,137,293,700,672,352,337,437,297,479,194,252,649,314,339,46,494,550,226,122,709,522,261,564,225,309,232,11,358,647,99,256,86,512,264,117,405,396,306,389,278,459,634,298,222,153,375,530,617,266,536,390,598,574,478,215,81,16,381,346,669,392,367,421,30,503,500,93,745,276,248,103,641,665,299,27,385,259,677,17,100,643,688,211,420,554,84,251,296,274,374,639,490,395,376,383,20,195,121,529,566,52,544,436,651,584,510,717,209,253,107,19,182,70,344,191,313,315,588,188,348,483,615,22,265,560,7,4,531,185,523,287,168,637,318,56,139,38,689,120,583,692,76,577,491,33,308,413,363,708,485,650,91,541,18,326,90,110,179,40,328,654,569,680,558,606,595,333,533,693,96,521,725,239,74,283,481,135,513,13,155,430,511,201,538,539,706,526,216,192,126,423,412,419,270,34,682,495,21,559,645,656,465,540,235,422,468,518,212,250,578,77,15,310,618,123,36,492,740,635,611,676,435,128,388,63,744,281,41,549,509,364,316,627,162,719,609,613,58,9,197,150,166,62,180,570,334,42,707,504,671,517,660,607,602,445,743,244,178,499,312,206,433,78,416,460,728,217,464,322,230,373,161,427,534,455,372,49,219,361,67,417,320,6,241,424,158,229,452,742,5,72,704,234,242,85,466,712,453,80,354,272,467,378,240,365,291,394,98,527,109,221,450,729,338,640,1,198,284,714,401,497,675,143,398,65,237,295,257,288,311,289,177,444,71,686,632,51,0,231,227,735,142,440,687,286,556,441,737,555,625,636,154,236,210,79,553,332,469,243,563,699,605,695,630,648,562,246,68,411,301,599,484,406,48,496,520,581,644,380,426,133,300,59,277,565,439,146,608,488,561,114,304,202,674,741,454,473,722,505,151,181,275,508,75,303,403,204,101,601,329,87,616,262,702,721,32,2,470,184,596,164,302,658,434,545,371,397,662,409,597,448,576,145,330,678,350,586,25,125,24,89,653,579,399,659,623,546,238,582,144,407,269,127,393,382,475,663,55,108,132,400,507,620,370,594,593,149,172,170,493,45,535,102,610,657,732,220,319,203,442,681,575,624,39,23,713,425,646,690,655,268,673,428,280,515,129,73,410,263,447,157,35,189,667,716,633,97,727,360,472,387,186,734,336,29,294,456,321,292,345,524,10,349,547,156,273,366,703,629,572,477,691,147,590,66,94,183,603,8,567,471,749,258,720,324,64,628,359,476,31,585,519,557,353,323,224,683,723,724,163,501,207,342,619,516,141,551,449,652,325,111,69,171,12,218,187,705,568,573,502,612,290,233,525,457,351,112,279,176,106,631,57,317,532,245,282,327,642,26,391,458,670,140,480,446,731,130,622,736,685,200,362,37,431,335,718,591,95,104,54,600,463,664,138,571,487,621,404,604,747,205,418,285,379,228,461,113,537,548,580,506,552,213,543,369,614,357,173,341,267,748,47,118,167,83,414,347,462,528,432,710,415,711,482,28,666,307,
465,214.34652996063232,162538.83762250337,157240.7008898718,175,343,116,701,82,679,88,739,193,726,498,136,429,208,589,14,60,160,738,696,249,331,148,730,684,105,214,746,131,43,223,169,165,53,408,92,368,443,451,715,119,44,3,587,626,340,152,159,305,254,486,638,377,542,733,255,355,356,661,190,438,174,134,271,384,199,61,402,489,694,115,386,474,592,247,514,50,196,668,124,260,698,697,137,293,700,672,352,337,437,297,479,194,252,649,314,339,46,494,550,226,122,709,522,261,564,225,309,232,11,358,647,99,256,86,512,264,117,405,396,306,389,278,459,634,298,222,153,375,530,617,266,536,390,598,574,478,215,81,16,381,346,669,392,367,421,30,503,500,93,745,276,248,103,641,665,299,27,385,259,677,17,100,643,688,211,420,554,84,251,296,274,374,639,490,395,376,383,20,195,121,529,566,52,544,436,651,584,510,717,209,253,107,19,182,70,344,191,313,315,588,188,348,483,615,22,265,560,7,4,531,185,523,287,168,637,318,56,139,38,689,120,583,692,76,577,491,33,308,413,363,708,485,650,91,541,18,326,90,110,179,40,328,654,569,680,558,606,595,333,533,693,96,521,725,239,74,283,481,135,513,13,155,430,511,201,538,539,706,526,216,192,126,423,412,419,270,34,682,495,21,559,645,656,465,540,235,422,468,518,212,250,578,77,15,310,618,123,36,492,740,635,611,676,435,128,388,63,744,281,41,549,509,364,316,627,162,719,609,613,58,9,197,150,166,62,180,570,334,42,707,504,671,517,660,607,602,445,743,244,178,499,312,206,433,78,416,460,728,217,464,322,230,373,161,427,534,455,372,49,219,361,67,417,320,6,241,424,158,229,452,742,5,72,704,234,242,85,466,712,453,80,354,272,467,378,240,365,291,394,98,527,109,221,450,729,338,640,1,198,284,714,401,497,675,143,398,65,237,295,257,288,311,289,177,444,71,686,632,51,0,231,227,735,142,440,687,286,556,441,737,555,625,636,154,236,210,79,553,332,469,243,563,699,605,695,630,648,562,246,68,411,301,599,484,406,48,496,520,581,644,380,426,133,300,59,277,565,439,146,608,488,561,114,304,202,674,741,454,473,722,505,151,181,275,508,75,303,403,204,101,601,329,87,616,262,702,721,32,2,470,184,596,164,302,658,434,545,371,397,662,409,597,448,576,145,330,678,350,586,25,125,24,89,653,579,399,659,623,546,238,582,144,407,269,127,393,382,475,663,55,108,132,400,507,620,370,594,593,149,172,170,493,45,535,102,610,657,732,220,319,203,442,681,575,624,39,23,713,425,646,690,655,268,673,428,280,515,129,73,410,263,447,157,35,189,667,716,633,97,727,360,472,387,186,734,336,29,294,456,321,292,345,524,10,349,547,156,273,366,703,629,572,477,691,147,590,66,94,183,603,8,567,471,749,258,720,324,64,628,359,476,31,585,519,557,353,323,224,683,723,724,163,501,207,342,619,516,141,551,449,652,325,111,69,171,12,218,187,705,568,573,502,612,290,233,525,457,351,112,279,176,106,631,57,317,532,245,282,327,642,26,391,458,670,140,480,446,731,130,622,736,685,200,362,37,431,335,718,591,95,104,54,600,463,664,138,571,487,621,404,604,747,205,418,285,379,228,461,113,537,548,580,506,552,213,543,369,614,357,173,341,267,748,47,118,167,83,414,347,462,528,432,710,415,711,482,28,666,307,
466,214.77186131477356,163461.31196989614,157240.7008898718,175,343,116,701,82,679,88,739,193,726,498,136,429,208,589,14,60,160,738,696,249,331,148,730,684,105,214,746,131,43,223,169,165,53,408,92,368,443,451,715,119,44,3,587,626,340,152,159,305,254,486,638,377,542,733,255,355,356,661,190,438,174,134,271,384,199,61,402,489,694,115,386,474,592,247,514,50,196,668,124,260,698,697,137,293,700,672,352,337,437,297,479,194,252,649,314,339,46,494,550,226,122,709,522,261,564,225,309,232,11,358,647,99,256,86,512,264,117,405,396,306,389,278,459,634,298,222,153,375,530,617,266,536,390,598,574,478,215,81,16,381,346,669,392,367,421,30,503,500,93,745,276,248,103,641,665,299,27,385,259,677,17,100,643,688,211,420,554,84,251,296,274,374,639,490,395,376,383,20,195,121,529,566,52,544,436,651,584,510,717,209,253,107,19,182,70,344,191,313,315,588,188,348,483,615,22,265,560,7,4,531,185,523,287,168,637,318,56,139,38,689,120,583,692,76,577,491,33,308,413,363,708,485,650,91,541,18,326,90,110,179,40,328,654,569,680,558,606,595,333,533,693,96,521,725,239,74,283,481,135,513,13,155,430,511,201,538,539,706,526,216,192,126,423,412,419,270,34,682,495,21,559,645,656,465,540,235,422,468,518,212,250,578,77,15,310,618,123,36,492,740,635,611,676,435,128,388,63,744,281,41,549,509,364,316,627,162,719,609,613,58,9,197,150,166,62,180,570,334,42,707,504,671,517,660,607,602,445,743,244,178,499,312,206,433,78,416,460,728,217,464,322,230,373,161,427,534,455,372,49,219,361,67,417,320,6,241,424,158,229,452,742,5,72,704,234,242,85,466,712,453,80,354,272,467,378,240,365,291,394,98,527,109,221,450,729,338,640,1,198,284,714,401,497,675,143,398,65,237,295,257,288,311,289,177,444,71,686,632,51,0,231,227,735,142,440,687,286,556,441,737,555,625,636,154,236,210,79,553,332,469,243,563,699,605,695,630,648,562,246,68,411,301,599,484,406,48,496,520,581,644,380,426,133,300,59,277,565,439,146,608,488,561,114,304,202,674,741,454,473,722,505,151,181,275,508,75,303,403,204,101,601,329,87,616,262,702,721,32,2,470,184,596,164,302,658,434,545,371,397,662,409,597,448,576,145,330,678,350,586,25,125,24,89,653,579,399,659,623,546,238,582,144,407,269,127,393,382,475,663,55,108,132,400,507,620,370,594,593,149,172,170,493,45,535,102,610,657,732,220,319,203,442,681,575,624,39,23,713,425,646,690,655,268,673,428,280,515,129,73,410,263,447,157,35,189,667,716,633,97,727,360,472,387,186,734,336,29,294,456,321,292,345,524,10,349,547,156,273,366,703,629,572,477,691,147,590,66,94,183,603,8,567,471,749,258,720,324,64,628,359,476,31,585,519,557,353,323,224,683,723,724,163,501,207,342,619,516,141,551,449,652,325,111,69,171,12,218,187,705,568,573,502,612,290,233,525,457,351,112,279,176,106,631,57,317,532,245,282,327,642,26,391,458,670,140,480,446,731,130,622,736,685,200,362,37,431,335,718,591,95,104,54,600,463,664,138,571,487,621,404,604,747,205,418,285,379,228,461,113,537,548,580,506,552,213,543,369,614,357,173,341,267,748,47,118,167,83,414,347,462,528,432,710,415,711,482,28,666,307,
467,215.21313881874084,161959.02505445748,157240.7008898718,175,343,116,701,82,679,88,739,193,726,498,136,429,208,589,14,60,160,738,696,249,331,148,730,684,105,214,746,131,43,223,169,165,53,408,92,368,443,451,715,119,44,3,587,626,340,152,159,305,254,486,638,377,542,733,255,355,356,661,190,438,174,134,271,384,199,61,402,489,694,115,386,474,592,247,514,50,196,668,124,260,698,697,137,293,700,672,352,337,437,297,479,194,252,649,314,339,46,494,550,226,122,709,522,261,564,225,309,232,11,358,647,99,256,86,512,264,117,405,396,306,389,278,459,634,298,222,153,375,530,617,266,536,390,598,574,478,215,81,16,381,346,669,392,367,421,30,503,500,93,745,276,248,103,641,665,299,27,385,259,677,17,100,643,688,211,420,554,84,251,296,274,374,639,490,395,376,383,20,195,121,529,566,52,544,436,651,584,510,717,209,253,107,19,182,70,344,191,313,315,588,188,348,483,615,22,265,560,7,4,531,185,523,287,168,637,318,56,139,38,689,120,583,692,76,577,491,33,308,413,363,708,485,650,91,541,18,326,90,110,179,40,328,654,569,680,558,606,595,333,533,693,96,521,725,239,74,283,481,135,513,13,155,430,511,201,538,539,706,526,216,192,126,423,412,419,270,34,682,495,21,559,645,656,465,540,235,422,468,518,212,250,578,77,15,310,618,123,36,492,740,635,611,676,435,128,388,63,744,281,41,549,509,364,316,627,162,719,609,613,58,9,197,150,166,62,180,570,334,42,707,504,671,517,660,607,602,445,743,244,178,499,312,206,433,78,416,460,728,217,464,322,230,373,161,427,534,455,372,49,219,361,67,417,320,6,241,424,158,229,452,742,5,72,704,234,242,85,466,712,453,80,354,272,467,378,240,365,291,394,98,527,109,221,450,729,338,640,1,198,284,714,401,497,675,143,398,65,237,295,257,288,311,289,177,444,71,686,632,51,0,231,227,735,142,440,687,286,556,441,737,555,625,636,154,236,210,79,553,332,469,243,563,699,605,695,630,648,562,246,68,411,301,599,484,406,48,496,520,581,644,380,426,133,300,59,277,565,439,146,608,488,561,114,304,202,674,741,454,473,722,505,151,181,275,508,75,303,403,204,101,601,329,87,616,262,702,721,32,2,470,184,596,164,302,658,434,545,371,397,662,409,597,448,576,145,330,678,350,586,25,125,24,89,653,579,399,659,623,546,238,582,144,407,269,127,393,382,475,663,55,108,132,400,507,620,370,594,593,149,172,170,493,45,535,102,610,657,732,220,319,203,442,681,575,624,39,23,713,425,646,690,655,268,673,428,280,515,129,73,410,263,447,157,35,189,667,716,633,97,727,360,472,387,186,734,336,29,294,456,321,292,345,524,10,349,547,156,273,366,703,629,572,477,691,147,590,66,94,183,603,8,567,471,749,258,720,324,64,628,359,476,31,585,519,557,353,323,224,683,723,724,163,501,207,342,619,516,141,551,449,652,325,111,69,171,12,218,187,705,568,573,502,612,290,233,525,457,351,112,279,176,106,631,57,317,532,245,282,327,642,26,391,458,670,140,480,446,731,130,622,736,685,200,362,37,431,335,718,591,95,104,54,600,463,664,138,571,487,621,404,604,747,205,418,285,379,228,461,113,537,548,580,506,552,213,543,369,614,357,173,341,267,748,47,118,167,83,414,347,462,528,432,710,415,711,482,28,666,307,
468,215.6427285671234,160692.95278935702,157240.7008898718,175,343,116,701,82,679,88,739,193,726,498,136,429,208,589,14,60,160,738,696,249,331,148,730,684,105,214,746,131,43,223,169,165,53,408,92,368,443,451,715,119,44,3,587,626,340,152,159,305,254,486,638,377,542,733,255,355,356,661,190,438,174,134,271,384,199,61,402,489,694,115,386,474,592,247,514,50,196,668,124,260,698,697,137,293,700,672,352,337,437,297,479,194,252,649,314,339,46,494,550,226,122,709,522,261,564,225,309,232,11,358,647,99,256,86,512,264,117,405,396,306,389,278,459,634,298,222,153,375,530,617,266,536,390,598,574,478,215,81,16,381,346,669,392,367,421,30,503,500,93,745,276,248,103,641,665,299,27,385,259,677,17,100,643,688,211,420,554,84,251,296,274,374,639,490,395,376,383,20,195,121,529,566,52,544,436,651,584,510,717,209,253,107,19,182,70,344,191,313,315,588,188,348,483,615,22,265,560,7,4,531,185,523,287,168,637,318,56,139,38,689,120,583,692,76,577,491,33,308,413,363,708,485,650,91,541,18,326,90,110,179,40,328,654,569,680,558,606,595,333,533,693,96,521,725,239,74,283,481,135,513,13,155,430,511,201,538,539,706,526,216,192,126,423,412,419,270,34,682,495,21,559,645,656,465,540,235,422,468,518,212,250,578,77,15,310,618,123,36,492,740,635,611,676,435,128,388,63,744,281,41,549,509,364,316,627,162,719,609,613,58,9,197,150,166,62,180,570,334,42,707,504,671,517,660,607,602,445,743,244,178,499,312,206,433,78,416,460,728,217,464,322,230,373,161,427,534,455,372,49,219,361,67,417,320,6,241,424,158,229,452,742,5,72,704,234,242,85,466,712,453,80,354,272,467,378,240,365,291,394,98,527,109,221,450,729,338,640,1,198,284,714,401,497,675,143,398,65,237,295,257,288,311,289,177,444,71,686,632,51,0,231,227,735,142,440,687,286,556,441,737,555,625,636,154,236,210,79,553,332,469,243,563,699,605,695,630,648,562,246,68,411,301,599,484,406,48,496,520,581,644,380,426,133,300,59,277,565,439,146,608,488,561,114,304,202,674,741,454,473,722,505,151,181,275,508,75,303,403,204,101,601,329,87,616,262,702,721,32,2,470,184,596,164,302,658,434,545,371,397,662,409,597,448,576,145,330,678,350,586,25,125,24,89,653,579,399,659,623,546,238,582,144,407,269,127,393,382,475,663,55,108,132,400,507,620,370,594,593,149,172,170,493,45,535,102,610,657,732,220,319,203,442,681,575,624,39,23,713,425,646,690,655,268,673,428,280,515,129,73,410,263,447,157,35,189,667,716,633,97,727,360,472,387,186,734,336,29,294,456,321,292,345,524,10,349,547,156,273,366,703,629,572,477,691,147,590,66,94,183,603,8,567,471,749,258,720,324,64,628,359,476,31,585,519,557,353,323,224,683,723,724,163,501,207,342,619,516,141,551,449,652,325,111,69,171,12,218,187,705,568,573,502,612,290,233,525,457,351,112,279,176,106,631,57,317,532,245,282,327,642,26,391,458,670,140,480,446,731,130,622,736,685,200,362,37,431,335,718,591,95,104,54,600,463,664,138,571,487,621,404,604,747,205,418,285,379,228,461,113,537,548,580,506,552,213,543,369,614,357,173,341,267,748,47,118,167,83,414,347,462,528,432,710,415,711,482,28,666,307,
469,216.06202960014343,161429.14874842632,157240.7008898718,175,343,116,701,82,679,88,739,193,726,498,136,429,208,589,14,60,160,738,696,249,331,148,730,684,105,214,746,131,43,223,169,165,53,408,92,368,443,451,715,119,44,3,587,626,340,152,159,305,254,486,638,377,542,733,255,355,356,661,190,438,174,134,271,384,199,61,402,489,694,115,386,474,592,247,514,50,196,668,124,260,698,697,137,293,700,672,352,337,437,297,479,194,252,649,314,339,46,494,550,226,122,709,522,261,564,225,309,232,11,358,647,99,256,86,512,264,117,405,396,306,389,278,459,634,298,222,153,375,530,617,266,536,390,598,574,478,215,81,16,381,346,669,392,367,421,30,503,500,93,745,276,248,103,641,665,299,27,385,259,677,17,100,643,688,211,420,554,84,251,296,274,374,639,490,395,376,383,20,195,121,529,566,52,544,436,651,584,510,717,209,253,107,19,182,70,344,191,313,315,588,188,348,483,615,22,265,560,7,4,531,185,523,287,168,637,318,56,139,38,689,120,583,692,76,577,491,33,308,413,363,708,485,650,91,541,18,326,90,110,179,40,328,654,569,680,558,606,595,333,533,693,96,521,725,239,74,283,481,135,513,13,155,430,511,201,538,539,706,526,216,192,126,423,412,419,270,34,682,495,21,559,645,656,465,540,235,422,468,518,212,250,578,77,15,310,618,123,36,492,740,635,611,676,435,128,388,63,744,281,41,549,509,364,316,627,162,719,609,613,58,9,197,150,166,62,180,570,334,42,707,504,671,517,660,607,602,445,743,244,178,499,312,206,433,78,416,460,728,217,464,322,230,373,161,427,534,455,372,49,219,361,67,417,320,6,241,424,158,229,452,742,5,72,704,234,242,85,466,712,453,80,354,272,467,378,240,365,291,394,98,527,109,221,450,729,338,640,1,198,284,714,401,497,675,143,398,65,237,295,257,288,311,289,177,444,71,686,632,51,0,231,227,735,142,440,687,286,556,441,737,555,625,636,154,236,210,79,553,332,469,243,563,699,605,695,630,648,562,246,68,411,301,599,484,406,48,496,520,581,644,380,426,133,300,59,277,565,439,146,608,488,561,114,304,202,674,741,454,473,722,505,151,181,275,508,75,303,403,204,101,601,329,87,616,262,702,721,32,2,470,184,596,164,302,658,434,545,371,397,662,409,597,448,576,145,330,678,350,586,25,125,24,89,653,579,399,659,623,546,238,582,144,407,269,127,393,382,475,663,55,108,132,400,507,620,370,594,593,149,172,170,493,45,535,102,610,657,732,220,319,203,442,681,575,624,39,23,713,425,646,690,655,268,673,428,280,515,129,73,410,263,447,157,35,189,667,716,633,97,727,360,472,387,186,734,336,29,294,456,321,292,345,524,10,349,547,156,273,366,703,629,572,477,691,147,590,66,94,183,603,8,567,471,749,258,720,324,64,628,359,476,31,585,519,557,353,323,224,683,723,724,163,501,207,342,619,516,141,551,449,652,325,111,69,171,12,218,187,705,568,573,502,612,290,233,525,457,351,112,279,176,106,631,57,317,532,245,282,327,642,26,391,458,670,140,480,446,731,130,622,736,685,200,362,37,431,335,718,591,95,104,54,600,463,664,138,571,487,621,404,604,747,205,418,285,379,228,461,113,537,548,580,506,552,213,543,369,614,357,173,341,267,748,47,118,167,83,414,347,462,528,432,710,415,711,482,28,666,307,
470,216.49431037902832,159917.0702215242,157240.7008898718,175,343,116,701,82,679,88,739,193,726,498,136,429,208,589,14,60,160,738,696,249,331,148,730,684,105,214,746,131,43,223,169,165,53,408,92,368,443,451,715,119,44,3,587,626,340,152,159,305,254,486,638,377,542,733,255,355,356,661,190,438,174,134,271,384,199,61,402,489,694,115,386,474,592,247,514,50,196,668,124,260,698,697,137,293,700,672,352,337,437,297,479,194,252,649,314,339,46,494,550,226,122,709,522,261,564,225,309,232,11,358,647,99,256,86,512,264,117,405,396,306,389,278,459,634,298,222,153,375,530,617,266,536,390,598,574,478,215,81,16,381,346,669,392,367,421,30,503,500,93,745,276,248,103,641,665,299,27,385,259,677,17,100,643,688,211,420,554,84,251,296,274,374,639,490,395,376,383,20,195,121,529,566,52,544,436,651,584,510,717,209,253,107,19,182,70,344,191,313,315,588,188,348,483,615,22,265,560,7,4,531,185,523,287,168,637,318,56,139,38,689,120,583,692,76,577,491,33,308,413,363,708,485,650,91,541,18,326,90,110,179,40,328,654,569,680,558,606,595,333,533,693,96,521,725,239,74,283,481,135,513,13,155,430,511,201,538,539,706,526,216,192,126,423,412,419,270,34,682,495,21,559,645,656,465,540,235,422,468,518,212,250,578,77,15,310,618,123,36,492,740,635,611,676,435,128,388,63,744,281,41,549,509,364,316,627,162,719,609,613,58,9,197,150,166,62,180,570,334,42,707,504,671,517,660,607,602,445,743,244,178,499,312,206,433,78,416,460,728,217,464,322,230,373,161,427,534,455,372,49,219,361,67,417,320,6,241,424,158,229,452,742,5,72,704,234,242,85,466,712,453,80,354,272,467,378,240,365,291,394,98,527,109,221,450,729,338,640,1,198,284,714,401,497,675,143,398,65,237,295,257,288,311,289,177,444,71,686,632,51,0,231,227,735,142,440,687,286,556,441,737,555,625,636,154,236,210,79,553,332,469,243,563,699,605,695,630,648,562,246,68,411,301,599,484,406,48,496,520,581,644,380,426,133,300,59,277,565,439,146,608,488,561,114,304,202,674,741,454,473,722,505,151,181,275,508,75,303,403,204,101,601,329,87,616,262,702,721,32,2,470,184,596,164,302,658,434,545,371,397,662,409,597,448,576,145,330,678,350,586,25,125,24,89,653,579,399,659,623,546,238,582,144,407,269,127,393,382,475,663,55,108,132,400,507,620,370,594,593,149,172,170,493,45,535,102,610,657,732,220,319,203,442,681,575,624,39,23,713,425,646,690,655,268,673,428,280,515,129,73,410,263,447,157,35,189,667,716,633,97,727,360,472,387,186,734,336,29,294,456,321,292,345,524,10,349,547,156,273,366,703,629,572,477,691,147,590,66,94,183,603,8,567,471,749,258,720,324,64,628,359,476,31,585,519,557,353,323,224,683,723,724,163,501,207,342,619,516,141,551,449,652,325,111,69,171,12,218,187,705,568,573,502,612,290,233,525,457,351,112,279,176,106,631,57,317,532,245,282,327,642,26,391,458,670,140,480,446,731,130,622,736,685,200,362,37,431,335,718,591,95,104,54,600,463,664,138,571,487,621,404,604,747,205,418,285,379,228,461,113,537,548,580,506,552,213,543,369,614,357,173,341,267,748,47,118,167,83,414,347,462,528,432,710,415,711,482,28,666,307,
471,216.9067873954773,161407.3169623925,157240.7008898718,175,343,116,701,82,679,88,739,193,726,498,136,429,208,589,14,60,160,738,696,249,331,148,730,684,105,214,746,131,43,223,169,165,53,408,92,368,443,451,715,119,44,3,587,626,340,152,159,305,254,486,638,377,542,733,255,355,356,661,190,438,174,134,271,384,199,61,402,489,694,115,386,474,592,247,514,50,196,668,124,260,698,697,137,293,700,672,352,337,437,297,479,194,252,649,314,339,46,494,550,226,122,709,522,261,564,225,309,232,11,358,647,99,256,86,512,264,117,405,396,306,389,278,459,634,298,222,153,375,530,617,266,536,390,598,574,478,215,81,16,381,346,669,392,367,421,30,503,500,93,745,276,248,103,641,665,299,27,385,259,677,17,100,643,688,211,420,554,84,251,296,274,374,639,490,395,376,383,20,195,121,529,566,52,544,436,651,584,510,717,209,253,107,19,182,70,344,191,313,315,588,188,348,483,615,22,265,560,7,4,531,185,523,287,168,637,318,56,139,38,689,120,583,692,76,577,491,33,308,413,363,708,485,650,91,541,18,326,90,110,179,40,328,654,569,680,558,606,595,333,533,693,96,521,725,239,74,283,481,135,513,13,155,430,511,201,538,539,706,526,216,192,126,423,412,419,270,34,682,495,21,559,645,656,465,540,235,422,468,518,212,250,578,77,15,310,618,123,36,492,740,635,611,676,435,128,388,63,744,281,41,549,509,364,316,627,162,719,609,613,58,9,197,150,166,62,180,570,334,42,707,504,671,517,660,607,602,445,743,244,178,499,312,206,433,78,416,460,728,217,464,322,230,373,161,427,534,455,372,49,219,361,67,417,320,6,241,424,158,229,452,742,5,72,704,234,242,85,466,712,453,80,354,272,467,378,240,365,291,394,98,527,109,221,450,729,338,640,1,198,284,714,401,497,675,143,398,65,237,295,257,288,311,289,177,444,71,686,632,51,0,231,227,735,142,440,687,286,556,441,737,555,625,636,154,236,210,79,553,332,469,243,563,699,605,695,630,648,562,246,68,411,301,599,484,406,48,496,520,581,644,380,426,133,300,59,277,565,439,146,608,488,561,114,304,202,674,741,454,473,722,505,151,181,275,508,75,303,403,204,101,601,329,87,616,262,702,721,32,2,470,184,596,164,302,658,434,545,371,397,662,409,597,448,576,145,330,678,350,586,25,125,24,89,653,579,399,659,623,546,238,582,144,407,269,127,393,382,475,663,55,108,132,400,507,620,370,594,593,149,172,170,493,45,535,102,610,657,732,220,319,203,442,681,575,624,39,23,713,425,646,690,655,268,673,428,280,515,129,73,410,263,447,157,35,189,667,716,633,97,727,360,472,387,186,734,336,29,294,456,321,292,345,524,10,349,547,156,273,366,703,629,572,477,691,147,590,66,94,183,603,8,567,471,749,258,720,324,64,628,359,476,31,585,519,557,353,323,224,683,723,724,163,501,207,342,619,516,141,551,449,652,325,111,69,171,12,218,187,705,568,573,502,612,290,233,525,457,351,112,279,176,106,631,57,317,532,245,282,327,642,26,391,458,670,140,480,446,731,130,622,736,685,200,362,37,431,335,718,591,95,104,54,600,463,664,138,571,487,621,404,604,747,205,418,285,379,228,461,113,537,548,580,506,552,213,543,369,614,357,173,341,267,748,47,118,167,83,414,347,462,528,432,710,415,711,482,28,666,307,
472,217.32237362861633,162707.7550819339,157240.7008898718,175,343,116,701,82,679,88,739,193,726,498,136,429,208,589,14,60,160,738,696,249,331,148,730,684,105,214,746,131,43,223,169,165,53,408,92,368,443,451,715,119,44,3,587,626,340,152,159,305,254,486,638,377,542,733,255,355,356,661,190,438,174,134,271,384,199,61,402,489,694,115,386,474,592,247,514,50,196,668,124,260,698,697,137,293,700,672,352,337,437,297,479,194,252,649,314,339,46,494,550,226,122,709,522,261,564,225,309,232,11,358,647,99,256,86,512,264,117,405,396,306,389,278,459,634,298,222,153,375,530,617,266,536,390,598,574,478,215,81,16,381,346,669,392,367,421,30,503,500,93,745,276,248,103,641,665,299,27,385,259,677,17,100,643,688,211,420,554,84,251,296,274,374,639,490,395,376,383,20,195,121,529,566,52,544,436,651,584,510,717,209,253,107,19,182,70,344,191,313,315,588,188,348,483,615,22,265,560,7,4,531,185,523,287,168,637,318,56,139,38,689,120,583,692,76,577,491,33,308,413,363,708,485,650,91,541,18,326,90,110,179,40,328,654,569,680,558,606,595,333,533,693,96,521,725,239,74,283,481,135,513,13,155,430,511,201,538,539,706,526,216,192,126,423,412,419,270,34,682,495,21,559,645,656,465,540,235,422,468,518,212,250,578,77,15,310,618,123,36,492,740,635,611,676,435,128,388,63,744,281,41,549,509,364,316,627,162,719,609,613,58,9,197,150,166,62,180,570,334,42,707,504,671,517,660,607,602,445,743,244,178,499,312,206,433,78,416,460,728,217,464,322,230,373,161,427,534,455,372,49,219,361,67,417,320,6,241,424,158,229,452,742,5,72,704,234,242,85,466,712,453,80,354,272,467,378,240,365,291,394,98,527,109,221,450,729,338,640,1,198,284,714,401,497,675,143,398,65,237,295,257,288,311,289,177,444,71,686,632,51,0,231,227,735,142,440,687,286,556,441,737,555,625,636,154,236,210,79,553,332,469,243,563,699,605,695,630,648,562,246,68,411,301,599,484,406,48,496,520,581,644,380,426,133,300,59,277,565,439,146,608,488,561,114,304,202,674,741,454,473,722,505,151,181,275,508,75,303,403,204,101,601,329,87,616,262,702,721,32,2,470,184,596,164,302,658,434,545,371,397,662,409,597,448,576,145,330,678,350,586,25,125,24,89,653,579,399,659,623,546,238,582,144,407,269,127,393,382,475,663,55,108,132,400,507,620,370,594,593,149,172,170,493,45,535,102,610,657,732,220,319,203,442,681,575,624,39,23,713,425,646,690,655,268,673,428,280,515,129,73,410,263,447,157,35,189,667,716,633,97,727,360,472,387,186,734,336,29,294,456,321,292,345,524,10,349,547,156,273,366,703,629,572,477,691,147,590,66,94,183,603,8,567,471,749,258,720,324,64,628,359,476,31,585,519,557,353,323,224,683,723,724,163,501,207,342,619,516,141,551,449,652,325,111,69,171,12,218,187,705,568,573,502,612,290,233,525,457,351,112,279,176,106,631,57,317,532,245,282,327,642,26,391,458,670,140,480,446,731,130,622,736,685,200,362,37,431,335,718,591,95,104,54,600,463,664,138,571,487,621,404,604,747,205,418,285,379,228,461,113,537,548,580,506,552,213,543,369,614,357,173,341,267,748,47,118,167,83,414,347,462,528,432,710,415,711,482,28,666,307,
473,217.887282371521,160833.14045844003,157240.7008898718,175,343,116,701,82,679,88,739,193,726,498,136,429,208,589,14,60,160,738,696,249,331,148,730,684,105,214,746,131,43,223,169,165,53,408,92,368,443,451,715,119,44,3,587,626,340,152,159,305,254,486,638,377,542,733,255,355,356,661,190,438,174,134,271,384,199,61,402,489,694,115,386,474,592,247,514,50,196,668,124,260,698,697,137,293,700,672,352,337,437,297,479,194,252,649,314,339,46,494,550,226,122,709,522,261,564,225,309,232,11,358,647,99,256,86,512,264,117,405,396,306,389,278,459,634,298,222,153,375,530,617,266,536,390,598,574,478,215,81,16,381,346,669,392,367,421,30,503,500,93,745,276,248,103,641,665,299,27,385,259,677,17,100,643,688,211,420,554,84,251,296,274,374,639,490,395,376,383,20,195,121,529,566,52,544,436,651,584,510,717,209,253,107,19,182,70,344,191,313,315,588,188,348,483,615,22,265,560,7,4,531,185,523,287,168,637,318,56,139,38,689,120,583,692,76,577,491,33,308,413,363,708,485,650,91,541,18,326,90,110,179,40,328,654,569,680,558,606,595,333,533,693,96,521,725,239,74,283,481,135,513,13,155,430,511,201,538,539,706,526,216,192,126,423,412,419,270,34,682,495,21,559,645,656,465,540,235,422,468,518,212,250,578,77,15,310,618,123,36,492,740,635,611,676,435,128,388,63,744,281,41,549,509,364,316,627,162,719,609,613,58,9,197,150,166,62,180,570,334,42,707,504,671,517,660,607,602,445,743,244,178,499,312,206,433,78,416,460,728,217,464,322,230,373,161,427,534,455,372,49,219,361,67,417,320,6,241,424,158,229,452,742,5,72,704,234,242,85,466,712,453,80,354,272,467,378,240,365,291,394,98,527,109,221,450,729,338,640,1,198,284,714,401,497,675,143,398,65,237,295,257,288,311,289,177,444,71,686,632,51,0,231,227,735,142,440,687,286,556,441,737,555,625,636,154,236,210,79,553,332,469,243,563,699,605,695,630,648,562,246,68,411,301,599,484,406,48,496,520,581,644,380,426,133,300,59,277,565,439,146,608,488,561,114,304,202,674,741,454,473,722,505,151,181,275,508,75,303,403,204,101,601,329,87,616,262,702,721,32,2,470,184,596,164,302,658,434,545,371,397,662,409,597,448,576,145,330,678,350,586,25,125,24,89,653,579,399,659,623,546,238,582,144,407,269,127,393,382,475,663,55,108,132,400,507,620,370,594,593,149,172,170,493,45,535,102,610,657,732,220,319,203,442,681,575,624,39,23,713,425,646,690,655,268,673,428,280,515,129,73,410,263,447,157,35,189,667,716,633,97,727,360,472,387,186,734,336,29,294,456,321,292,345,524,10,349,547,156,273,366,703,629,572,477,691,147,590,66,94,183,603,8,567,471,749,258,720,324,64,628,359,476,31,585,519,557,353,323,224,683,723,724,163,501,207,342,619,516,141,551,449,652,325,111,69,171,12,218,187,705,568,573,502,612,290,233,525,457,351,112,279,176,106,631,57,317,532,245,282,327,642,26,391,458,670,140,480,446,731,130,622,736,685,200,362,37,431,335,718,591,95,104,54,600,463,664,138,571,487,621,404,604,747,205,418,285,379,228,461,113,537,548,580,506,552,213,543,369,614,357,173,341,267,748,47,118,167,83,414,347,462,528,432,710,415,711,482,28,666,307,
474,218.39721083641052,161908.0386885964,157163.29860720428,53,408,92,368,443,451,715,119,44,3,587,626,340,152,159,305,254,486,638,377,542,733,255,355,356,661,190,438,174,134,271,384,199,61,402,489,694,115,386,474,592,247,514,50,196,668,124,260,698,697,137,293,700,672,352,337,437,297,479,194,252,649,314,339,46,494,550,226,122,709,522,261,564,225,309,232,11,358,647,99,256,86,512,264,117,405,396,306,389,278,459,634,298,222,153,375,530,617,266,536,390,598,574,478,215,81,16,381,346,669,392,367,421,30,503,500,93,745,276,248,103,641,665,299,27,385,259,677,17,100,643,688,211,420,554,84,251,296,274,374,639,490,395,376,383,20,195,121,529,566,52,544,436,651,584,510,717,209,253,107,19,182,70,344,191,313,315,588,188,348,483,615,22,265,560,7,4,531,185,523,287,168,637,318,56,139,38,689,120,583,692,76,577,491,33,308,413,363,708,485,650,91,541,18,326,90,110,179,40,328,654,569,680,558,606,595,333,533,693,96,521,725,239,74,283,481,135,513,13,155,430,511,201,538,539,706,526,216,192,126,423,412,419,270,34,682,495,21,559,645,656,465,540,235,422,468,518,212,250,578,77,15,310,618,123,36,492,740,635,611,676,435,128,388,63,744,281,41,549,509,364,316,627,162,719,609,613,58,9,197,150,166,62,180,570,334,42,707,504,671,517,660,607,602,445,743,244,178,499,312,206,433,78,416,460,728,217,464,322,230,373,161,427,534,455,372,49,219,361,67,417,320,6,241,424,158,229,452,742,5,72,704,23,713,425,646,690,655,268,673,428,280,515,129,73,410,263,447,157,35,189,667,527,366,703,629,156,273,109,221,450,729,338,640,1,198,284,714,401,497,675,143,398,65,237,295,257,288,311,289,177,444,71,686,632,51,0,231,227,735,142,440,687,286,556,441,737,555,625,636,154,236,210,79,553,332,469,243,563,699,605,695,630,648,562,246,68,411,301,599,484,406,48,496,520,581,644,380,426,133,300,59,277,565,439,146,608,488,561,114,304,202,674,741,454,473,722,151,505,329,87,616,579,32,721,702,399,262,659,623,2,470,184,596,164,302,658,434,545,371,397,662,409,597,448,576,145,330,678,350,586,25,89,653,24,125,101,181,275,75,508,204,403,303,601,546,238,582,144,407,269,127,393,382,475,663,55,108,132,400,507,620,370,594,593,149,172,170,493,45,535,102,610,657,732,220,319,203,442,681,575,624,39,234,242,85,466,712,453,80,354,272,467,378,240,365,291,394,98,716,633,97,727,360,472,387,186,734,336,29,294,456,349,547,524,10,345,292,321,477,691,572,147,590,66,94,183,603,8,567,471,749,258,720,324,64,628,359,476,31,585,519,557,353,323,224,683,723,724,163,501,207,342,619,516,141,551,449,652,325,111,69,171,12,218,187,705,612,502,573,568,290,233,525,457,351,112,279,176,106,631,57,317,532,245,282,327,642,26,391,458,670,140,480,446,731,130,622,736,685,200,362,37,431,335,718,591,95,104,54,600,463,664,138,571,487,621,404,604,747,205,418,285,379,228,461,113,537,548,580,506,552,213,543,369,614,357,173,341,267,748,47,118,167,83,414,347,462,528,432,710,415,711,482,28,666,307,175,343,116,701,82,679,88,739,193,726,498,136,429,208,589,14,60,160,738,696,249,331,148,730,684,105,214,746,131,43,223,169,165,
475,219.46710014343262,161591.1579353254,157163.29860720428,53,408,92,368,443,451,715,119,44,3,587,626,340,152,159,305,254,486,638,377,542,733,255,355,356,661,190,438,174,134,271,384,199,61,402,489,694,115,386,474,592,247,514,50,196,668,124,260,698,697,137,293,700,672,352,337,437,297,479,194,252,649,314,339,46,494,550,226,122,709,522,261,564,225,309,232,11,358,647,99,256,86,512,264,117,405,396,306,389,278,459,634,298,222,153,375,530,617,266,536,390,598,574,478,215,81,16,381,346,669,392,367,421,30,503,500,93,745,276,248,103,641,665,299,27,385,259,677,17,100,643,688,211,420,554,84,251,296,274,374,639,490,395,376,383,20,195,121,529,566,52,544,436,651,584,510,717,209,253,107,19,182,70,344,191,313,315,588,188,348,483,615,22,265,560,7,4,531,185,523,287,168,637,318,56,139,38,689,120,583,692,76,577,491,33,308,413,363,708,485,650,91,541,18,326,90,110,179,40,328,654,569,680,558,606,595,333,533,693,96,521,725,239,74,283,481,135,513,13,155,430,511,201,538,539,706,526,216,192,126,423,412,419,270,34,682,495,21,559,645,656,465,540,235,422,468,518,212,250,578,77,15,310,618,123,36,492,740,635,611,676,435,128,388,63,744,281,41,549,509,364,316,627,162,719,609,613,58,9,197,150,166,62,180,570,334,42,707,504,671,517,660,607,602,445,743,244,178,499,312,206,433,78,416,460,728,217,464,322,230,373,161,427,534,455,372,49,219,361,67,417,320,6,241,424,158,229,452,742,5,72,704,23,713,425,646,690,655,268,673,428,280,515,129,73,410,263,447,157,35,189,667,527,366,703,629,156,273,109,221,450,729,338,640,1,198,284,714,401,497,675,143,398,65,237,295,257,288,311,289,177,444,71,686,632,51,0,231,227,735,142,440,687,286,556,441,737,555,625,636,154,236,210,79,553,332,469,243,563,699,605,695,630,648,562,246,68,411,301,599,484,406,48,496,520,581,644,380,426,133,300,59,277,565,439,146,608,488,561,114,304,202,674,741,454,473,722,151,505,329,87,616,579,32,721,702,399,262,659,623,2,470,184,596,164,302,658,434,545,371,397,662,409,597,448,576,145,330,678,350,586,25,89,653,24,125,101,181,275,75,508,204,403,303,601,546,238,582,144,407,269,127,393,382,475,663,55,108,132,400,507,620,370,594,593,149,172,170,493,45,535,102,610,657,732,220,319,203,442,681,575,624,39,234,242,85,466,712,453,80,354,272,467,378,240,365,291,394,98,716,633,97,727,360,472,387,186,734,336,29,294,456,349,547,524,10,345,292,321,477,691,572,147,590,66,94,183,603,8,567,471,749,258,720,324,64,628,359,476,31,585,519,557,353,323,224,683,723,724,163,501,207,342,619,516,141,551,449,652,325,111,69,171,12,218,187,705,612,502,573,568,290,233,525,457,351,112,279,176,106,631,57,317,532,245,282,327,642,26,391,458,670,140,480,446,731,130,622,736,685,200,362,37,431,335,718,591,95,104,54,600,463,664,138,571,487,621,404,604,747,205,418,285,379,228,461,113,537,548,580,506,552,213,543,369,614,357,173,341,267,748,47,118,167,83,414,347,462,528,432,710,415,711,482,28,666,307,175,343,116,701,82,679,88,739,193,726,498,136,429,208,589,14,60,160,738,696,249,331,148,730,684,105,214,746,131,43,223,169,165,
476,220.2068338394165,160738.5938823743,157163.29860720428,53,408,92,368,443,451,715,119,44,3,587,626,340,152,159,305,254,486,638,377,542,733,255,355,356,661,190,438,174,134,271,384,199,61,402,489,694,115,386,474,592,247,514,50,196,668,124,260,698,697,137,293,700,672,352,337,437,297,479,194,252,649,314,339,46,494,550,226,122,709,522,261,564,225,309,232,11,358,647,99,256,86,512,264,117,405,396,306,389,278,459,634,298,222,153,375,530,617,266,536,390,598,574,478,215,81,16,381,346,669,392,367,421,30,503,500,93,745,276,248,103,641,665,299,27,385,259,677,17,100,643,688,211,420,554,84,251,296,274,374,639,490,395,376,383,20,195,121,529,566,52,544,436,651,584,510,717,209,253,107,19,182,70,344,191,313,315,588,188,348,483,615,22,265,560,7,4,531,185,523,287,168,637,318,56,139,38,689,120,583,692,76,577,491,33,308,413,363,708,485,650,91,541,18,326,90,110,179,40,328,654,569,680,558,606,595,333,533,693,96,521,725,239,74,283,481,135,513,13,155,430,511,201,538,539,706,526,216,192,126,423,412,419,270,34,682,495,21,559,645,656,465,540,235,422,468,518,212,250,578,77,15,310,618,123,36,492,740,635,611,676,435,128,388,63,744,281,41,549,509,364,316,627,162,719,609,613,58,9,197,150,166,62,180,570,334,42,707,504,671,517,660,607,602,445,743,244,178,499,312,206,433,78,416,460,728,217,464,322,230,373,161,427,534,455,372,49,219,361,67,417,320,6,241,424,158,229,452,742,5,72,704,23,713,425,646,690,655,268,673,428,280,515,129,73,410,263,447,157,35,189,667,527,366,703,629,156,273,109,221,450,729,338,640,1,198,284,714,401,497,675,143,398,65,237,295,257,288,311,289,177,444,71,686,632,51,0,231,227,735,142,440,687,286,556,441,737,555,625,636,154,236,210,79,553,332,469,243,563,699,605,695,630,648,562,246,68,411,301,599,484,406,48,496,520,581,644,380,426,133,300,59,277,565,439,146,608,488,561,114,304,202,674,741,454,473,722,151,505,329,87,616,579,32,721,702,399,262,659,623,2,470,184,596,164,302,658,434,545,371,397,662,409,597,448,576,145,330,678,350,586,25,89,653,24,125,101,181,275,75,508,204,403,303,601,546,238,582,144,407,269,127,393,382,475,663,55,108,132,400,507,620,370,594,593,149,172,170,493,45,535,102,610,657,732,220,319,203,442,681,575,624,39,234,242,85,466,712,453,80,354,272,467,378,240,365,291,394,98,716,633,97,727,360,472,387,186,734,336,29,294,456,349,547,524,10,345,292,321,477,691,572,147,590,66,94,183,603,8,567,471,749,258,720,324,64,628,359,476,31,585,519,557,353,323,224,683,723,724,163,501,207,342,619,516,141,551,449,652,325,111,69,171,12,218,187,705,612,502,573,568,290,233,525,457,351,112,279,176,106,631,57,317,532,245,282,327,642,26,391,458,670,140,480,446,731,130,622,736,685,200,362,37,431,335,718,591,95,104,54,600,463,664,138,571,487,621,404,604,747,205,418,285,379,228,461,113,537,548,580,506,552,213,543,369,614,357,173,341,267,748,47,118,167,83,414,347,462,528,432,710,415,711,482,28,666,307,175,343,116,701,82,679,88,739,193,726,498,136,429,208,589,14,60,160,738,696,249,331,148,730,684,105,214,746,131,43,223,169,165,
477,220.85733580589294,160860.55599053428,157163.29860720428,53,408,92,368,443,451,715,119,44,3,587,626,340,152,159,305,254,486,638,377,542,733,255,355,356,661,190,438,174,134,271,384,199,61,402,489,694,115,386,474,592,247,514,50,196,668,124,260,698,697,137,293,700,672,352,337,437,297,479,194,252,649,314,339,46,494,550,226,122,709,522,261,564,225,309,232,11,358,647,99,256,86,512,264,117,405,396,306,389,278,459,634,298,222,153,375,530,617,266,536,390,598,574,478,215,81,16,381,346,669,392,367,421,30,503,500,93,745,276,248,103,641,665,299,27,385,259,677,17,100,643,688,211,420,554,84,251,296,274,374,639,490,395,376,383,20,195,121,529,566,52,544,436,651,584,510,717,209,253,107,19,182,70,344,191,313,315,588,188,348,483,615,22,265,560,7,4,531,185,523,287,168,637,318,56,139,38,689,120,583,692,76,577,491,33,308,413,363,708,485,650,91,541,18,326,90,110,179,40,328,654,569,680,558,606,595,333,533,693,96,521,725,239,74,283,481,135,513,13,155,430,511,201,538,539,706,526,216,192,126,423,412,419,270,34,682,495,21,559,645,656,465,540,235,422,468,518,212,250,578,77,15,310,618,123,36,492,740,635,611,676,435,128,388,63,744,281,41,549,509,364,316,627,162,719,609,613,58,9,197,150,166,62,180,570,334,42,707,504,671,517,660,607,602,445,743,244,178,499,312,206,433,78,416,460,728,217,464,322,230,373,161,427,534,455,372,49,219,361,67,417,320,6,241,424,158,229,452,742,5,72,704,23,713,425,646,690,655,268,673,428,280,515,129,73,410,263,447,157,35,189,667,527,366,703,629,156,273,109,221,450,729,338,640,1,198,284,714,401,497,675,143,398,65,237,295,257,288,311,289,177,444,71,686,632,51,0,231,227,735,142,440,687,286,556,441,737,555,625,636,154,236,210,79,553,332,469,243,563,699,605,695,630,648,562,246,68,411,301,599,484,406,48,496,520,581,644,380,426,133,300,59,277,565,439,146,608,488,561,114,304,202,674,741,454,473,722,151,505,329,87,616,579,32,721,702,399,262,659,623,2,470,184,596,164,302,658,434,545,371,397,662,409,597,448,576,145,330,678,350,586,25,89,653,24,125,101,181,275,75,508,204,403,303,601,546,238,582,144,407,269,127,393,382,475,663,55,108,132,400,507,620,370,594,593,149,172,170,493,45,535,102,610,657,732,220,319,203,442,681,575,624,39,234,242,85,466,712,453,80,354,272,467,378,240,365,291,394,98,716,633,97,727,360,472,387,186,734,336,29,294,456,349,547,524,10,345,292,321,477,691,572,147,590,66,94,183,603,8,567,471,749,258,720,324,64,628,359,476,31,585,519,557,353,323,224,683,723,724,163,501,207,342,619,516,141,551,449,652,325,111,69,171,12,218,187,705,612,502,573,568,290,233,525,457,351,112,279,176,106,631,57,317,532,245,282,327,642,26,391,458,670,140,480,446,731,130,622,736,685,200,362,37,431,335,718,591,95,104,54,600,463,664,138,571,487,621,404,604,747,205,418,285,379,228,461,113,537,548,580,506,552,213,543,369,614,357,173,341,267,748,47,118,167,83,414,347,462,528,432,710,415,711,482,28,666,307,175,343,116,701,82,679,88,739,193,726,498,136,429,208,589,14,60,160,738,696,249,331,148,730,684,105,214,746,131,43,223,169,165,
478,221.43210077285767,161260.34453809948,157163.29860720428,53,408,92,368,443,451,715,119,44,3,587,626,340,152,159,305,254,486,638,377,542,733,255,355,356,661,190,438,174,134,271,384,199,61,402,489,694,115,386,474,592,247,514,50,196,668,124,260,698,697,137,293,700,672,352,337,437,297,479,194,252,649,314,339,46,494,550,226,122,709,522,261,564,225,309,232,11,358,647,99,256,86,512,264,117,405,396,306,389,278,459,634,298,222,153,375,530,617,266,536,390,598,574,478,215,81,16,381,346,669,392,367,421,30,503,500,93,745,276,248,103,641,665,299,27,385,259,677,17,100,643,688,211,420,554,84,251,296,274,374,639,490,395,376,383,20,195,121,529,566,52,544,436,651,584,510,717,209,253,107,19,182,70,344,191,313,315,588,188,348,483,615,22,265,560,7,4,531,185,523,287,168,637,318,56,139,38,689,120,583,692,76,577,491,33,308,413,363,708,485,650,91,541,18,326,90,110,179,40,328,654,569,680,558,606,595,333,533,693,96,521,725,239,74,283,481,135,513,13,155,430,511,201,538,539,706,526,216,192,126,423,412,419,270,34,682,495,21,559,645,656,465,540,235,422,468,518,212,250,578,77,15,310,618,123,36,492,740,635,611,676,435,128,388,63,744,281,41,549,509,364,316,627,162,719,609,613,58,9,197,150,166,62,180,570,334,42,707,504,671,517,660,607,602,445,743,244,178,499,312,206,433,78,416,460,728,217,464,322,230,373,161,427,534,455,372,49,219,361,67,417,320,6,241,424,158,229,452,742,5,72,704,23,713,425,646,690,655,268,673,428,280,515,129,73,410,263,447,157,35,189,667,527,366,703,629,156,273,109,221,450,729,338,640,1,198,284,714,401,497,675,143,398,65,237,295,257,288,311,289,177,444,71,686,632,51,0,231,227,735,142,440,687,286,556,441,737,555,625,636,154,236,210,79,553,332,469,243,563,699,605,695,630,648,562,246,68,411,301,599,484,406,48,496,520,581,644,380,426,133,300,59,277,565,439,146,608,488,561,114,304,202,674,741,454,473,722,151,505,329,87,616,579,32,721,702,399,262,659,623,2,470,184,596,164,302,658,434,545,371,397,662,409,597,448,576,145,330,678,350,586,25,89,653,24,125,101,181,275,75,508,204,403,303,601,546,238,582,144,407,269,127,393,382,475,663,55,108,132,400,507,620,370,594,593,149,172,170,493,45,535,102,610,657,732,220,319,203,442,681,575,624,39,234,242,85,466,712,453,80,354,272,467,378,240,365,291,394,98,716,633,97,727,360,472,387,186,734,336,29,294,456,349,547,524,10,345,292,321,477,691,572,147,590,66,94,183,603,8,567,471,749,258,720,324,64,628,359,476,31,585,519,557,353,323,224,683,723,724,163,501,207,342,619,516,141,551,449,652,325,111,69,171,12,218,187,705,612,502,573,568,290,233,525,457,351,112,279,176,106,631,57,317,532,245,282,327,642,26,391,458,670,140,480,446,731,130,622,736,685,200,362,37,431,335,718,591,95,104,54,600,463,664,138,571,487,621,404,604,747,205,418,285,379,228,461,113,537,548,580,506,552,213,543,369,614,357,173,341,267,748,47,118,167,83,414,347,462,528,432,710,415,711,482,28,666,307,175,343,116,701,82,679,88,739,193,726,498,136,429,208,589,14,60,160,738,696,249,331,148,730,684,105,214,746,131,43,223,169,165,
479,222.02240300178528,162410.5037451255,157163.29860720428,53,408,92,368,443,451,715,119,44,3,587,626,340,152,159,305,254,486,638,377,542,733,255,355,356,661,190,438,174,134,271,384,199,61,402,489,694,115,386,474,592,247,514,50,196,668,124,260,698,697,137,293,700,672,352,337,437,297,479,194,252,649,314,339,46,494,550,226,122,709,522,261,564,225,309,232,11,358,647,99,256,86,512,264,117,405,396,306,389,278,459,634,298,222,153,375,530,617,266,536,390,598,574,478,215,81,16,381,346,669,392,367,421,30,503,500,93,745,276,248,103,641,665,299,27,385,259,677,17,100,643,688,211,420,554,84,251,296,274,374,639,490,395,376,383,20,195,121,529,566,52,544,436,651,584,510,717,209,253,107,19,182,70,344,191,313,315,588,188,348,483,615,22,265,560,7,4,531,185,523,287,168,637,318,56,139,38,689,120,583,692,76,577,491,33,308,413,363,708,485,650,91,541,18,326,90,110,179,40,328,654,569,680,558,606,595,333,533,693,96,521,725,239,74,283,481,135,513,13,155,430,511,201,538,539,706,526,216,192,126,423,412,419,270,34,682,495,21,559,645,656,465,540,235,422,468,518,212,250,578,77,15,310,618,123,36,492,740,635,611,676,435,128,388,63,744,281,41,549,509,364,316,627,162,719,609,613,58,9,197,150,166,62,180,570,334,42,707,504,671,517,660,607,602,445,743,244,178,499,312,206,433,78,416,460,728,217,464,322,230,373,161,427,534,455,372,49,219,361,67,417,320,6,241,424,158,229,452,742,5,72,704,23,713,425,646,690,655,268,673,428,280,515,129,73,410,263,447,157,35,189,667,527,366,703,629,156,273,109,221,450,729,338,640,1,198,284,714,401,497,675,143,398,65,237,295,257,288,311,289,177,444,71,686,632,51,0,231,227,735,142,440,687,286,556,441,737,555,625,636,154,236,210,79,553,332,469,243,563,699,605,695,630,648,562,246,68,411,301,599,484,406,48,496,520,581,644,380,426,133,300,59,277,565,439,146,608,488,561,114,304,202,674,741,454,473,722,151,505,329,87,616,579,32,721,702,399,262,659,623,2,470,184,596,164,302,658,434,545,371,397,662,409,597,448,576,145,330,678,350,586,25,89,653,24,125,101,181,275,75,508,204,403,303,601,546,238,582,144,407,269,127,393,382,475,663,55,108,132,400,507,620,370,594,593,149,172,170,493,45,535,102,610,657,732,220,319,203,442,681,575,624,39,234,242,85,466,712,453,80,354,272,467,378,240,365,291,394,98,716,633,97,727,360,472,387,186,734,336,29,294,456,349,547,524,10,345,292,321,477,691,572,147,590,66,94,183,603,8,567,471,749,258,720,324,64,628,359,476,31,585,519,557,353,323,224,683,723,724,163,501,207,342,619,516,141,551,449,652,325,111,69,171,12,218,187,705,612,502,573,568,290,233,525,457,351,112,279,176,106,631,57,317,532,245,282,327,642,26,391,458,670,140,480,446,731,130,622,736,685,200,362,37,431,335,718,591,95,104,54,600,463,664,138,571,487,621,404,604,747,205,418,285,379,228,461,113,537,548,580,506,552,213,543,369,614,357,173,341,267,748,47,118,167,83,414,347,462,528,432,710,415,711,482,28,666,307,175,343,116,701,82,679,88,739,193,726,498,136,429,208,589,14,60,160,738,696,249,331,148,730,684,105,214,746,131,43,223,169,165,
480,222.57098197937012,161623.49830990142,157163.29860720428,53,408,92,368,443,451,715,119,44,3,587,626,340,152,159,305,254,486,638,377,542,733,255,355,356,661,190,438,174,134,271,384,199,61,402,489,694,115,386,474,592,247,514,50,196,668,124,260,698,697,137,293,700,672,352,337,437,297,479,194,252,649,314,339,46,494,550,226,122,709,522,261,564,225,309,232,11,358,647,99,256,86,512,264,117,405,396,306,389,278,459,634,298,222,153,375,530,617,266,536,390,598,574,478,215,81,16,381,346,669,392,367,421,30,503,500,93,745,276,248,103,641,665,299,27,385,259,677,17,100,643,688,211,420,554,84,251,296,274,374,639,490,395,376,383,20,195,121,529,566,52,544,436,651,584,510,717,209,253,107,19,182,70,344,191,313,315,588,188,348,483,615,22,265,560,7,4,531,185,523,287,168,637,318,56,139,38,689,120,583,692,76,577,491,33,308,413,363,708,485,650,91,541,18,326,90,110,179,40,328,654,569,680,558,606,595,333,533,693,96,521,725,239,74,283,481,135,513,13,155,430,511,201,538,539,706,526,216,192,126,423,412,419,270,34,682,495,21,559,645,656,465,540,235,422,468,518,212,250,578,77,15,310,618,123,36,492,740,635,611,676,435,128,388,63,744,281,41,549,509,364,316,627,162,719,609,613,58,9,197,150,166,62,180,570,334,42,707,504,671,517,660,607,602,445,743,244,178,499,312,206,433,78,416,460,728,217,464,322,230,373,161,427,534,455,372,49,219,361,67,417,320,6,241,424,158,229,452,742,5,72,704,23,713,425,646,690,655,268,673,428,280,515,129,73,410,263,447,157,35,189,667,527,366,703,629,156,273,109,221,450,729,338,640,1,198,284,714,401,497,675,143,398,65,237,295,257,288,311,289,177,444,71,686,632,51,0,231,227,735,142,440,687,286,556,441,737,555,625,636,154,236,210,79,553,332,469,243,563,699,605,695,630,648,562,246,68,411,301,599,484,406,48,496,520,581,644,380,426,133,300,59,277,565,439,146,608,488,561,114,304,202,674,741,454,473,722,151,505,329,87,616,579,32,721,702,399,262,659,623,2,470,184,596,164,302,658,434,545,371,397,662,409,597,448,576,145,330,678,350,586,25,89,653,24,125,101,181,275,75,508,204,403,303,601,546,238,582,144,407,269,127,393,382,475,663,55,108,132,400,507,620,370,594,593,149,172,170,493,45,535,102,610,657,732,220,319,203,442,681,575,624,39,234,242,85,466,712,453,80,354,272,467,378,240,365,291,394,98,716,633,97,727,360,472,387,186,734,336,29,294,456,349,547,524,10,345,292,321,477,691,572,147,590,66,94,183,603,8,567,471,749,258,720,324,64,628,359,476,31,585,519,557,353,323,224,683,723,724,163,501,207,342,619,516,141,551,449,652,325,111,69,171,12,218,187,705,612,502,573,568,290,233,525,457,351,112,279,176,106,631,57,317,532,245,282,327,642,26,391,458,670,140,480,446,731,130,622,736,685,200,362,37,431,335,718,591,95,104,54,600,463,664,138,571,487,621,404,604,747,205,418,285,379,228,461,113,537,548,580,506,552,213,543,369,614,357,173,341,267,748,47,118,167,83,414,347,462,528,432,710,415,711,482,28,666,307,175,343,116,701,82,679,88,739,193,726,498,136,429,208,589,14,60,160,738,696,249,331,148,730,684,105,214,746,131,43,223,169,165,
481,223.20043897628784,163934.60685624843,157163.29860720428,53,408,92,368,443,451,715,119,44,3,587,626,340,152,159,305,254,486,638,377,542,733,255,355,356,661,190,438,174,134,271,384,199,61,402,489,694,115,386,474,592,247,514,50,196,668,124,260,698,697,137,293,700,672,352,337,437,297,479,194,252,649,314,339,46,494,550,226,122,709,522,261,564,225,309,232,11,358,647,99,256,86,512,264,117,405,396,306,389,278,459,634,298,222,153,375,530,617,266,536,390,598,574,478,215,81,16,381,346,669,392,367,421,30,503,500,93,745,276,248,103,641,665,299,27,385,259,677,17,100,643,688,211,420,554,84,251,296,274,374,639,490,395,376,383,20,195,121,529,566,52,544,436,651,584,510,717,209,253,107,19,182,70,344,191,313,315,588,188,348,483,615,22,265,560,7,4,531,185,523,287,168,637,318,56,139,38,689,120,583,692,76,577,491,33,308,413,363,708,485,650,91,541,18,326,90,110,179,40,328,654,569,680,558,606,595,333,533,693,96,521,725,239,74,283,481,135,513,13,155,430,511,201,538,539,706,526,216,192,126,423,412,419,270,34,682,495,21,559,645,656,465,540,235,422,468,518,212,250,578,77,15,310,618,123,36,492,740,635,611,676,435,128,388,63,744,281,41,549,509,364,316,627,162,719,609,613,58,9,197,150,166,62,180,570,334,42,707,504,671,517,660,607,602,445,743,244,178,499,312,206,433,78,416,460,728,217,464,322,230,373,161,427,534,455,372,49,219,361,67,417,320,6,241,424,158,229,452,742,5,72,704,23,713,425,646,690,655,268,673,428,280,515,129,73,410,263,447,157,35,189,667,527,366,703,629,156,273,109,221,450,729,338,640,1,198,284,714,401,497,675,143,398,65,237,295,257,288,311,289,177,444,71,686,632,51,0,231,227,735,142,440,687,286,556,441,737,555,625,636,154,236,210,79,553,332,469,243,563,699,605,695,630,648,562,246,68,411,301,599,484,406,48,496,520,581,644,380,426,133,300,59,277,565,439,146,608,488,561,114,304,202,674,741,454,473,722,151,505,329,87,616,579,32,721,702,399,262,659,623,2,470,184,596,164,302,658,434,545,371,397,662,409,597,448,576,145,330,678,350,586,25,89,653,24,125,101,181,275,75,508,204,403,303,601,546,238,582,144,407,269,127,393,382,475,663,55,108,132,400,507,620,370,594,593,149,172,170,493,45,535,102,610,657,732,220,319,203,442,681,575,624,39,234,242,85,466,712,453,80,354,272,467,378,240,365,291,394,98,716,633,97,727,360,472,387,186,734,336,29,294,456,349,547,524,10,345,292,321,477,691,572,147,590,66,94,183,603,8,567,471,749,258,720,324,64,628,359,476,31,585,519,557,353,323,224,683,723,724,163,501,207,342,619,516,141,551,449,652,325,111,69,171,12,218,187,705,612,502,573,568,290,233,525,457,351,112,279,176,106,631,57,317,532,245,282,327,642,26,391,458,670,140,480,446,731,130,622,736,685,200,362,37,431,335,718,591,95,104,54,600,463,664,138,571,487,621,404,604,747,205,418,285,379,228,461,113,537,548,580,506,552,213,543,369,614,357,173,341,267,748,47,118,167,83,414,347,462,528,432,710,415,711,482,28,666,307,175,343,116,701,82,679,88,739,193,726,498,136,429,208,589,14,60,160,738,696,249,331,148,730,684,105,214,746,131,43,223,169,165,
482,223.62343978881836,162772.30020058903,157163.29860720428,53,408,92,368,443,451,715,119,44,3,587,626,340,152,159,305,254,486,638,377,542,733,255,355,356,661,190,438,174,134,271,384,199,61,402,489,694,115,386,474,592,247,514,50,196,668,124,260,698,697,137,293,700,672,352,337,437,297,479,194,252,649,314,339,46,494,550,226,122,709,522,261,564,225,309,232,11,358,647,99,256,86,512,264,117,405,396,306,389,278,459,634,298,222,153,375,530,617,266,536,390,598,574,478,215,81,16,381,346,669,392,367,421,30,503,500,93,745,276,248,103,641,665,299,27,385,259,677,17,100,643,688,211,420,554,84,251,296,274,374,639,490,395,376,383,20,195,121,529,566,52,544,436,651,584,510,717,209,253,107,19,182,70,344,191,313,315,588,188,348,483,615,22,265,560,7,4,531,185,523,287,168,637,318,56,139,38,689,120,583,692,76,577,491,33,308,413,363,708,485,650,91,541,18,326,90,110,179,40,328,654,569,680,558,606,595,333,533,693,96,521,725,239,74,283,481,135,513,13,155,430,511,201,538,539,706,526,216,192,126,423,412,419,270,34,682,495,21,559,645,656,465,540,235,422,468,518,212,250,578,77,15,310,618,123,36,492,740,635,611,676,435,128,388,63,744,281,41,549,509,364,316,627,162,719,609,613,58,9,197,150,166,62,180,570,334,42,707,504,671,517,660,607,602,445,743,244,178,499,312,206,433,78,416,460,728,217,464,322,230,373,161,427,534,455,372,49,219,361,67,417,320,6,241,424,158,229,452,742,5,72,704,23,713,425,646,690,655,268,673,428,280,515,129,73,410,263,447,157,35,189,667,527,366,703,629,156,273,109,221,450,729,338,640,1,198,284,714,401,497,675,143,398,65,237,295,257,288,311,289,177,444,71,686,632,51,0,231,227,735,142,440,687,286,556,441,737,555,625,636,154,236,210,79,553,332,469,243,563,699,605,695,630,648,562,246,68,411,301,599,484,406,48,496,520,581,644,380,426,133,300,59,277,565,439,146,608,488,561,114,304,202,674,741,454,473,722,151,505,329,87,616,579,32,721,702,399,262,659,623,2,470,184,596,164,302,658,434,545,371,397,662,409,597,448,576,145,330,678,350,586,25,89,653,24,125,101,181,275,75,508,204,403,303,601,546,238,582,144,407,269,127,393,382,475,663,55,108,132,400,507,620,370,594,593,149,172,170,493,45,535,102,610,657,732,220,319,203,442,681,575,624,39,234,242,85,466,712,453,80,354,272,467,378,240,365,291,394,98,716,633,97,727,360,472,387,186,734,336,29,294,456,349,547,524,10,345,292,321,477,691,572,147,590,66,94,183,603,8,567,471,749,258,720,324,64,628,359,476,31,585,519,557,353,323,224,683,723,724,163,501,207,342,619,516,141,551,449,652,325,111,69,171,12,218,187,705,612,502,573,568,290,233,525,457,351,112,279,176,106,631,57,317,532,245,282,327,642,26,391,458,670,140,480,446,731,130,622,736,685,200,362,37,431,335,718,591,95,104,54,600,463,664,138,571,487,621,404,604,747,205,418,285,379,228,461,113,537,548,580,506,552,213,543,369,614,357,173,341,267,748,47,118,167,83,414,347,462,528,432,710,415,711,482,28,666,307,175,343,116,701,82,679,88,739,193,726,498,136,429,208,589,14,60,160,738,696,249,331,148,730,684,105,214,746,131,43,223,169,165,
483,224.17392897605896,161558.95255605207,157163.29860720428,53,408,92,368,443,451,715,119,44,3,587,626,340,152,159,305,254,486,638,377,542,733,255,355,356,661,190,438,174,134,271,384,199,61,402,489,694,115,386,474,592,247,514,50,196,668,124,260,698,697,137,293,700,672,352,337,437,297,479,194,252,649,314,339,46,494,550,226,122,709,522,261,564,225,309,232,11,358,647,99,256,86,512,264,117,405,396,306,389,278,459,634,298,222,153,375,530,617,266,536,390,598,574,478,215,81,16,381,346,669,392,367,421,30,503,500,93,745,276,248,103,641,665,299,27,385,259,677,17,100,643,688,211,420,554,84,251,296,274,374,639,490,395,376,383,20,195,121,529,566,52,544,436,651,584,510,717,209,253,107,19,182,70,344,191,313,315,588,188,348,483,615,22,265,560,7,4,531,185,523,287,168,637,318,56,139,38,689,120,583,692,76,577,491,33,308,413,363,708,485,650,91,541,18,326,90,110,179,40,328,654,569,680,558,606,595,333,533,693,96,521,725,239,74,283,481,135,513,13,155,430,511,201,538,539,706,526,216,192,126,423,412,419,270,34,682,495,21,559,645,656,465,540,235,422,468,518,212,250,578,77,15,310,618,123,36,492,740,635,611,676,435,128,388,63,744,281,41,549,509,364,316,627,162,719,609,613,58,9,197,150,166,62,180,570,334,42,707,504,671,517,660,607,602,445,743,244,178,499,312,206,433,78,416,460,728,217,464,322,230,373,161,427,534,455,372,49,219,361,67,417,320,6,241,424,158,229,452,742,5,72,704,23,713,425,646,690,655,268,673,428,280,515,129,73,410,263,447,157,35,189,667,527,366,703,629,156,273,109,221,450,729,338,640,1,198,284,714,401,497,675,143,398,65,237,295,257,288,311,289,177,444,71,686,632,51,0,231,227,735,142,440,687,286,556,441,737,555,625,636,154,236,210,79,553,332,469,243,563,699,605,695,630,648,562,246,68,411,301,599,484,406,48,496,520,581,644,380,426,133,300,59,277,565,439,146,608,488,561,114,304,202,674,741,454,473,722,151,505,329,87,616,579,32,721,702,399,262,659,623,2,470,184,596,164,302,658,434,545,371,397,662,409,597,448,576,145,330,678,350,586,25,89,653,24,125,101,181,275,75,508,204,403,303,601,546,238,582,144,407,269,127,393,382,475,663,55,108,132,400,507,620,370,594,593,149,172,170,493,45,535,102,610,657,732,220,319,203,442,681,575,624,39,234,242,85,466,712,453,80,354,272,467,378,240,365,291,394,98,716,633,97,727,360,472,387,186,734,336,29,294,456,349,547,524,10,345,292,321,477,691,572,147,590,66,94,183,603,8,567,471,749,258,720,324,64,628,359,476,31,585,519,557,353,323,224,683,723,724,163,501,207,342,619,516,141,551,449,652,325,111,69,171,12,218,187,705,612,502,573,568,290,233,525,457,351,112,279,176,106,631,57,317,532,245,282,327,642,26,391,458,670,140,480,446,731,130,622,736,685,200,362,37,431,335,718,591,95,104,54,600,463,664,138,571,487,621,404,604,747,205,418,285,379,228,461,113,537,548,580,506,552,213,543,369,614,357,173,341,267,748,47,118,167,83,414,347,462,528,432,710,415,711,482,28,666,307,175,343,116,701,82,679,88,739,193,726,498,136,429,208,589,14,60,160,738,696,249,331,148,730,684,105,214,746,131,43,223,169,165,
484,224.65448236465454,161782.0597915004,157163.29860720428,53,408,92,368,443,451,715,119,44,3,587,626,340,152,159,305,254,486,638,377,542,733,255,355,356,661,190,438,174,134,271,384,199,61,402,489,694,115,386,474,592,247,514,50,196,668,124,260,698,697,137,293,700,672,352,337,437,297,479,194,252,649,314,339,46,494,550,226,122,709,522,261,564,225,309,232,11,358,647,99,256,86,512,264,117,405,396,306,389,278,459,634,298,222,153,375,530,617,266,536,390,598,574,478,215,81,16,381,346,669,392,367,421,30,503,500,93,745,276,248,103,641,665,299,27,385,259,677,17,100,643,688,211,420,554,84,251,296,274,374,639,490,395,376,383,20,195,121,529,566,52,544,436,651,584,510,717,209,253,107,19,182,70,344,191,313,315,588,188,348,483,615,22,265,560,7,4,531,185,523,287,168,637,318,56,139,38,689,120,583,692,76,577,491,33,308,413,363,708,485,650,91,541,18,326,90,110,179,40,328,654,569,680,558,606,595,333,533,693,96,521,725,239,74,283,481,135,513,13,155,430,511,201,538,539,706,526,216,192,126,423,412,419,270,34,682,495,21,559,645,656,465,540,235,422,468,518,212,250,578,77,15,310,618,123,36,492,740,635,611,676,435,128,388,63,744,281,41,549,509,364,316,627,162,719,609,613,58,9,197,150,166,62,180,570,334,42,707,504,671,517,660,607,602,445,743,244,178,499,312,206,433,78,416,460,728,217,464,322,230,373,161,427,534,455,372,49,219,361,67,417,320,6,241,424,158,229,452,742,5,72,704,23,713,425,646,690,655,268,673,428,280,515,129,73,410,263,447,157,35,189,667,527,366,703,629,156,273,109,221,450,729,338,640,1,198,284,714,401,497,675,143,398,65,237,295,257,288,311,289,177,444,71,686,632,51,0,231,227,735,142,440,687,286,556,441,737,555,625,636,154,236,210,79,553,332,469,243,563,699,605,695,630,648,562,246,68,411,301,599,484,406,48,496,520,581,644,380,426,133,300,59,277,565,439,146,608,488,561,114,304,202,674,741,454,473,722,151,505,329,87,616,579,32,721,702,399,262,659,623,2,470,184,596,164,302,658,434,545,371,397,662,409,597,448,576,145,330,678,350,586,25,89,653,24,125,101,181,275,75,508,204,403,303,601,546,238,582,144,407,269,127,393,382,475,663,55,108,132,400,507,620,370,594,593,149,172,170,493,45,535,102,610,657,732,220,319,203,442,681,575,624,39,234,242,85,466,712,453,80,354,272,467,378,240,365,291,394,98,716,633,97,727,360,472,387,186,734,336,29,294,456,349,547,524,10,345,292,321,477,691,572,147,590,66,94,183,603,8,567,471,749,258,720,324,64,628,359,476,31,585,519,557,353,323,224,683,723,724,163,501,207,342,619,516,141,551,449,652,325,111,69,171,12,218,187,705,612,502,573,568,290,233,525,457,351,112,279,176,106,631,57,317,532,245,282,327,642,26,391,458,670,140,480,446,731,130,622,736,685,200,362,37,431,335,718,591,95,104,54,600,463,664,138,571,487,621,404,604,747,205,418,285,379,228,461,113,537,548,580,506,552,213,543,369,614,357,173,341,267,748,47,118,167,83,414,347,462,528,432,710,415,711,482,28,666,307,175,343,116,701,82,679,88,739,193,726,498,136,429,208,589,14,60,160,738,696,249,331,148,730,684,105,214,746,131,43,223,169,165,
485,225.10332942008972,161117.39147978526,157163.29860720428,53,408,92,368,443,451,715,119,44,3,587,626,340,152,159,305,254,486,638,377,542,733,255,355,356,661,190,438,174,134,271,384,199,61,402,489,694,115,386,474,592,247,514,50,196,668,124,260,698,697,137,293,700,672,352,337,437,297,479,194,252,649,314,339,46,494,550,226,122,709,522,261,564,225,309,232,11,358,647,99,256,86,512,264,117,405,396,306,389,278,459,634,298,222,153,375,530,617,266,536,390,598,574,478,215,81,16,381,346,669,392,367,421,30,503,500,93,745,276,248,103,641,665,299,27,385,259,677,17,100,643,688,211,420,554,84,251,296,274,374,639,490,395,376,383,20,195,121,529,566,52,544,436,651,584,510,717,209,253,107,19,182,70,344,191,313,315,588,188,348,483,615,22,265,560,7,4,531,185,523,287,168,637,318,56,139,38,689,120,583,692,76,577,491,33,308,413,363,708,485,650,91,541,18,326,90,110,179,40,328,654,569,680,558,606,595,333,533,693,96,521,725,239,74,283,481,135,513,13,155,430,511,201,538,539,706,526,216,192,126,423,412,419,270,34,682,495,21,559,645,656,465,540,235,422,468,518,212,250,578,77,15,310,618,123,36,492,740,635,611,676,435,128,388,63,744,281,41,549,509,364,316,627,162,719,609,613,58,9,197,150,166,62,180,570,334,42,707,504,671,517,660,607,602,445,743,244,178,499,312,206,433,78,416,460,728,217,464,322,230,373,161,427,534,455,372,49,219,361,67,417,320,6,241,424,158,229,452,742,5,72,704,23,713,425,646,690,655,268,673,428,280,515,129,73,410,263,447,157,35,189,667,527,366,703,629,156,273,109,221,450,729,338,640,1,198,284,714,401,497,675,143,398,65,237,295,257,288,311,289,177,444,71,686,632,51,0,231,227,735,142,440,687,286,556,441,737,555,625,636,154,236,210,79,553,332,469,243,563,699,605,695,630,648,562,246,68,411,301,599,484,406,48,496,520,581,644,380,426,133,300,59,277,565,439,146,608,488,561,114,304,202,674,741,454,473,722,151,505,329,87,616,579,32,721,702,399,262,659,623,2,470,184,596,164,302,658,434,545,371,397,662,409,597,448,576,145,330,678,350,586,25,89,653,24,125,101,181,275,75,508,204,403,303,601,546,238,582,144,407,269,127,393,382,475,663,55,108,132,400,507,620,370,594,593,149,172,170,493,45,535,102,610,657,732,220,319,203,442,681,575,624,39,234,242,85,466,712,453,80,354,272,467,378,240,365,291,394,98,716,633,97,727,360,472,387,186,734,336,29,294,456,349,547,524,10,345,292,321,477,691,572,147,590,66,94,183,603,8,567,471,749,258,720,324,64,628,359,476,31,585,519,557,353,323,224,683,723,724,163,501,207,342,619,516,141,551,449,652,325,111,69,171,12,218,187,705,612,502,573,568,290,233,525,457,351,112,279,176,106,631,57,317,532,245,282,327,642,26,391,458,670,140,480,446,731,130,622,736,685,200,362,37,431,335,718,591,95,104,54,600,463,664,138,571,487,621,404,604,747,205,418,285,379,228,461,113,537,548,580,506,552,213,543,369,614,357,173,341,267,748,47,118,167,83,414,347,462,528,432,710,415,711,482,28,666,307,175,343,116,701,82,679,88,739,193,726,498,136,429,208,589,14,60,160,738,696,249,331,148,730,684,105,214,746,131,43,223,169,165,
486,225.56438779830933,161371.4752860019,157163.29860720428,53,408,92,368,443,451,715,119,44,3,587,626,340,152,159,305,254,486,638,377,542,733,255,355,356,661,190,438,174,134,271,384,199,61,402,489,694,115,386,474,592,247,514,50,196,668,124,260,698,697,137,293,700,672,352,337,437,297,479,194,252,649,314,339,46,494,550,226,122,709,522,261,564,225,309,232,11,358,647,99,256,86,512,264,117,405,396,306,389,278,459,634,298,222,153,375,530,617,266,536,390,598,574,478,215,81,16,381,346,669,392,367,421,30,503,500,93,745,276,248,103,641,665,299,27,385,259,677,17,100,643,688,211,420,554,84,251,296,274,374,639,490,395,376,383,20,195,121,529,566,52,544,436,651,584,510,717,209,253,107,19,182,70,344,191,313,315,588,188,348,483,615,22,265,560,7,4,531,185,523,287,168,637,318,56,139,38,689,120,583,692,76,577,491,33,308,413,363,708,485,650,91,541,18,326,90,110,179,40,328,654,569,680,558,606,595,333,533,693,96,521,725,239,74,283,481,135,513,13,155,430,511,201,538,539,706,526,216,192,126,423,412,419,270,34,682,495,21,559,645,656,465,540,235,422,468,518,212,250,578,77,15,310,618,123,36,492,740,635,611,676,435,128,388,63,744,281,41,549,509,364,316,627,162,719,609,613,58,9,197,150,166,62,180,570,334,42,707,504,671,517,660,607,602,445,743,244,178,499,312,206,433,78,416,460,728,217,464,322,230,373,161,427,534,455,372,49,219,361,67,417,320,6,241,424,158,229,452,742,5,72,704,23,713,425,646,690,655,268,673,428,280,515,129,73,410,263,447,157,35,189,667,527,366,703,629,156,273,109,221,450,729,338,640,1,198,284,714,401,497,675,143,398,65,237,295,257,288,311,289,177,444,71,686,632,51,0,231,227,735,142,440,687,286,556,441,737,555,625,636,154,236,210,79,553,332,469,243,563,699,605,695,630,648,562,246,68,411,301,599,484,406,48,496,520,581,644,380,426,133,300,59,277,565,439,146,608,488,561,114,304,202,674,741,454,473,722,151,505,329,87,616,579,32,721,702,399,262,659,623,2,470,184,596,164,302,658,434,545,371,397,662,409,597,448,576,145,330,678,350,586,25,89,653,24,125,101,181,275,75,508,204,403,303,601,546,238,582,144,407,269,127,393,382,475,663,55,108,132,400,507,620,370,594,593,149,172,170,493,45,535,102,610,657,732,220,319,203,442,681,575,624,39,234,242,85,466,712,453,80,354,272,467,378,240,365,291,394,98,716,633,97,727,360,472,387,186,734,336,29,294,456,349,547,524,10,345,292,321,477,691,572,147,590,66,94,183,603,8,567,471,749,258,720,324,64,628,359,476,31,585,519,557,353,323,224,683,723,724,163,501,207,342,619,516,141,551,449,652,325,111,69,171,12,218,187,705,612,502,573,568,290,233,525,457,351,112,279,176,106,631,57,317,532,245,282,327,642,26,391,458,670,140,480,446,731,130,622,736,685,200,362,37,431,335,718,591,95,104,54,600,463,664,138,571,487,621,404,604,747,205,418,285,379,228,461,113,537,548,580,506,552,213,543,369,614,357,173,341,267,748,47,118,167,83,414,347,462,528,432,710,415,711,482,28,666,307,175,343,116,701,82,679,88,739,193,726,498,136,429,208,589,14,60,160,738,696,249,331,148,730,684,105,214,746,131,43,223,169,165,
487,225.9876160621643,162119.42652616565,157163.29860720428,53,408,92,368,443,451,715,119,44,3,587,626,340,152,159,305,254,486,638,377,542,733,255,355,356,661,190,438,174,134,271,384,199,61,402,489,694,115,386,474,592,247,514,50,196,668,124,260,698,697,137,293,700,672,352,337,437,297,479,194,252,649,314,339,46,494,550,226,122,709,522,261,564,225,309,232,11,358,647,99,256,86,512,264,117,405,396,306,389,278,459,634,298,222,153,375,530,617,266,536,390,598,574,478,215,81,16,381,346,669,392,367,421,30,503,500,93,745,276,248,103,641,665,299,27,385,259,677,17,100,643,688,211,420,554,84,251,296,274,374,639,490,395,376,383,20,195,121,529,566,52,544,436,651,584,510,717,209,253,107,19,182,70,344,191,313,315,588,188,348,483,615,22,265,560,7,4,531,185,523,287,168,637,318,56,139,38,689,120,583,692,76,577,491,33,308,413,363,708,485,650,91,541,18,326,90,110,179,40,328,654,569,680,558,606,595,333,533,693,96,521,725,239,74,283,481,135,513,13,155,430,511,201,538,539,706,526,216,192,126,423,412,419,270,34,682,495,21,559,645,656,465,540,235,422,468,518,212,250,578,77,15,310,618,123,36,492,740,635,611,676,435,128,388,63,744,281,41,549,509,364,316,627,162,719,609,613,58,9,197,150,166,62,180,570,334,42,707,504,671,517,660,607,602,445,743,244,178,499,312,206,433,78,416,460,728,217,464,322,230,373,161,427,534,455,372,49,219,361,67,417,320,6,241,424,158,229,452,742,5,72,704,23,713,425,646,690,655,268,673,428,280,515,129,73,410,263,447,157,35,189,667,527,366,703,629,156,273,109,221,450,729,338,640,1,198,284,714,401,497,675,143,398,65,237,295,257,288,311,289,177,444,71,686,632,51,0,231,227,735,142,440,687,286,556,441,737,555,625,636,154,236,210,79,553,332,469,243,563,699,605,695,630,648,562,246,68,411,301,599,484,406,48,496,520,581,644,380,426,133,300,59,277,565,439,146,608,488,561,114,304,202,674,741,454,473,722,151,505,329,87,616,579,32,721,702,399,262,659,623,2,470,184,596,164,302,658,434,545,371,397,662,409,597,448,576,145,330,678,350,586,25,89,653,24,125,101,181,275,75,508,204,403,303,601,546,238,582,144,407,269,127,393,382,475,663,55,108,132,400,507,620,370,594,593,149,172,170,493,45,535,102,610,657,732,220,319,203,442,681,575,624,39,234,242,85,466,712,453,80,354,272,467,378,240,365,291,394,98,716,633,97,727,360,472,387,186,734,336,29,294,456,349,547,524,10,345,292,321,477,691,572,147,590,66,94,183,603,8,567,471,749,258,720,324,64,628,359,476,31,585,519,557,353,323,224,683,723,724,163,501,207,342,619,516,141,551,449,652,325,111,69,171,12,218,187,705,612,502,573,568,290,233,525,457,351,112,279,176,106,631,57,317,532,245,282,327,642,26,391,458,670,140,480,446,731,130,622,736,685,200,362,37,431,335,718,591,95,104,54,600,463,664,138,571,487,621,404,604,747,205,418,285,379,228,461,113,537,548,580,506,552,213,543,369,614,357,173,341,267,748,47,118,167,83,414,347,462,528,432,710,415,711,482,28,666,307,175,343,116,701,82,679,88,739,193,726,498,136,429,208,589,14,60,160,738,696,249,331,148,730,684,105,214,746,131,43,223,169,165,
488,226.49527668952942,163446.84932202692,157163.29860720428,53,408,92,368,443,451,715,119,44,3,587,626,340,152,159,305,254,486,638,377,542,733,255,355,356,661,190,438,174,134,271,384,199,61,402,489,694,115,386,474,592,247,514,50,196,668,124,260,698,697,137,293,700,672,352,337,437,297,479,194,252,649,314,339,46,494,550,226,122,709,522,261,564,225,309,232,11,358,647,99,256,86,512,264,117,405,396,306,389,278,459,634,298,222,153,375,530,617,266,536,390,598,574,478,215,81,16,381,346,669,392,367,421,30,503,500,93,745,276,248,103,641,665,299,27,385,259,677,17,100,643,688,211,420,554,84,251,296,274,374,639,490,395,376,383,20,195,121,529,566,52,544,436,651,584,510,717,209,253,107,19,182,70,344,191,313,315,588,188,348,483,615,22,265,560,7,4,531,185,523,287,168,637,318,56,139,38,689,120,583,692,76,577,491,33,308,413,363,708,485,650,91,541,18,326,90,110,179,40,328,654,569,680,558,606,595,333,533,693,96,521,725,239,74,283,481,135,513,13,155,430,511,201,538,539,706,526,216,192,126,423,412,419,270,34,682,495,21,559,645,656,465,540,235,422,468,518,212,250,578,77,15,310,618,123,36,492,740,635,611,676,435,128,388,63,744,281,41,549,509,364,316,627,162,719,609,613,58,9,197,150,166,62,180,570,334,42,707,504,671,517,660,607,602,445,743,244,178,499,312,206,433,78,416,460,728,217,464,322,230,373,161,427,534,455,372,49,219,361,67,417,320,6,241,424,158,229,452,742,5,72,704,23,713,425,646,690,655,268,673,428,280,515,129,73,410,263,447,157,35,189,667,527,366,703,629,156,273,109,221,450,729,338,640,1,198,284,714,401,497,675,143,398,65,237,295,257,288,311,289,177,444,71,686,632,51,0,231,227,735,142,440,687,286,556,441,737,555,625,636,154,236,210,79,553,332,469,243,563,699,605,695,630,648,562,246,68,411,301,599,484,406,48,496,520,581,644,380,426,133,300,59,277,565,439,146,608,488,561,114,304,202,674,741,454,473,722,151,505,329,87,616,579,32,721,702,399,262,659,623,2,470,184,596,164,302,658,434,545,371,397,662,409,597,448,576,145,330,678,350,586,25,89,653,24,125,101,181,275,75,508,204,403,303,601,546,238,582,144,407,269,127,393,382,475,663,55,108,132,400,507,620,370,594,593,149,172,170,493,45,535,102,610,657,732,220,319,203,442,681,575,624,39,234,242,85,466,712,453,80,354,272,467,378,240,365,291,394,98,716,633,97,727,360,472,387,186,734,336,29,294,456,349,547,524,10,345,292,321,477,691,572,147,590,66,94,183,603,8,567,471,749,258,720,324,64,628,359,476,31,585,519,557,353,323,224,683,723,724,163,501,207,342,619,516,141,551,449,652,325,111,69,171,12,218,187,705,612,502,573,568,290,233,525,457,351,112,279,176,106,631,57,317,532,245,282,327,642,26,391,458,670,140,480,446,731,130,622,736,685,200,362,37,431,335,718,591,95,104,54,600,463,664,138,571,487,621,404,604,747,205,418,285,379,228,461,113,537,548,580,506,552,213,543,369,614,357,173,341,267,748,47,118,167,83,414,347,462,528,432,710,415,711,482,28,666,307,175,343,116,701,82,679,88,739,193,726,498,136,429,208,589,14,60,160,738,696,249,331,148,730,684,105,214,746,131,43,223,169,165,
489,226.93362975120544,161738.93292324067,157163.29860720428,53,408,92,368,443,451,715,119,44,3,587,626,340,152,159,305,254,486,638,377,542,733,255,355,356,661,190,438,174,134,271,384,199,61,402,489,694,115,386,474,592,247,514,50,196,668,124,260,698,697,137,293,700,672,352,337,437,297,479,194,252,649,314,339,46,494,550,226,122,709,522,261,564,225,309,232,11,358,647,99,256,86,512,264,117,405,396,306,389,278,459,634,298,222,153,375,530,617,266,536,390,598,574,478,215,81,16,381,346,669,392,367,421,30,503,500,93,745,276,248,103,641,665,299,27,385,259,677,17,100,643,688,211,420,554,84,251,296,274,374,639,490,395,376,383,20,195,121,529,566,52,544,436,651,584,510,717,209,253,107,19,182,70,344,191,313,315,588,188,348,483,615,22,265,560,7,4,531,185,523,287,168,637,318,56,139,38,689,120,583,692,76,577,491,33,308,413,363,708,485,650,91,541,18,326,90,110,179,40,328,654,569,680,558,606,595,333,533,693,96,521,725,239,74,283,481,135,513,13,155,430,511,201,538,539,706,526,216,192,126,423,412,419,270,34,682,495,21,559,645,656,465,540,235,422,468,518,212,250,578,77,15,310,618,123,36,492,740,635,611,676,435,128,388,63,744,281,41,549,509,364,316,627,162,719,609,613,58,9,197,150,166,62,180,570,334,42,707,504,671,517,660,607,602,445,743,244,178,499,312,206,433,78,416,460,728,217,464,322,230,373,161,427,534,455,372,49,219,361,67,417,320,6,241,424,158,229,452,742,5,72,704,23,713,425,646,690,655,268,673,428,280,515,129,73,410,263,447,157,35,189,667,527,366,703,629,156,273,109,221,450,729,338,640,1,198,284,714,401,497,675,143,398,65,237,295,257,288,311,289,177,444,71,686,632,51,0,231,227,735,142,440,687,286,556,441,737,555,625,636,154,236,210,79,553,332,469,243,563,699,605,695,630,648,562,246,68,411,301,599,484,406,48,496,520,581,644,380,426,133,300,59,277,565,439,146,608,488,561,114,304,202,674,741,454,473,722,151,505,329,87,616,579,32,721,702,399,262,659,623,2,470,184,596,164,302,658,434,545,371,397,662,409,597,448,576,145,330,678,350,586,25,89,653,24,125,101,181,275,75,508,204,403,303,601,546,238,582,144,407,269,127,393,382,475,663,55,108,132,400,507,620,370,594,593,149,172,170,493,45,535,102,610,657,732,220,319,203,442,681,575,624,39,234,242,85,466,712,453,80,354,272,467,378,240,365,291,394,98,716,633,97,727,360,472,387,186,734,336,29,294,456,349,547,524,10,345,292,321,477,691,572,147,590,66,94,183,603,8,567,471,749,258,720,324,64,628,359,476,31,585,519,557,353,323,224,683,723,724,163,501,207,342,619,516,141,551,449,652,325,111,69,171,12,218,187,705,612,502,573,568,290,233,525,457,351,112,279,176,106,631,57,317,532,245,282,327,642,26,391,458,670,140,480,446,731,130,622,736,685,200,362,37,431,335,718,591,95,104,54,600,463,664,138,571,487,621,404,604,747,205,418,285,379,228,461,113,537,548,580,506,552,213,543,369,614,357,173,341,267,748,47,118,167,83,414,347,462,528,432,710,415,711,482,28,666,307,175,343,116,701,82,679,88,739,193,726,498,136,429,208,589,14,60,160,738,696,249,331,148,730,684,105,214,746,131,43,223,169,165,
490,227.44189763069153,162090.00047172676,157163.29860720428,53,408,92,368,443,451,715,119,44,3,587,626,340,152,159,305,254,486,638,377,542,733,255,355,356,661,190,438,174,134,271,384,199,61,402,489,694,115,386,474,592,247,514,50,196,668,124,260,698,697,137,293,700,672,352,337,437,297,479,194,252,649,314,339,46,494,550,226,122,709,522,261,564,225,309,232,11,358,647,99,256,86,512,264,117,405,396,306,389,278,459,634,298,222,153,375,530,617,266,536,390,598,574,478,215,81,16,381,346,669,392,367,421,30,503,500,93,745,276,248,103,641,665,299,27,385,259,677,17,100,643,688,211,420,554,84,251,296,274,374,639,490,395,376,383,20,195,121,529,566,52,544,436,651,584,510,717,209,253,107,19,182,70,344,191,313,315,588,188,348,483,615,22,265,560,7,4,531,185,523,287,168,637,318,56,139,38,689,120,583,692,76,577,491,33,308,413,363,708,485,650,91,541,18,326,90,110,179,40,328,654,569,680,558,606,595,333,533,693,96,521,725,239,74,283,481,135,513,13,155,430,511,201,538,539,706,526,216,192,126,423,412,419,270,34,682,495,21,559,645,656,465,540,235,422,468,518,212,250,578,77,15,310,618,123,36,492,740,635,611,676,435,128,388,63,744,281,41,549,509,364,316,627,162,719,609,613,58,9,197,150,166,62,180,570,334,42,707,504,671,517,660,607,602,445,743,244,178,499,312,206,433,78,416,460,728,217,464,322,230,373,161,427,534,455,372,49,219,361,67,417,320,6,241,424,158,229,452,742,5,72,704,23,713,425,646,690,655,268,673,428,280,515,129,73,410,263,447,157,35,189,667,527,366,703,629,156,273,109,221,450,729,338,640,1,198,284,714,401,497,675,143,398,65,237,295,257,288,311,289,177,444,71,686,632,51,0,231,227,735,142,440,687,286,556,441,737,555,625,636,154,236,210,79,553,332,469,243,563,699,605,695,630,648,562,246,68,411,301,599,484,406,48,496,520,581,644,380,426,133,300,59,277,565,439,146,608,488,561,114,304,202,674,741,454,473,722,151,505,329,87,616,579,32,721,702,399,262,659,623,2,470,184,596,164,302,658,434,545,371,397,662,409,597,448,576,145,330,678,350,586,25,89,653,24,125,101,181,275,75,508,204,403,303,601,546,238,582,144,407,269,127,393,382,475,663,55,108,132,400,507,620,370,594,593,149,172,170,493,45,535,102,610,657,732,220,319,203,442,681,575,624,39,234,242,85,466,712,453,80,354,272,467,378,240,365,291,394,98,716,633,97,727,360,472,387,186,734,336,29,294,456,349,547,524,10,345,292,321,477,691,572,147,590,66,94,183,603,8,567,471,749,258,720,324,64,628,359,476,31,585,519,557,353,323,224,683,723,724,163,501,207,342,619,516,141,551,449,652,325,111,69,171,12,218,187,705,612,502,573,568,290,233,525,457,351,112,279,176,106,631,57,317,532,245,282,327,642,26,391,458,670,140,480,446,731,130,622,736,685,200,362,37,431,335,718,591,95,104,54,600,463,664,138,571,487,621,404,604,747,205,418,285,379,228,461,113,537,548,580,506,552,213,543,369,614,357,173,341,267,748,47,118,167,83,414,347,462,528,432,710,415,711,482,28,666,307,175,343,116,701,82,679,88,739,193,726,498,136,429,208,589,14,60,160,738,696,249,331,148,730,684,105,214,746,131,43,223,169,165,
491,227.88841342926025,161892.7165061485,157163.29860720428,53,408,92,368,443,451,715,119,44,3,587,626,340,152,159,305,254,486,638,377,542,733,255,355,356,661,190,438,174,134,271,384,199,61,402,489,694,115,386,474,592,247,514,50,196,668,124,260,698,697,137,293,700,672,352,337,437,297,479,194,252,649,314,339,46,494,550,226,122,709,522,261,564,225,309,232,11,358,647,99,256,86,512,264,117,405,396,306,389,278,459,634,298,222,153,375,530,617,266,536,390,598,574,478,215,81,16,381,346,669,392,367,421,30,503,500,93,745,276,248,103,641,665,299,27,385,259,677,17,100,643,688,211,420,554,84,251,296,274,374,639,490,395,376,383,20,195,121,529,566,52,544,436,651,584,510,717,209,253,107,19,182,70,344,191,313,315,588,188,348,483,615,22,265,560,7,4,531,185,523,287,168,637,318,56,139,38,689,120,583,692,76,577,491,33,308,413,363,708,485,650,91,541,18,326,90,110,179,40,328,654,569,680,558,606,595,333,533,693,96,521,725,239,74,283,481,135,513,13,155,430,511,201,538,539,706,526,216,192,126,423,412,419,270,34,682,495,21,559,645,656,465,540,235,422,468,518,212,250,578,77,15,310,618,123,36,492,740,635,611,676,435,128,388,63,744,281,41,549,509,364,316,627,162,719,609,613,58,9,197,150,166,62,180,570,334,42,707,504,671,517,660,607,602,445,743,244,178,499,312,206,433,78,416,460,728,217,464,322,230,373,161,427,534,455,372,49,219,361,67,417,320,6,241,424,158,229,452,742,5,72,704,23,713,425,646,690,655,268,673,428,280,515,129,73,410,263,447,157,35,189,667,527,366,703,629,156,273,109,221,450,729,338,640,1,198,284,714,401,497,675,143,398,65,237,295,257,288,311,289,177,444,71,686,632,51,0,231,227,735,142,440,687,286,556,441,737,555,625,636,154,236,210,79,553,332,469,243,563,699,605,695,630,648,562,246,68,411,301,599,484,406,48,496,520,581,644,380,426,133,300,59,277,565,439,146,608,488,561,114,304,202,674,741,454,473,722,151,505,329,87,616,579,32,721,702,399,262,659,623,2,470,184,596,164,302,658,434,545,371,397,662,409,597,448,576,145,330,678,350,586,25,89,653,24,125,101,181,275,75,508,204,403,303,601,546,238,582,144,407,269,127,393,382,475,663,55,108,132,400,507,620,370,594,593,149,172,170,493,45,535,102,610,657,732,220,319,203,442,681,575,624,39,234,242,85,466,712,453,80,354,272,467,378,240,365,291,394,98,716,633,97,727,360,472,387,186,734,336,29,294,456,349,547,524,10,345,292,321,477,691,572,147,590,66,94,183,603,8,567,471,749,258,720,324,64,628,359,476,31,585,519,557,353,323,224,683,723,724,163,501,207,342,619,516,141,551,449,652,325,111,69,171,12,218,187,705,612,502,573,568,290,233,525,457,351,112,279,176,106,631,57,317,532,245,282,327,642,26,391,458,670,140,480,446,731,130,622,736,685,200,362,37,431,335,718,591,95,104,54,600,463,664,138,571,487,621,404,604,747,205,418,285,379,228,461,113,537,548,580,506,552,213,543,369,614,357,173,341,267,748,47,118,167,83,414,347,462,528,432,710,415,711,482,28,666,307,175,343,116,701,82,679,88,739,193,726,498,136,429,208,589,14,60,160,738,696,249,331,148,730,684,105,214,746,131,43,223,169,165,
492,228.40842080116272,162064.1298309496,157163.29860720428,53,408,92,368,443,451,715,119,44,3,587,626,340,152,159,305,254,486,638,377,542,733,255,355,356,661,190,438,174,134,271,384,199,61,402,489,694,115,386,474,592,247,514,50,196,668,124,260,698,697,137,293,700,672,352,337,437,297,479,194,252,649,314,339,46,494,550,226,122,709,522,261,564,225,309,232,11,358,647,99,256,86,512,264,117,405,396,306,389,278,459,634,298,222,153,375,530,617,266,536,390,598,574,478,215,81,16,381,346,669,392,367,421,30,503,500,93,745,276,248,103,641,665,299,27,385,259,677,17,100,643,688,211,420,554,84,251,296,274,374,639,490,395,376,383,20,195,121,529,566,52,544,436,651,584,510,717,209,253,107,19,182,70,344,191,313,315,588,188,348,483,615,22,265,560,7,4,531,185,523,287,168,637,318,56,139,38,689,120,583,692,76,577,491,33,308,413,363,708,485,650,91,541,18,326,90,110,179,40,328,654,569,680,558,606,595,333,533,693,96,521,725,239,74,283,481,135,513,13,155,430,511,201,538,539,706,526,216,192,126,423,412,419,270,34,682,495,21,559,645,656,465,540,235,422,468,518,212,250,578,77,15,310,618,123,36,492,740,635,611,676,435,128,388,63,744,281,41,549,509,364,316,627,162,719,609,613,58,9,197,150,166,62,180,570,334,42,707,504,671,517,660,607,602,445,743,244,178,499,312,206,433,78,416,460,728,217,464,322,230,373,161,427,534,455,372,49,219,361,67,417,320,6,241,424,158,229,452,742,5,72,704,23,713,425,646,690,655,268,673,428,280,515,129,73,410,263,447,157,35,189,667,527,366,703,629,156,273,109,221,450,729,338,640,1,198,284,714,401,497,675,143,398,65,237,295,257,288,311,289,177,444,71,686,632,51,0,231,227,735,142,440,687,286,556,441,737,555,625,636,154,236,210,79,553,332,469,243,563,699,605,695,630,648,562,246,68,411,301,599,484,406,48,496,520,581,644,380,426,133,300,59,277,565,439,146,608,488,561,114,304,202,674,741,454,473,722,151,505,329,87,616,579,32,721,702,399,262,659,623,2,470,184,596,164,302,658,434,545,371,397,662,409,597,448,576,145,330,678,350,586,25,89,653,24,125,101,181,275,75,508,204,403,303,601,546,238,582,144,407,269,127,393,382,475,663,55,108,132,400,507,620,370,594,593,149,172,170,493,45,535,102,610,657,732,220,319,203,442,681,575,624,39,234,242,85,466,712,453,80,354,272,467,378,240,365,291,394,98,716,633,97,727,360,472,387,186,734,336,29,294,456,349,547,524,10,345,292,321,477,691,572,147,590,66,94,183,603,8,567,471,749,258,720,324,64,628,359,476,31,585,519,557,353,323,224,683,723,724,163,501,207,342,619,516,141,551,449,652,325,111,69,171,12,218,187,705,612,502,573,568,290,233,525,457,351,112,279,176,106,631,57,317,532,245,282,327,642,26,391,458,670,140,480,446,731,130,622,736,685,200,362,37,431,335,718,591,95,104,54,600,463,664,138,571,487,621,404,604,747,205,418,285,379,228,461,113,537,548,580,506,552,213,543,369,614,357,173,341,267,748,47,118,167,83,414,347,462,528,432,710,415,711,482,28,666,307,175,343,116,701,82,679,88,739,193,726,498,136,429,208,589,14,60,160,738,696,249,331,148,730,684,105,214,746,131,43,223,169,165,
493,228.85252690315247,161991.2658572881,157163.29860720428,53,408,92,368,443,451,715,119,44,3,587,626,340,152,159,305,254,486,638,377,542,733,255,355,356,661,190,438,174,134,271,384,199,61,402,489,694,115,386,474,592,247,514,50,196,668,124,260,698,697,137,293,700,672,352,337,437,297,479,194,252,649,314,339,46,494,550,226,122,709,522,261,564,225,309,232,11,358,647,99,256,86,512,264,117,405,396,306,389,278,459,634,298,222,153,375,530,617,266,536,390,598,574,478,215,81,16,381,346,669,392,367,421,30,503,500,93,745,276,248,103,641,665,299,27,385,259,677,17,100,643,688,211,420,554,84,251,296,274,374,639,490,395,376,383,20,195,121,529,566,52,544,436,651,584,510,717,209,253,107,19,182,70,344,191,313,315,588,188,348,483,615,22,265,560,7,4,531,185,523,287,168,637,318,56,139,38,689,120,583,692,76,577,491,33,308,413,363,708,485,650,91,541,18,326,90,110,179,40,328,654,569,680,558,606,595,333,533,693,96,521,725,239,74,283,481,135,513,13,155,430,511,201,538,539,706,526,216,192,126,423,412,419,270,34,682,495,21,559,645,656,465,540,235,422,468,518,212,250,578,77,15,310,618,123,36,492,740,635,611,676,435,128,388,63,744,281,41,549,509,364,316,627,162,719,609,613,58,9,197,150,166,62,180,570,334,42,707,504,671,517,660,607,602,445,743,244,178,499,312,206,433,78,416,460,728,217,464,322,230,373,161,427,534,455,372,49,219,361,67,417,320,6,241,424,158,229,452,742,5,72,704,23,713,425,646,690,655,268,673,428,280,515,129,73,410,263,447,157,35,189,667,527,366,703,629,156,273,109,221,450,729,338,640,1,198,284,714,401,497,675,143,398,65,237,295,257,288,311,289,177,444,71,686,632,51,0,231,227,735,142,440,687,286,556,441,737,555,625,636,154,236,210,79,553,332,469,243,563,699,605,695,630,648,562,246,68,411,301,599,484,406,48,496,520,581,644,380,426,133,300,59,277,565,439,146,608,488,561,114,304,202,674,741,454,473,722,151,505,329,87,616,579,32,721,702,399,262,659,623,2,470,184,596,164,302,658,434,545,371,397,662,409,597,448,576,145,330,678,350,586,25,89,653,24,125,101,181,275,75,508,204,403,303,601,546,238,582,144,407,269,127,393,382,475,663,55,108,132,400,507,620,370,594,593,149,172,170,493,45,535,102,610,657,732,220,319,203,442,681,575,624,39,234,242,85,466,712,453,80,354,272,467,378,240,365,291,394,98,716,633,97,727,360,472,387,186,734,336,29,294,456,349,547,524,10,345,292,321,477,691,572,147,590,66,94,183,603,8,567,471,749,258,720,324,64,628,359,476,31,585,519,557,353,323,224,683,723,724,163,501,207,342,619,516,141,551,449,652,325,111,69,171,12,218,187,705,612,502,573,568,290,233,525,457,351,112,279,176,106,631,57,317,532,245,282,327,642,26,391,458,670,140,480,446,731,130,622,736,685,200,362,37,431,335,718,591,95,104,54,600,463,664,138,571,487,621,404,604,747,205,418,285,379,228,461,113,537,548,580,506,552,213,543,369,614,357,173,341,267,748,47,118,167,83,414,347,462,528,432,710,415,711,482,28,666,307,175,343,116,701,82,679,88,739,193,726,498,136,429,208,589,14,60,160,738,696,249,331,148,730,684,105,214,746,131,43,223,169,165,
494,229.32177829742432,159951.83712772132,157163.29860720428,53,408,92,368,443,451,715,119,44,3,587,626,340,152,159,305,254,486,638,377,542,733,255,355,356,661,190,438,174,134,271,384,199,61,402,489,694,115,386,474,592,247,514,50,196,668,124,260,698,697,137,293,700,672,352,337,437,297,479,194,252,649,314,339,46,494,550,226,122,709,522,261,564,225,309,232,11,358,647,99,256,86,512,264,117,405,396,306,389,278,459,634,298,222,153,375,530,617,266,536,390,598,574,478,215,81,16,381,346,669,392,367,421,30,503,500,93,745,276,248,103,641,665,299,27,385,259,677,17,100,643,688,211,420,554,84,251,296,274,374,639,490,395,376,383,20,195,121,529,566,52,544,436,651,584,510,717,209,253,107,19,182,70,344,191,313,315,588,188,348,483,615,22,265,560,7,4,531,185,523,287,168,637,318,56,139,38,689,120,583,692,76,577,491,33,308,413,363,708,485,650,91,541,18,326,90,110,179,40,328,654,569,680,558,606,595,333,533,693,96,521,725,239,74,283,481,135,513,13,155,430,511,201,538,539,706,526,216,192,126,423,412,419,270,34,682,495,21,559,645,656,465,540,235,422,468,518,212,250,578,77,15,310,618,123,36,492,740,635,611,676,435,128,388,63,744,281,41,549,509,364,316,627,162,719,609,613,58,9,197,150,166,62,180,570,334,42,707,504,671,517,660,607,602,445,743,244,178,499,312,206,433,78,416,460,728,217,464,322,230,373,161,427,534,455,372,49,219,361,67,417,320,6,241,424,158,229,452,742,5,72,704,23,713,425,646,690,655,268,673,428,280,515,129,73,410,263,447,157,35,189,667,527,366,703,629,156,273,109,221,450,729,338,640,1,198,284,714,401,497,675,143,398,65,237,295,257,288,311,289,177,444,71,686,632,51,0,231,227,735,142,440,687,286,556,441,737,555,625,636,154,236,210,79,553,332,469,243,563,699,605,695,630,648,562,246,68,411,301,599,484,406,48,496,520,581,644,380,426,133,300,59,277,565,439,146,608,488,561,114,304,202,674,741,454,473,722,151,505,329,87,616,579,32,721,702,399,262,659,623,2,470,184,596,164,302,658,434,545,371,397,662,409,597,448,576,145,330,678,350,586,25,89,653,24,125,101,181,275,75,508,204,403,303,601,546,238,582,144,407,269,127,393,382,475,663,55,108,132,400,507,620,370,594,593,149,172,170,493,45,535,102,610,657,732,220,319,203,442,681,575,624,39,234,242,85,466,712,453,80,354,272,467,378,240,365,291,394,98,716,633,97,727,360,472,387,186,734,336,29,294,456,349,547,524,10,345,292,321,477,691,572,147,590,66,94,183,603,8,567,471,749,258,720,324,64,628,359,476,31,585,519,557,353,323,224,683,723,724,163,501,207,342,619,516,141,551,449,652,325,111,69,171,12,218,187,705,612,502,573,568,290,233,525,457,351,112,279,176,106,631,57,317,532,245,282,327,642,26,391,458,670,140,480,446,731,130,622,736,685,200,362,37,431,335,718,591,95,104,54,600,463,664,138,571,487,621,404,604,747,205,418,285,379,228,461,113,537,548,580,506,552,213,543,369,614,357,173,341,267,748,47,118,167,83,414,347,462,528,432,710,415,711,482,28,666,307,175,343,116,701,82,679,88,739,193,726,498,136,429,208,589,14,60,160,738,696,249,331,148,730,684,105,214,746,131,43,223,169,165,
495,229.87522649765015,inf,157163.29860720428,53,408,92,368,443,451,715,119,44,3,587,626,340,152,159,305,254,486,638,377,542,733,255,355,356,661,190,438,174,134,271,384,199,61,402,489,694,115,386,474,592,247,514,50,196,668,124,260,698,697,137,293,700,672,352,337,437,297,479,194,252,649,314,339,46,494,550,226,122,709,522,261,564,225,309,232,11,358,647,99,256,86,512,264,117,405,396,306,389,278,459,634,298,222,153,375,530,617,266,536,390,598,574,478,215,81,16,381,346,669,392,367,421,30,503,500,93,745,276,248,103,641,665,299,27,385,259,677,17,100,643,688,211,420,554,84,251,296,274,374,639,490,395,376,383,20,195,121,529,566,52,544,436,651,584,510,717,209,253,107,19,182,70,344,191,313,315,588,188,348,483,615,22,265,560,7,4,531,185,523,287,168,637,318,56,139,38,689,120,583,692,76,577,491,33,308,413,363,708,485,650,91,541,18,326,90,110,179,40,328,654,569,680,558,606,595,333,533,693,96,521,725,239,74,283,481,135,513,13,155,430,511,201,538,539,706,526,216,192,126,423,412,419,270,34,682,495,21,559,645,656,465,540,235,422,468,518,212,250,578,77,15,310,618,123,36,492,740,635,611,676,435,128,388,63,744,281,41,549,509,364,316,627,162,719,609,613,58,9,197,150,166,62,180,570,334,42,707,504,671,517,660,607,602,445,743,244,178,499,312,206,433,78,416,460,728,217,464,322,230,373,161,427,534,455,372,49,219,361,67,417,320,6,241,424,158,229,452,742,5,72,704,23,713,425,646,690,655,268,673,428,280,515,129,73,410,263,447,157,35,189,667,527,366,703,629,156,273,109,221,450,729,338,640,1,198,284,714,401,497,675,143,398,65,237,295,257,288,311,289,177,444,71,686,632,51,0,231,227,735,142,440,687,286,556,441,737,555,625,636,154,236,210,79,553,332,469,243,563,699,605,695,630,648,562,246,68,411,301,599,484,406,48,496,520,581,644,380,426,133,300,59,277,565,439,146,608,488,561,114,304,202,674,741,454,473,722,151,505,329,87,616,579,32,721,702,399,262,659,623,2,470,184,596,164,302,658,434,545,371,397,662,409,597,448,576,145,330,678,350,586,25,89,653,24,125,101,181,275,75,508,204,403,303,601,546,238,582,144,407,269,127,393,382,475,663,55,108,132,400,507,620,370,594,593,149,172,170,493,45,535,102,610,657,732,220,319,203,442,681,575,624,39,234,242,85,466,712,453,80,354,272,467,378,240,365,291,394,98,716,633,97,727,360,472,387,186,734,336,29,294,456,349,547,524,10,345,292,321,477,691,572,147,590,66,94,183,603,8,567,471,749,258,720,324,64,628,359,476,31,585,519,557,353,323,224,683,723,724,163,501,207,342,619,516,141,551,449,652,325,111,69,171,12,218,187,705,612,502,573,568,290,233,525,457,351,112,279,176,106,631,57,317,532,245,282,327,642,26,391,458,670,140,480,446,731,130,622,736,685,200,362,37,431,335,718,591,95,104,54,600,463,664,138,571,487,621,404,604,747,205,418,285,379,228,461,113,537,548,580,506,552,213,543,369,614,357,173,341,267,748,47,118,167,83,414,347,462,528,432,710,415,711,482,28,666,307,175,343,116,701,82,679,88,739,193,726,498,136,429,208,589,14,60,160,738,696,249,331,148,730,684,105,214,746,131,43,223,169,165,
496,230.30184745788574,161751.29719142476,157163.29860720423,389,278,459,634,298,222,153,375,530,617,266,536,390,598,574,478,215,81,16,381,346,669,392,367,421,30,503,500,93,745,276,248,103,641,665,299,27,385,259,677,17,100,643,688,211,420,554,84,251,296,274,374,639,490,395,376,383,20,195,121,529,566,52,544,436,651,584,510,717,209,253,107,19,182,70,344,191,313,315,588,188,348,483,615,22,265,560,7,4,531,185,523,287,168,637,318,56,139,38,689,120,583,692,76,577,491,33,308,413,363,708,485,650,91,541,18,326,90,110,179,40,328,654,569,680,558,606,595,333,533,693,96,521,725,239,74,283,481,135,513,13,155,430,511,201,538,539,706,526,216,192,126,423,412,419,270,34,682,495,21,559,645,656,465,540,235,422,468,518,212,250,578,77,15,310,618,123,36,492,740,635,611,676,435,128,388,63,744,281,41,549,509,364,316,627,162,719,609,613,58,9,197,150,166,62,180,570,334,42,707,504,671,517,660,607,602,445,743,244,178,499,312,206,433,78,416,460,728,217,464,322,230,373,161,427,534,455,372,49,219,361,67,417,320,6,241,424,158,229,452,742,5,72,704,23,713,425,646,690,655,268,673,428,280,515,129,73,410,263,447,157,35,189,667,527,366,703,629,156,273,109,221,450,729,338,640,1,198,284,714,401,497,675,143,398,65,237,295,257,288,311,289,177,444,71,686,632,51,0,231,227,735,142,440,687,286,556,441,737,555,625,636,154,236,210,79,553,332,469,243,563,699,605,695,630,648,562,246,68,411,301,599,484,406,48,496,520,581,644,380,426,133,300,59,277,565,439,146,608,488,561,114,304,202,674,741,454,473,722,151,505,329,87,616,579,32,721,702,399,262,659,623,2,470,184,596,164,302,658,434,545,371,397,662,409,597,448,576,145,330,678,350,586,25,89,653,24,125,101,181,275,75,508,204,403,303,601,546,238,582,144,407,269,127,393,382,475,663,55,108,132,400,507,620,370,594,593,149,172,170,493,45,535,102,610,657,732,220,319,203,442,681,575,624,39,234,242,85,466,712,453,80,354,272,467,378,240,365,291,394,98,716,633,97,727,360,472,387,186,734,336,29,294,456,349,547,524,10,345,292,321,477,691,572,147,590,66,94,183,603,8,567,471,749,258,720,324,64,628,359,476,31,585,519,557,353,323,224,683,723,724,163,501,207,342,619,516,141,551,449,652,325,111,69,171,12,218,187,705,612,502,573,568,290,233,525,457,351,112,279,176,106,631,57,317,532,245,282,327,642,26,391,458,670,140,480,446,731,130,622,736,685,200,362,37,431,335,718,591,95,104,54,600,463,664,138,571,487,621,404,604,747,205,418,285,379,228,461,113,537,548,580,506,552,213,543,369,614,357,173,341,267,748,47,118,167,83,414,347,462,528,432,710,415,711,482,28,666,307,175,343,116,701,82,679,88,739,193,726,498,136,429,208,589,14,60,160,738,696,249,331,148,730,684,105,214,746,131,43,223,169,165,53,408,92,368,443,451,715,119,44,3,587,626,340,152,159,305,254,486,638,377,542,733,255,355,356,661,190,438,174,134,271,384,199,61,402,489,694,115,386,474,592,247,514,50,196,668,124,260,698,697,137,293,700,672,352,337,437,297,479,194,252,649,314,339,46,494,550,226,122,709,522,261,564,225,309,232,11,358,647,99,256,86,512,264,117,405,396,306,
497,230.6941442489624,162096.74793226388,157163.29860720423,389,278,459,634,298,222,153,375,530,617,266,536,390,598,574,478,215,81,16,381,346,669,392,367,421,30,503,500,93,745,276,248,103,641,665,299,27,385,259,677,17,100,643,688,211,420,554,84,251,296,274,374,639,490,395,376,383,20,195,121,529,566,52,544,436,651,584,510,717,209,253,107,19,182,70,344,191,313,315,588,188,348,483,615,22,265,560,7,4,531,185,523,287,168,637,318,56,139,38,689,120,583,692,76,577,491,33,308,413,363,708,485,650,91,541,18,326,90,110,179,40,328,654,569,680,558,606,595,333,533,693,96,521,725,239,74,283,481,135,513,13,155,430,511,201,538,539,706,526,216,192,126,423,412,419,270,34,682,495,21,559,645,656,465,540,235,422,468,518,212,250,578,77,15,310,618,123,36,492,740,635,611,676,435,128,388,63,744,281,41,549,509,364,316,627,162,719,609,613,58,9,197,150,166,62,180,570,334,42,707,504,671,517,660,607,602,445,743,244,178,499,312,206,433,78,416,460,728,217,464,322,230,373,161,427,534,455,372,49,219,361,67,417,320,6,241,424,158,229,452,742,5,72,704,23,713,425,646,690,655,268,673,428,280,515,129,73,410,263,447,157,35,189,667,527,366,703,629,156,273,109,221,450,729,338,640,1,198,284,714,401,497,675,143,398,65,237,295,257,288,311,289,177,444,71,686,632,51,0,231,227,735,142,440,687,286,556,441,737,555,625,636,154,236,210,79,553,332,469,243,563,699,605,695,630,648,562,246,68,411,301,599,484,406,48,496,520,581,644,380,426,133,300,59,277,565,439,146,608,488,561,114,304,202,674,741,454,473,722,151,505,329,87,616,579,32,721,702,399,262,659,623,2,470,184,596,164,302,658,434,545,371,397,662,409,597,448,576,145,330,678,350,586,25,89,653,24,125,101,181,275,75,508,204,403,303,601,546,238,582,144,407,269,127,393,382,475,663,55,108,132,400,507,620,370,594,593,149,172,170,493,45,535,102,610,657,732,220,319,203,442,681,575,624,39,234,242,85,466,712,453,80,354,272,467,378,240,365,291,394,98,716,633,97,727,360,472,387,186,734,336,29,294,456,349,547,524,10,345,292,321,477,691,572,147,590,66,94,183,603,8,567,471,749,258,720,324,64,628,359,476,31,585,519,557,353,323,224,683,723,724,163,501,207,342,619,516,141,551,449,652,325,111,69,171,12,218,187,705,612,502,573,568,290,233,525,457,351,112,279,176,106,631,57,317,532,245,282,327,642,26,391,458,670,140,480,446,731,130,622,736,685,200,362,37,431,335,718,591,95,104,54,600,463,664,138,571,487,621,404,604,747,205,418,285,379,228,461,113,537,548,580,506,552,213,543,369,614,357,173,341,267,748,47,118,167,83,414,347,462,528,432,710,415,711,482,28,666,307,175,343,116,701,82,679,88,739,193,726,498,136,429,208,589,14,60,160,738,696,249,331,148,730,684,105,214,746,131,43,223,169,165,53,408,92,368,443,451,715,119,44,3,587,626,340,152,159,305,254,486,638,377,542,733,255,355,356,661,190,438,174,134,271,384,199,61,402,489,694,115,386,474,592,247,514,50,196,668,124,260,698,697,137,293,700,672,352,337,437,297,479,194,252,649,314,339,46,494,550,226,122,709,522,261,564,225,309,232,11,358,647,99,256,86,512,264,117,405,396,306,
498,231.20113849639893,161543.0705208115,157163.29860720423,389,278,459,634,298,222,153,375,530,617,266,536,390,598,574,478,215,81,16,381,346,669,392,367,421,30,503,500,93,745,276,248,103,641,665,299,27,385,259,677,17,100,643,688,211,420,554,84,251,296,274,374,639,490,395,376,383,20,195,121,529,566,52,544,436,651,584,510,717,209,253,107,19,182,70,344,191,313,315,588,188,348,483,615,22,265,560,7,4,531,185,523,287,168,637,318,56,139,38,689,120,583,692,76,577,491,33,308,413,363,708,485,650,91,541,18,326,90,110,179,40,328,654,569,680,558,606,595,333,533,693,96,521,725,239,74,283,481,135,513,13,155,430,511,201,538,539,706,526,216,192,126,423,412,419,270,34,682,495,21,559,645,656,465,540,235,422,468,518,212,250,578,77,15,310,618,123,36,492,740,635,611,676,435,128,388,63,744,281,41,549,509,364,316,627,162,719,609,613,58,9,197,150,166,62,180,570,334,42,707,504,671,517,660,607,602,445,743,244,178,499,312,206,433,78,416,460,728,217,464,322,230,373,161,427,534,455,372,49,219,361,67,417,320,6,241,424,158,229,452,742,5,72,704,23,713,425,646,690,655,268,673,428,280,515,129,73,410,263,447,157,35,189,667,527,366,703,629,156,273,109,221,450,729,338,640,1,198,284,714,401,497,675,143,398,65,237,295,257,288,311,289,177,444,71,686,632,51,0,231,227,735,142,440,687,286,556,441,737,555,625,636,154,236,210,79,553,332,469,243,563,699,605,695,630,648,562,246,68,411,301,599,484,406,48,496,520,581,644,380,426,133,300,59,277,565,439,146,608,488,561,114,304,202,674,741,454,473,722,151,505,329,87,616,579,32,721,702,399,262,659,623,2,470,184,596,164,302,658,434,545,371,397,662,409,597,448,576,145,330,678,350,586,25,89,653,24,125,101,181,275,75,508,204,403,303,601,546,238,582,144,407,269,127,393,382,475,663,55,108,132,400,507,620,370,594,593,149,172,170,493,45,535,102,610,657,732,220,319,203,442,681,575,624,39,234,242,85,466,712,453,80,354,272,467,378,240,365,291,394,98,716,633,97,727,360,472,387,186,734,336,29,294,456,349,547,524,10,345,292,321,477,691,572,147,590,66,94,183,603,8,567,471,749,258,720,324,64,628,359,476,31,585,519,557,353,323,224,683,723,724,163,501,207,342,619,516,141,551,449,652,325,111,69,171,12,218,187,705,612,502,573,568,290,233,525,457,351,112,279,176,106,631,57,317,532,245,282,327,642,26,391,458,670,140,480,446,731,130,622,736,685,200,362,37,431,335,718,591,95,104,54,600,463,664,138,571,487,621,404,604,747,205,418,285,379,228,461,113,537,548,580,506,552,213,543,369,614,357,173,341,267,748,47,118,167,83,414,347,462,528,432,710,415,711,482,28,666,307,175,343,116,701,82,679,88,739,193,726,498,136,429,208,589,14,60,160,738,696,249,331,148,730,684,105,214,746,131,43,223,169,165,53,408,92,368,443,451,715,119,44,3,587,626,340,152,159,305,254,486,638,377,542,733,255,355,356,661,190,438,174,134,271,384,199,61,402,489,694,115,386,474,592,247,514,50,196,668,124,260,698,697,137,293,700,672,352,337,437,297,479,194,252,649,314,339,46,494,550,226,122,709,522,261,564,225,309,232,11,358,647,99,256,86,512,264,117,405,396,306,
499,231.64756894111633,161047.34100851897,157160.05223500542,616,579,32,721,702,399,262,659,623,2,470,184,596,164,302,658,434,545,371,397,662,409,597,448,576,145,330,678,350,586,25,89,653,24,125,101,181,275,75,508,204,403,303,601,546,238,582,144,407,269,127,393,382,475,663,55,108,132,400,507,620,370,594,593,149,172,170,493,45,535,102,610,657,732,220,319,203,442,681,575,624,39,234,242,85,466,712,453,80,354,272,467,378,240,365,291,394,98,716,633,97,727,360,472,387,186,734,336,29,294,456,349,547,156,366,703,629,273,524,10,345,292,321,477,691,572,147,590,66,94,183,603,8,567,471,749,258,720,324,64,628,359,476,31,585,519,557,353,323,224,683,723,724,163,501,207,342,619,516,141,551,449,652,325,111,69,171,12,218,187,705,612,502,573,568,290,233,525,457,351,112,279,43,131,746,176,106,631,57,317,532,245,282,327,642,26,391,458,670,140,480,446,731,130,622,736,685,200,362,37,431,335,718,591,95,104,54,600,463,664,138,571,487,621,404,604,747,205,418,285,379,228,461,113,537,548,580,506,552,213,543,369,614,357,173,341,267,748,47,118,167,83,414,347,462,528,432,710,415,711,482,28,666,307,175,343,116,701,82,679,88,739,193,726,498,136,429,208,589,14,60,160,738,696,249,331,148,730,684,105,214,223,169,165,53,408,92,368,443,451,715,119,44,3,587,626,340,152,159,305,254,486,638,377,542,733,255,355,356,661,190,438,174,134,271,384,199,61,402,489,694,115,386,474,592,247,514,50,196,668,124,260,698,697,137,293,700,672,352,337,437,297,479,194,252,649,314,339,46,494,550,226,122,709,522,261,564,225,309,232,11,358,647,99,256,86,512,264,117,405,396,306,389,278,459,634,298,222,153,375,530,617,266,536,390,598,574,478,215,81,16,381,346,669,392,367,421,30,503,500,93,745,276,248,103,641,665,299,27,385,259,677,17,100,643,688,211,420,554,84,251,296,274,374,639,490,395,376,383,20,195,121,529,566,52,544,436,651,584,510,717,209,253,107,19,182,70,344,191,313,315,588,188,348,483,615,22,265,560,7,4,531,185,523,287,168,637,318,56,139,38,689,120,583,692,76,577,491,33,308,413,363,708,485,650,91,541,18,326,90,110,179,40,328,654,569,680,558,606,595,333,533,693,96,521,725,239,74,283,481,135,513,13,155,430,511,201,538,539,706,526,216,192,126,423,412,419,270,34,682,495,21,559,645,656,465,540,235,422,468,518,212,250,578,77,15,310,618,123,36,492,740,635,611,676,435,128,388,63,744,281,41,549,509,364,316,627,162,719,609,613,58,9,197,150,166,62,180,570,334,42,707,504,671,517,660,607,602,445,743,244,178,499,312,206,433,78,416,460,728,217,464,322,230,373,161,427,534,455,372,49,219,361,67,417,320,6,241,424,158,229,452,742,5,72,704,23,713,425,646,690,655,268,673,428,280,515,129,73,410,263,447,157,35,189,667,527,109,221,450,729,338,640,1,198,284,714,401,497,675,143,398,65,237,295,257,288,311,289,177,444,71,686,632,51,0,231,227,735,142,440,687,286,556,441,737,555,625,636,154,236,210,79,553,332,469,243,563,699,605,695,630,648,562,246,68,411,301,599,484,406,48,496,520,581,644,380,426,133,300,59,277,565,439,146,608,488,561,114,304,202,674,741,454,473,722,151,505,329,87,
500,232.07720017433167,160348.7338345791,157160.05223500542,616,579,32,721,702,399,262,659,623,2,470,184,596,164,302,658,434,545,371,397,662,409,597,448,576,145,330,678,350,586,25,89,653,24,125,101,181,275,75,508,204,403,303,601,546,238,582,144,407,269,127,393,382,475,663,55,108,132,400,507,620,370,594,593,149,172,170,493,45,535,102,610,657,732,220,319,203,442,681,575,624,39,234,242,85,466,712,453,80,354,272,467,378,240,365,291,394,98,716,633,97,727,360,472,387,186,734,336,29,294,456,349,547,156,366,703,629,273,524,10,345,292,321,477,691,572,147,590,66,94,183,603,8,567,471,749,258,720,324,64,628,359,476,31,585,519,557,353,323,224,683,723,724,163,501,207,342,619,516,141,551,449,652,325,111,69,171,12,218,187,705,612,502,573,568,290,233,525,457,351,112,279,43,131,746,176,106,631,57,317,532,245,282,327,642,26,391,458,670,140,480,446,731,130,622,736,685,200,362,37,431,335,718,591,95,104,54,600,463,664,138,571,487,621,404,604,747,205,418,285,379,228,461,113,537,548,580,506,552,213,543,369,614,357,173,341,267,748,47,118,167,83,414,347,462,528,432,710,415,711,482,28,666,307,175,343,116,701,82,679,88,739,193,726,498,136,429,208,589,14,60,160,738,696,249,331,148,730,684,105,214,223,169,165,53,408,92,368,443,451,715,119,44,3,587,626,340,152,159,305,254,486,638,377,542,733,255,355,356,661,190,438,174,134,271,384,199,61,402,489,694,115,386,474,592,247,514,50,196,668,124,260,698,697,137,293,700,672,352,337,437,297,479,194,252,649,314,339,46,494,550,226,122,709,522,261,564,225,309,232,11,358,647,99,256,86,512,264,117,405,396,306,389,278,459,634,298,222,153,375,530,617,266,536,390,598,574,478,215,81,16,381,346,669,392,367,421,30,503,500,93,745,276,248,103,641,665,299,27,385,259,677,17,100,643,688,211,420,554,84,251,296,274,374,639,490,395,376,383,20,195,121,529,566,52,544,436,651,584,510,717,209,253,107,19,182,70,344,191,313,315,588,188,348,483,615,22,265,560,7,4,531,185,523,287,168,637,318,56,139,38,689,120,583,692,76,577,491,33,308,413,363,708,485,650,91,541,18,326,90,110,179,40,328,654,569,680,558,606,595,333,533,693,96,521,725,239,74,283,481,135,513,13,155,430,511,201,538,539,706,526,216,192,126,423,412,419,270,34,682,495,21,559,645,656,465,540,235,422,468,518,212,250,578,77,15,310,618,123,36,492,740,635,611,676,435,128,388,63,744,281,41,549,509,364,316,627,162,719,609,613,58,9,197,150,166,62,180,570,334,42,707,504,671,517,660,607,602,445,743,244,178,499,312,206,433,78,416,460,728,217,464,322,230,373,161,427,534,455,372,49,219,361,67,417,320,6,241,424,158,229,452,742,5,72,704,23,713,425,646,690,655,268,673,428,280,515,129,73,410,263,447,157,35,189,667,527,109,221,450,729,338,640,1,198,284,714,401,497,675,143,398,65,237,295,257,288,311,289,177,444,71,686,632,51,0,231,227,735,142,440,687,286,556,441,737,555,625,636,154,236,210,79,553,332,469,243,563,699,605,695,630,648,562,246,68,411,301,599,484,406,48,496,520,581,644,380,426,133,300,59,277,565,439,146,608,488,561,114,304,202,674,741,454,473,722,151,505,329,87,
501,232.54460310935974,162874.63689646096,157160.05223500542,616,579,32,721,702,399,262,659,623,2,470,184,596,164,302,658,434,545,371,397,662,409,597,448,576,145,330,678,350,586,25,89,653,24,125,101,181,275,75,508,204,403,303,601,546,238,582,144,407,269,127,393,382,475,663,55,108,132,400,507,620,370,594,593,149,172,170,493,45,535,102,610,657,732,220,319,203,442,681,575,624,39,234,242,85,466,712,453,80,354,272,467,378,240,365,291,394,98,716,633,97,727,360,472,387,186,734,336,29,294,456,349,547,156,366,703,629,273,524,10,345,292,321,477,691,572,147,590,66,94,183,603,8,567,471,749,258,720,324,64,628,359,476,31,585,519,557,353,323,224,683,723,724,163,501,207,342,619,516,141,551,449,652,325,111,69,171,12,218,187,705,612,502,573,568,290,233,525,457,351,112,279,43,131,746,176,106,631,57,317,532,245,282,327,642,26,391,458,670,140,480,446,731,130,622,736,685,200,362,37,431,335,718,591,95,104,54,600,463,664,138,571,487,621,404,604,747,205,418,285,379,228,461,113,537,548,580,506,552,213,543,369,614,357,173,341,267,748,47,118,167,83,414,347,462,528,432,710,415,711,482,28,666,307,175,343,116,701,82,679,88,739,193,726,498,136,429,208,589,14,60,160,738,696,249,331,148,730,684,105,214,223,169,165,53,408,92,368,443,451,715,119,44,3,587,626,340,152,159,305,254,486,638,377,542,733,255,355,356,661,190,438,174,134,271,384,199,61,402,489,694,115,386,474,592,247,514,50,196,668,124,260,698,697,137,293,700,672,352,337,437,297,479,194,252,649,314,339,46,494,550,226,122,709,522,261,564,225,309,232,11,358,647,99,256,86,512,264,117,405,396,306,389,278,459,634,298,222,153,375,530,617,266,536,390,598,574,478,215,81,16,381,346,669,392,367,421,30,503,500,93,745,276,248,103,641,665,299,27,385,259,677,17,100,643,688,211,420,554,84,251,296,274,374,639,490,395,376,383,20,195,121,529,566,52,544,436,651,584,510,717,209,253,107,19,182,70,344,191,313,315,588,188,348,483,615,22,265,560,7,4,531,185,523,287,168,637,318,56,139,38,689,120,583,692,76,577,491,33,308,413,363,708,485,650,91,541,18,326,90,110,179,40,328,654,569,680,558,606,595,333,533,693,96,521,725,239,74,283,481,135,513,13,155,430,511,201,538,539,706,526,216,192,126,423,412,419,270,34,682,495,21,559,645,656,465,540,235,422,468,518,212,250,578,77,15,310,618,123,36,492,740,635,611,676,435,128,388,63,744,281,41,549,509,364,316,627,162,719,609,613,58,9,197,150,166,62,180,570,334,42,707,504,671,517,660,607,602,445,743,244,178,499,312,206,433,78,416,460,728,217,464,322,230,373,161,427,534,455,372,49,219,361,67,417,320,6,241,424,158,229,452,742,5,72,704,23,713,425,646,690,655,268,673,428,280,515,129,73,410,263,447,157,35,189,667,527,109,221,450,729,338,640,1,198,284,714,401,497,675,143,398,65,237,295,257,288,311,289,177,444,71,686,632,51,0,231,227,735,142,440,687,286,556,441,737,555,625,636,154,236,210,79,553,332,469,243,563,699,605,695,630,648,562,246,68,411,301,599,484,406,48,496,520,581,644,380,426,133,300,59,277,565,439,146,608,488,561,114,304,202,674,741,454,473,722,151,505,329,87,
502,233.1169080734253,162544.51844634148,157160.05223500542,616,579,32,721,702,399,262,659,623,2,470,184,596,164,302,658,434,545,371,397,662,409,597,448,576,145,330,678,350,586,25,89,653,24,125,101,181,275,75,508,204,403,303,601,546,238,582,144,407,269,127,393,382,475,663,55,108,132,400,507,620,370,594,593,149,172,170,493,45,535,102,610,657,732,220,319,203,442,681,575,624,39,234,242,85,466,712,453,80,354,272,467,378,240,365,291,394,98,716,633,97,727,360,472,387,186,734,336,29,294,456,349,547,156,366,703,629,273,524,10,345,292,321,477,691,572,147,590,66,94,183,603,8,567,471,749,258,720,324,64,628,359,476,31,585,519,557,353,323,224,683,723,724,163,501,207,342,619,516,141,551,449,652,325,111,69,171,12,218,187,705,612,502,573,568,290,233,525,457,351,112,279,43,131,746,176,106,631,57,317,532,245,282,327,642,26,391,458,670,140,480,446,731,130,622,736,685,200,362,37,431,335,718,591,95,104,54,600,463,664,138,571,487,621,404,604,747,205,418,285,379,228,461,113,537,548,580,506,552,213,543,369,614,357,173,341,267,748,47,118,167,83,414,347,462,528,432,710,415,711,482,28,666,307,175,343,116,701,82,679,88,739,193,726,498,136,429,208,589,14,60,160,738,696,249,331,148,730,684,105,214,223,169,165,53,408,92,368,443,451,715,119,44,3,587,626,340,152,159,305,254,486,638,377,542,733,255,355,356,661,190,438,174,134,271,384,199,61,402,489,694,115,386,474,592,247,514,50,196,668,124,260,698,697,137,293,700,672,352,337,437,297,479,194,252,649,314,339,46,494,550,226,122,709,522,261,564,225,309,232,11,358,647,99,256,86,512,264,117,405,396,306,389,278,459,634,298,222,153,375,530,617,266,536,390,598,574,478,215,81,16,381,346,669,392,367,421,30,503,500,93,745,276,248,103,641,665,299,27,385,259,677,17,100,643,688,211,420,554,84,251,296,274,374,639,490,395,376,383,20,195,121,529,566,52,544,436,651,584,510,717,209,253,107,19,182,70,344,191,313,315,588,188,348,483,615,22,265,560,7,4,531,185,523,287,168,637,318,56,139,38,689,120,583,692,76,577,491,33,308,413,363,708,485,650,91,541,18,326,90,110,179,40,328,654,569,680,558,606,595,333,533,693,96,521,725,239,74,283,481,135,513,13,155,430,511,201,538,539,706,526,216,192,126,423,412,419,270,34,682,495,21,559,645,656,465,540,235,422,468,518,212,250,578,77,15,310,618,123,36,492,740,635,611,676,435,128,388,63,744,281,41,549,509,364,316,627,162,719,609,613,58,9,197,150,166,62,180,570,334,42,707,504,671,517,660,607,602,445,743,244,178,499,312,206,433,78,416,460,728,217,464,322,230,373,161,427,534,455,372,49,219,361,67,417,320,6,241,424,158,229,452,742,5,72,704,23,713,425,646,690,655,268,673,428,280,515,129,73,410,263,447,157,35,189,667,527,109,221,450,729,338,640,1,198,284,714,401,497,675,143,398,65,237,295,257,288,311,289,177,444,71,686,632,51,0,231,227,735,142,440,687,286,556,441,737,555,625,636,154,236,210,79,553,332,469,243,563,699,605,695,630,648,562,246,68,411,301,599,484,406,48,496,520,581,644,380,426,133,300,59,277,565,439,146,608,488,561,114,304,202,674,741,454,473,722,151,505,329,87,
503,233.5757930278778,162040.23736999545,157160.05223500542,616,579,32,721,702,399,262,659,623,2,470,184,596,164,302,658,434,545,371,397,662,409,597,448,576,145,330,678,350,586,25,89,653,24,125,101,181,275,75,508,204,403,303,601,546,238,582,144,407,269,127,393,382,475,663,55,108,132,400,507,620,370,594,593,149,172,170,493,45,535,102,610,657,732,220,319,203,442,681,575,624,39,234,242,85,466,712,453,80,354,272,467,378,240,365,291,394,98,716,633,97,727,360,472,387,186,734,336,29,294,456,349,547,156,366,703,629,273,524,10,345,292,321,477,691,572,147,590,66,94,183,603,8,567,471,749,258,720,324,64,628,359,476,31,585,519,557,353,323,224,683,723,724,163,501,207,342,619,516,141,551,449,652,325,111,69,171,12,218,187,705,612,502,573,568,290,233,525,457,351,112,279,43,131,746,176,106,631,57,317,532,245,282,327,642,26,391,458,670,140,480,446,731,130,622,736,685,200,362,37,431,335,718,591,95,104,54,600,463,664,138,571,487,621,404,604,747,205,418,285,379,228,461,113,537,548,580,506,552,213,543,369,614,357,173,341,267,748,47,118,167,83,414,347,462,528,432,710,415,711,482,28,666,307,175,343,116,701,82,679,88,739,193,726,498,136,429,208,589,14,60,160,738,696,249,331,148,730,684,105,214,223,169,165,53,408,92,368,443,451,715,119,44,3,587,626,340,152,159,305,254,486,638,377,542,733,255,355,356,661,190,438,174,134,271,384,199,61,402,489,694,115,386,474,592,247,514,50,196,668,124,260,698,697,137,293,700,672,352,337,437,297,479,194,252,649,314,339,46,494,550,226,122,709,522,261,564,225,309,232,11,358,647,99,256,86,512,264,117,405,396,306,389,278,459,634,298,222,153,375,530,617,266,536,390,598,574,478,215,81,16,381,346,669,392,367,421,30,503,500,93,745,276,248,103,641,665,299,27,385,259,677,17,100,643,688,211,420,554,84,251,296,274,374,639,490,395,376,383,20,195,121,529,566,52,544,436,651,584,510,717,209,253,107,19,182,70,344,191,313,315,588,188,348,483,615,22,265,560,7,4,531,185,523,287,168,637,318,56,139,38,689,120,583,692,76,577,491,33,308,413,363,708,485,650,91,541,18,326,90,110,179,40,328,654,569,680,558,606,595,333,533,693,96,521,725,239,74,283,481,135,513,13,155,430,511,201,538,539,706,526,216,192,126,423,412,419,270,34,682,495,21,559,645,656,465,540,235,422,468,518,212,250,578,77,15,310,618,123,36,492,740,635,611,676,435,128,388,63,744,281,41,549,509,364,316,627,162,719,609,613,58,9,197,150,166,62,180,570,334,42,707,504,671,517,660,607,602,445,743,244,178,499,312,206,433,78,416,460,728,217,464,322,230,373,161,427,534,455,372,49,219,361,67,417,320,6,241,424,158,229,452,742,5,72,704,23,713,425,646,690,655,268,673,428,280,515,129,73,410,263,447,157,35,189,667,527,109,221,450,729,338,640,1,198,284,714,401,497,675,143,398,65,237,295,257,288,311,289,177,444,71,686,632,51,0,231,227,735,142,440,687,286,556,441,737,555,625,636,154,236,210,79,553,332,469,243,563,699,605,695,630,648,562,246,68,411,301,599,484,406,48,496,520,581,644,380,426,133,300,59,277,565,439,146,608,488,561,114,304,202,674,741,454,473,722,151,505,329,87,
504,234.05538177490234,160505.16173135518,157160.05223500542,616,579,32,721,702,399,262,659,623,2,470,184,596,164,302,658,434,545,371,397,662,409,597,448,576,145,330,678,350,586,25,89,653,24,125,101,181,275,75,508,204,403,303,601,546,238,582,144,407,269,127,393,382,475,663,55,108,132,400,507,620,370,594,593,149,172,170,493,45,535,102,610,657,732,220,319,203,442,681,575,624,39,234,242,85,466,712,453,80,354,272,467,378,240,365,291,394,98,716,633,97,727,360,472,387,186,734,336,29,294,456,349,547,156,366,703,629,273,524,10,345,292,321,477,691,572,147,590,66,94,183,603,8,567,471,749,258,720,324,64,628,359,476,31,585,519,557,353,323,224,683,723,724,163,501,207,342,619,516,141,551,449,652,325,111,69,171,12,218,187,705,612,502,573,568,290,233,525,457,351,112,279,43,131,746,176,106,631,57,317,532,245,282,327,642,26,391,458,670,140,480,446,731,130,622,736,685,200,362,37,431,335,718,591,95,104,54,600,463,664,138,571,487,621,404,604,747,205,418,285,379,228,461,113,537,548,580,506,552,213,543,369,614,357,173,341,267,748,47,118,167,83,414,347,462,528,432,710,415,711,482,28,666,307,175,343,116,701,82,679,88,739,193,726,498,136,429,208,589,14,60,160,738,696,249,331,148,730,684,105,214,223,169,165,53,408,92,368,443,451,715,119,44,3,587,626,340,152,159,305,254,486,638,377,542,733,255,355,356,661,190,438,174,134,271,384,199,61,402,489,694,115,386,474,592,247,514,50,196,668,124,260,698,697,137,293,700,672,352,337,437,297,479,194,252,649,314,339,46,494,550,226,122,709,522,261,564,225,309,232,11,358,647,99,256,86,512,264,117,405,396,306,389,278,459,634,298,222,153,375,530,617,266,536,390,598,574,478,215,81,16,381,346,669,392,367,421,30,503,500,93,745,276,248,103,641,665,299,27,385,259,677,17,100,643,688,211,420,554,84,251,296,274,374,639,490,395,376,383,20,195,121,529,566,52,544,436,651,584,510,717,209,253,107,19,182,70,344,191,313,315,588,188,348,483,615,22,265,560,7,4,531,185,523,287,168,637,318,56,139,38,689,120,583,692,76,577,491,33,308,413,363,708,485,650,91,541,18,326,90,110,179,40,328,654,569,680,558,606,595,333,533,693,96,521,725,239,74,283,481,135,513,13,155,430,511,201,538,539,706,526,216,192,126,423,412,419,270,34,682,495,21,559,645,656,465,540,235,422,468,518,212,250,578,77,15,310,618,123,36,492,740,635,611,676,435,128,388,63,744,281,41,549,509,364,316,627,162,719,609,613,58,9,197,150,166,62,180,570,334,42,707,504,671,517,660,607,602,445,743,244,178,499,312,206,433,78,416,460,728,217,464,322,230,373,161,427,534,455,372,49,219,361,67,417,320,6,241,424,158,229,452,742,5,72,704,23,713,425,646,690,655,268,673,428,280,515,129,73,410,263,447,157,35,189,667,527,109,221,450,729,338,640,1,198,284,714,401,497,675,143,398,65,237,295,257,288,311,289,177,444,71,686,632,51,0,231,227,735,142,440,687,286,556,441,737,555,625,636,154,236,210,79,553,332,469,243,563,699,605,695,630,648,562,246,68,411,301,599,484,406,48,496,520,581,644,380,426,133,300,59,277,565,439,146,608,488,561,114,304,202,674,741,454,473,722,151,505,329,87,
505,234.58245205879211,160530.86644087688,157160.05223500542,616,579,32,721,702,399,262,659,623,2,470,184,596,164,302,658,434,545,371,397,662,409,597,448,576,145,330,678,350,586,25,89,653,24,125,101,181,275,75,508,204,403,303,601,546,238,582,144,407,269,127,393,382,475,663,55,108,132,400,507,620,370,594,593,149,172,170,493,45,535,102,610,657,732,220,319,203,442,681,575,624,39,234,242,85,466,712,453,80,354,272,467,378,240,365,291,394,98,716,633,97,727,360,472,387,186,734,336,29,294,456,349,547,156,366,703,629,273,524,10,345,292,321,477,691,572,147,590,66,94,183,603,8,567,471,749,258,720,324,64,628,359,476,31,585,519,557,353,323,224,683,723,724,163,501,207,342,619,516,141,551,449,652,325,111,69,171,12,218,187,705,612,502,573,568,290,233,525,457,351,112,279,43,131,746,176,106,631,57,317,532,245,282,327,642,26,391,458,670,140,480,446,731,130,622,736,685,200,362,37,431,335,718,591,95,104,54,600,463,664,138,571,487,621,404,604,747,205,418,285,379,228,461,113,537,548,580,506,552,213,543,369,614,357,173,341,267,748,47,118,167,83,414,347,462,528,432,710,415,711,482,28,666,307,175,343,116,701,82,679,88,739,193,726,498,136,429,208,589,14,60,160,738,696,249,331,148,730,684,105,214,223,169,165,53,408,92,368,443,451,715,119,44,3,587,626,340,152,159,305,254,486,638,377,542,733,255,355,356,661,190,438,174,134,271,384,199,61,402,489,694,115,386,474,592,247,514,50,196,668,124,260,698,697,137,293,700,672,352,337,437,297,479,194,252,649,314,339,46,494,550,226,122,709,522,261,564,225,309,232,11,358,647,99,256,86,512,264,117,405,396,306,389,278,459,634,298,222,153,375,530,617,266,536,390,598,574,478,215,81,16,381,346,669,392,367,421,30,503,500,93,745,276,248,103,641,665,299,27,385,259,677,17,100,643,688,211,420,554,84,251,296,274,374,639,490,395,376,383,20,195,121,529,566,52,544,436,651,584,510,717,209,253,107,19,182,70,344,191,313,315,588,188,348,483,615,22,265,560,7,4,531,185,523,287,168,637,318,56,139,38,689,120,583,692,76,577,491,33,308,413,363,708,485,650,91,541,18,326,90,110,179,40,328,654,569,680,558,606,595,333,533,693,96,521,725,239,74,283,481,135,513,13,155,430,511,201,538,539,706,526,216,192,126,423,412,419,270,34,682,495,21,559,645,656,465,540,235,422,468,518,212,250,578,77,15,310,618,123,36,492,740,635,611,676,435,128,388,63,744,281,41,549,509,364,316,627,162,719,609,613,58,9,197,150,166,62,180,570,334,42,707,504,671,517,660,607,602,445,743,244,178,499,312,206,433,78,416,460,728,217,464,322,230,373,161,427,534,455,372,49,219,361,67,417,320,6,241,424,158,229,452,742,5,72,704,23,713,425,646,690,655,268,673,428,280,515,129,73,410,263,447,157,35,189,667,527,109,221,450,729,338,640,1,198,284,714,401,497,675,143,398,65,237,295,257,288,311,289,177,444,71,686,632,51,0,231,227,735,142,440,687,286,556,441,737,555,625,636,154,236,210,79,553,332,469,243,563,699,605,695,630,648,562,246,68,411,301,599,484,406,48,496,520,581,644,380,426,133,300,59,277,565,439,146,608,488,561,114,304,202,674,741,454,473,722,151,505,329,87,
506,235.0305552482605,160630.5297919185,157160.05223500542,616,579,32,721,702,399,262,659,623,2,470,184,596,164,302,658,434,545,371,397,662,409,597,448,576,145,330,678,350,586,25,89,653,24,125,101,181,275,75,508,204,403,303,601,546,238,582,144,407,269,127,393,382,475,663,55,108,132,400,507,620,370,594,593,149,172,170,493,45,535,102,610,657,732,220,319,203,442,681,575,624,39,234,242,85,466,712,453,80,354,272,467,378,240,365,291,394,98,716,633,97,727,360,472,387,186,734,336,29,294,456,349,547,156,366,703,629,273,524,10,345,292,321,477,691,572,147,590,66,94,183,603,8,567,471,749,258,720,324,64,628,359,476,31,585,519,557,353,323,224,683,723,724,163,501,207,342,619,516,141,551,449,652,325,111,69,171,12,218,187,705,612,502,573,568,290,233,525,457,351,112,279,43,131,746,176,106,631,57,317,532,245,282,327,642,26,391,458,670,140,480,446,731,130,622,736,685,200,362,37,431,335,718,591,95,104,54,600,463,664,138,571,487,621,404,604,747,205,418,285,379,228,461,113,537,548,580,506,552,213,543,369,614,357,173,341,267,748,47,118,167,83,414,347,462,528,432,710,415,711,482,28,666,307,175,343,116,701,82,679,88,739,193,726,498,136,429,208,589,14,60,160,738,696,249,331,148,730,684,105,214,223,169,165,53,408,92,368,443,451,715,119,44,3,587,626,340,152,159,305,254,486,638,377,542,733,255,355,356,661,190,438,174,134,271,384,199,61,402,489,694,115,386,474,592,247,514,50,196,668,124,260,698,697,137,293,700,672,352,337,437,297,479,194,252,649,314,339,46,494,550,226,122,709,522,261,564,225,309,232,11,358,647,99,256,86,512,264,117,405,396,306,389,278,459,634,298,222,153,375,530,617,266,536,390,598,574,478,215,81,16,381,346,669,392,367,421,30,503,500,93,745,276,248,103,641,665,299,27,385,259,677,17,100,643,688,211,420,554,84,251,296,274,374,639,490,395,376,383,20,195,121,529,566,52,544,436,651,584,510,717,209,253,107,19,182,70,344,191,313,315,588,188,348,483,615,22,265,560,7,4,531,185,523,287,168,637,318,56,139,38,689,120,583,692,76,577,491,33,308,413,363,708,485,650,91,541,18,326,90,110,179,40,328,654,569,680,558,606,595,333,533,693,96,521,725,239,74,283,481,135,513,13,155,430,511,201,538,539,706,526,216,192,126,423,412,419,270,34,682,495,21,559,645,656,465,540,235,422,468,518,212,250,578,77,15,310,618,123,36,492,740,635,611,676,435,128,388,63,744,281,41,549,509,364,316,627,162,719,609,613,58,9,197,150,166,62,180,570,334,42,707,504,671,517,660,607,602,445,743,244,178,499,312,206,433,78,416,460,728,217,464,322,230,373,161,427,534,455,372,49,219,361,67,417,320,6,241,424,158,229,452,742,5,72,704,23,713,425,646,690,655,268,673,428,280,515,129,73,410,263,447,157,35,189,667,527,109,221,450,729,338,640,1,198,284,714,401,497,675,143,398,65,237,295,257,288,311,289,177,444,71,686,632,51,0,231,227,735,142,440,687,286,556,441,737,555,625,636,154,236,210,79,553,332,469,243,563,699,605,695,630,648,562,246,68,411,301,599,484,406,48,496,520,581,644,380,426,133,300,59,277,565,439,146,608,488,561,114,304,202,674,741,454,473,722,151,505,329,87,
507,235.52998328208923,159925.17963438382,157160.05223500542,616,579,32,721,702,399,262,659,623,2,470,184,596,164,302,658,434,545,371,397,662,409,597,448,576,145,330,678,350,586,25,89,653,24,125,101,181,275,75,508,204,403,303,601,546,238,582,144,407,269,127,393,382,475,663,55,108,132,400,507,620,370,594,593,149,172,170,493,45,535,102,610,657,732,220,319,203,442,681,575,624,39,234,242,85,466,712,453,80,354,272,467,378,240,365,291,394,98,716,633,97,727,360,472,387,186,734,336,29,294,456,349,547,156,366,703,629,273,524,10,345,292,321,477,691,572,147,590,66,94,183,603,8,567,471,749,258,720,324,64,628,359,476,31,585,519,557,353,323,224,683,723,724,163,501,207,342,619,516,141,551,449,652,325,111,69,171,12,218,187,705,612,502,573,568,290,233,525,457,351,112,279,43,131,746,176,106,631,57,317,532,245,282,327,642,26,391,458,670,140,480,446,731,130,622,736,685,200,362,37,431,335,718,591,95,104,54,600,463,664,138,571,487,621,404,604,747,205,418,285,379,228,461,113,537,548,580,506,552,213,543,369,614,357,173,341,267,748,47,118,167,83,414,347,462,528,432,710,415,711,482,28,666,307,175,343,116,701,82,679,88,739,193,726,498,136,429,208,589,14,60,160,738,696,249,331,148,730,684,105,214,223,169,165,53,408,92,368,443,451,715,119,44,3,587,626,340,152,159,305,254,486,638,377,542,733,255,355,356,661,190,438,174,134,271,384,199,61,402,489,694,115,386,474,592,247,514,50,196,668,124,260,698,697,137,293,700,672,352,337,437,297,479,194,252,649,314,339,46,494,550,226,122,709,522,261,564,225,309,232,11,358,647,99,256,86,512,264,117,405,396,306,389,278,459,634,298,222,153,375,530,617,266,536,390,598,574,478,215,81,16,381,346,669,392,367,421,30,503,500,93,745,276,248,103,641,665,299,27,385,259,677,17,100,643,688,211,420,554,84,251,296,274,374,639,490,395,376,383,20,195,121,529,566,52,544,436,651,584,510,717,209,253,107,19,182,70,344,191,313,315,588,188,348,483,615,22,265,560,7,4,531,185,523,287,168,637,318,56,139,38,689,120,583,692,76,577,491,33,308,413,363,708,485,650,91,541,18,326,90,110,179,40,328,654,569,680,558,606,595,333,533,693,96,521,725,239,74,283,481,135,513,13,155,430,511,201,538,539,706,526,216,192,126,423,412,419,270,34,682,495,21,559,645,656,465,540,235,422,468,518,212,250,578,77,15,310,618,123,36,492,740,635,611,676,435,128,388,63,744,281,41,549,509,364,316,627,162,719,609,613,58,9,197,150,166,62,180,570,334,42,707,504,671,517,660,607,602,445,743,244,178,499,312,206,433,78,416,460,728,217,464,322,230,373,161,427,534,455,372,49,219,361,67,417,320,6,241,424,158,229,452,742,5,72,704,23,713,425,646,690,655,268,673,428,280,515,129,73,410,263,447,157,35,189,667,527,109,221,450,729,338,640,1,198,284,714,401,497,675,143,398,65,237,295,257,288,311,289,177,444,71,686,632,51,0,231,227,735,142,440,687,286,556,441,737,555,625,636,154,236,210,79,553,332,469,243,563,699,605,695,630,648,562,246,68,411,301,599,484,406,48,496,520,581,644,380,426,133,300,59,277,565,439,146,608,488,561,114,304,202,674,741,454,473,722,151,505,329,87,
508,236.08327174186707,161979.27025380154,157160.05223500542,616,579,32,721,702,399,262,659,623,2,470,184,596,164,302,658,434,545,371,397,662,409,597,448,576,145,330,678,350,586,25,89,653,24,125,101,181,275,75,508,204,403,303,601,546,238,582,144,407,269,127,393,382,475,663,55,108,132,400,507,620,370,594,593,149,172,170,493,45,535,102,610,657,732,220,319,203,442,681,575,624,39,234,242,85,466,712,453,80,354,272,467,378,240,365,291,394,98,716,633,97,727,360,472,387,186,734,336,29,294,456,349,547,156,366,703,629,273,524,10,345,292,321,477,691,572,147,590,66,94,183,603,8,567,471,749,258,720,324,64,628,359,476,31,585,519,557,353,323,224,683,723,724,163,501,207,342,619,516,141,551,449,652,325,111,69,171,12,218,187,705,612,502,573,568,290,233,525,457,351,112,279,43,131,746,176,106,631,57,317,532,245,282,327,642,26,391,458,670,140,480,446,731,130,622,736,685,200,362,37,431,335,718,591,95,104,54,600,463,664,138,571,487,621,404,604,747,205,418,285,379,228,461,113,537,548,580,506,552,213,543,369,614,357,173,341,267,748,47,118,167,83,414,347,462,528,432,710,415,711,482,28,666,307,175,343,116,701,82,679,88,739,193,726,498,136,429,208,589,14,60,160,738,696,249,331,148,730,684,105,214,223,169,165,53,408,92,368,443,451,715,119,44,3,587,626,340,152,159,305,254,486,638,377,542,733,255,355,356,661,190,438,174,134,271,384,199,61,402,489,694,115,386,474,592,247,514,50,196,668,124,260,698,697,137,293,700,672,352,337,437,297,479,194,252,649,314,339,46,494,550,226,122,709,522,261,564,225,309,232,11,358,647,99,256,86,512,264,117,405,396,306,389,278,459,634,298,222,153,375,530,617,266,536,390,598,574,478,215,81,16,381,346,669,392,367,421,30,503,500,93,745,276,248,103,641,665,299,27,385,259,677,17,100,643,688,211,420,554,84,251,296,274,374,639,490,395,376,383,20,195,121,529,566,52,544,436,651,584,510,717,209,253,107,19,182,70,344,191,313,315,588,188,348,483,615,22,265,560,7,4,531,185,523,287,168,637,318,56,139,38,689,120,583,692,76,577,491,33,308,413,363,708,485,650,91,541,18,326,90,110,179,40,328,654,569,680,558,606,595,333,533,693,96,521,725,239,74,283,481,135,513,13,155,430,511,201,538,539,706,526,216,192,126,423,412,419,270,34,682,495,21,559,645,656,465,540,235,422,468,518,212,250,578,77,15,310,618,123,36,492,740,635,611,676,435,128,388,63,744,281,41,549,509,364,316,627,162,719,609,613,58,9,197,150,166,62,180,570,334,42,707,504,671,517,660,607,602,445,743,244,178,499,312,206,433,78,416,460,728,217,464,322,230,373,161,427,534,455,372,49,219,361,67,417,320,6,241,424,158,229,452,742,5,72,704,23,713,425,646,690,655,268,673,428,280,515,129,73,410,263,447,157,35,189,667,527,109,221,450,729,338,640,1,198,284,714,401,497,675,143,398,65,237,295,257,288,311,289,177,444,71,686,632,51,0,231,227,735,142,440,687,286,556,441,737,555,625,636,154,236,210,79,553,332,469,243,563,699,605,695,630,648,562,246,68,411,301,599,484,406,48,496,520,581,644,380,426,133,300,59,277,565,439,146,608,488,561,114,304,202,674,741,454,473,722,151,505,329,87,
509,236.5198576450348,160530.9539100503,157160.05223500542,616,579,32,721,702,399,262,659,623,2,470,184,596,164,302,658,434,545,371,397,662,409,597,448,576,145,330,678,350,586,25,89,653,24,125,101,181,275,75,508,204,403,303,601,546,238,582,144,407,269,127,393,382,475,663,55,108,132,400,507,620,370,594,593,149,172,170,493,45,535,102,610,657,732,220,319,203,442,681,575,624,39,234,242,85,466,712,453,80,354,272,467,378,240,365,291,394,98,716,633,97,727,360,472,387,186,734,336,29,294,456,349,547,156,366,703,629,273,524,10,345,292,321,477,691,572,147,590,66,94,183,603,8,567,471,749,258,720,324,64,628,359,476,31,585,519,557,353,323,224,683,723,724,163,501,207,342,619,516,141,551,449,652,325,111,69,171,12,218,187,705,612,502,573,568,290,233,525,457,351,112,279,43,131,746,176,106,631,57,317,532,245,282,327,642,26,391,458,670,140,480,446,731,130,622,736,685,200,362,37,431,335,718,591,95,104,54,600,463,664,138,571,487,621,404,604,747,205,418,285,379,228,461,113,537,548,580,506,552,213,543,369,614,357,173,341,267,748,47,118,167,83,414,347,462,528,432,710,415,711,482,28,666,307,175,343,116,701,82,679,88,739,193,726,498,136,429,208,589,14,60,160,738,696,249,331,148,730,684,105,214,223,169,165,53,408,92,368,443,451,715,119,44,3,587,626,340,152,159,305,254,486,638,377,542,733,255,355,356,661,190,438,174,134,271,384,199,61,402,489,694,115,386,474,592,247,514,50,196,668,124,260,698,697,137,293,700,672,352,337,437,297,479,194,252,649,314,339,46,494,550,226,122,709,522,261,564,225,309,232,11,358,647,99,256,86,512,264,117,405,396,306,389,278,459,634,298,222,153,375,530,617,266,536,390,598,574,478,215,81,16,381,346,669,392,367,421,30,503,500,93,745,276,248,103,641,665,299,27,385,259,677,17,100,643,688,211,420,554,84,251,296,274,374,639,490,395,376,383,20,195,121,529,566,52,544,436,651,584,510,717,209,253,107,19,182,70,344,191,313,315,588,188,348,483,615,22,265,560,7,4,531,185,523,287,168,637,318,56,139,38,689,120,583,692,76,577,491,33,308,413,363,708,485,650,91,541,18,326,90,110,179,40,328,654,569,680,558,606,595,333,533,693,96,521,725,239,74,283,481,135,513,13,155,430,511,201,538,539,706,526,216,192,126,423,412,419,270,34,682,495,21,559,645,656,465,540,235,422,468,518,212,250,578,77,15,310,618,123,36,492,740,635,611,676,435,128,388,63,744,281,41,549,509,364,316,627,162,719,609,613,58,9,197,150,166,62,180,570,334,42,707,504,671,517,660,607,602,445,743,244,178,499,312,206,433,78,416,460,728,217,464,322,230,373,161,427,534,455,372,49,219,361,67,417,320,6,241,424,158,229,452,742,5,72,704,23,713,425,646,690,655,268,673,428,280,515,129,73,410,263,447,157,35,189,667,527,109,221,450,729,338,640,1,198,284,714,401,497,675,143,398,65,237,295,257,288,311,289,177,444,71,686,632,51,0,231,227,735,142,440,687,286,556,441,737,555,625,636,154,236,210,79,553,332,469,243,563,699,605,695,630,648,562,246,68,411,301,599,484,406,48,496,520,581,644,380,426,133,300,59,277,565,439,146,608,488,561,114,304,202,674,741,454,473,722,151,505,329,87,
510,237.0089693069458,160392.0195658887,157160.05223500542,616,579,32,721,702,399,262,659,623,2,470,184,596,164,302,658,434,545,371,397,662,409,597,448,576,145,330,678,350,586,25,89,653,24,125,101,181,275,75,508,204,403,303,601,546,238,582,144,407,269,127,393,382,475,663,55,108,132,400,507,620,370,594,593,149,172,170,493,45,535,102,610,657,732,220,319,203,442,681,575,624,39,234,242,85,466,712,453,80,354,272,467,378,240,365,291,394,98,716,633,97,727,360,472,387,186,734,336,29,294,456,349,547,156,366,703,629,273,524,10,345,292,321,477,691,572,147,590,66,94,183,603,8,567,471,749,258,720,324,64,628,359,476,31,585,519,557,353,323,224,683,723,724,163,501,207,342,619,516,141,551,449,652,325,111,69,171,12,218,187,705,612,502,573,568,290,233,525,457,351,112,279,43,131,746,176,106,631,57,317,532,245,282,327,642,26,391,458,670,140,480,446,731,130,622,736,685,200,362,37,431,335,718,591,95,104,54,600,463,664,138,571,487,621,404,604,747,205,418,285,379,228,461,113,537,548,580,506,552,213,543,369,614,357,173,341,267,748,47,118,167,83,414,347,462,528,432,710,415,711,482,28,666,307,175,343,116,701,82,679,88,739,193,726,498,136,429,208,589,14,60,160,738,696,249,331,148,730,684,105,214,223,169,165,53,408,92,368,443,451,715,119,44,3,587,626,340,152,159,305,254,486,638,377,542,733,255,355,356,661,190,438,174,134,271,384,199,61,402,489,694,115,386,474,592,247,514,50,196,668,124,260,698,697,137,293,700,672,352,337,437,297,479,194,252,649,314,339,46,494,550,226,122,709,522,261,564,225,309,232,11,358,647,99,256,86,512,264,117,405,396,306,389,278,459,634,298,222,153,375,530,617,266,536,390,598,574,478,215,81,16,381,346,669,392,367,421,30,503,500,93,745,276,248,103,641,665,299,27,385,259,677,17,100,643,688,211,420,554,84,251,296,274,374,639,490,395,376,383,20,195,121,529,566,52,544,436,651,584,510,717,209,253,107,19,182,70,344,191,313,315,588,188,348,483,615,22,265,560,7,4,531,185,523,287,168,637,318,56,139,38,689,120,583,692,76,577,491,33,308,413,363,708,485,650,91,541,18,326,90,110,179,40,328,654,569,680,558,606,595,333,533,693,96,521,725,239,74,283,481,135,513,13,155,430,511,201,538,539,706,526,216,192,126,423,412,419,270,34,682,495,21,559,645,656,465,540,235,422,468,518,212,250,578,77,15,310,618,123,36,492,740,635,611,676,435,128,388,63,744,281,41,549,509,364,316,627,162,719,609,613,58,9,197,150,166,62,180,570,334,42,707,504,671,517,660,607,602,445,743,244,178,499,312,206,433,78,416,460,728,217,464,322,230,373,161,427,534,455,372,49,219,361,67,417,320,6,241,424,158,229,452,742,5,72,704,23,713,425,646,690,655,268,673,428,280,515,129,73,410,263,447,157,35,189,667,527,109,221,450,729,338,640,1,198,284,714,401,497,675,143,398,65,237,295,257,288,311,289,177,444,71,686,632,51,0,231,227,735,142,440,687,286,556,441,737,555,625,636,154,236,210,79,553,332,469,243,563,699,605,695,630,648,562,246,68,411,301,599,484,406,48,496,520,581,644,380,426,133,300,59,277,565,439,146,608,488,561,114,304,202,674,741,454,473,722,151,505,329,87,
511,237.57592272758484,161228.59513954545,157160.05223500542,616,579,32,721,702,399,262,659,623,2,470,184,596,164,302,658,434,545,371,397,662,409,597,448,576,145,330,678,350,586,25,89,653,24,125,101,181,275,75,508,204,403,303,601,546,238,582,144,407,269,127,393,382,475,663,55,108,132,400,507,620,370,594,593,149,172,170,493,45,535,102,610,657,732,220,319,203,442,681,575,624,39,234,242,85,466,712,453,80,354,272,467,378,240,365,291,394,98,716,633,97,727,360,472,387,186,734,336,29,294,456,349,547,156,366,703,629,273,524,10,345,292,321,477,691,572,147,590,66,94,183,603,8,567,471,749,258,720,324,64,628,359,476,31,585,519,557,353,323,224,683,723,724,163,501,207,342,619,516,141,551,449,652,325,111,69,171,12,218,187,705,612,502,573,568,290,233,525,457,351,112,279,43,131,746,176,106,631,57,317,532,245,282,327,642,26,391,458,670,140,480,446,731,130,622,736,685,200,362,37,431,335,718,591,95,104,54,600,463,664,138,571,487,621,404,604,747,205,418,285,379,228,461,113,537,548,580,506,552,213,543,369,614,357,173,341,267,748,47,118,167,83,414,347,462,528,432,710,415,711,482,28,666,307,175,343,116,701,82,679,88,739,193,726,498,136,429,208,589,14,60,160,738,696,249,331,148,730,684,105,214,223,169,165,53,408,92,368,443,451,715,119,44,3,587,626,340,152,159,305,254,486,638,377,542,733,255,355,356,661,190,438,174,134,271,384,199,61,402,489,694,115,386,474,592,247,514,50,196,668,124,260,698,697,137,293,700,672,352,337,437,297,479,194,252,649,314,339,46,494,550,226,122,709,522,261,564,225,309,232,11,358,647,99,256,86,512,264,117,405,396,306,389,278,459,634,298,222,153,375,530,617,266,536,390,598,574,478,215,81,16,381,346,669,392,367,421,30,503,500,93,745,276,248,103,641,665,299,27,385,259,677,17,100,643,688,211,420,554,84,251,296,274,374,639,490,395,376,383,20,195,121,529,566,52,544,436,651,584,510,717,209,253,107,19,182,70,344,191,313,315,588,188,348,483,615,22,265,560,7,4,531,185,523,287,168,637,318,56,139,38,689,120,583,692,76,577,491,33,308,413,363,708,485,650,91,541,18,326,90,110,179,40,328,654,569,680,558,606,595,333,533,693,96,521,725,239,74,283,481,135,513,13,155,430,511,201,538,539,706,526,216,192,126,423,412,419,270,34,682,495,21,559,645,656,465,540,235,422,468,518,212,250,578,77,15,310,618,123,36,492,740,635,611,676,435,128,388,63,744,281,41,549,509,364,316,627,162,719,609,613,58,9,197,150,166,62,180,570,334,42,707,504,671,517,660,607,602,445,743,244,178,499,312,206,433,78,416,460,728,217,464,322,230,373,161,427,534,455,372,49,219,361,67,417,320,6,241,424,158,229,452,742,5,72,704,23,713,425,646,690,655,268,673,428,280,515,129,73,410,263,447,157,35,189,667,527,109,221,450,729,338,640,1,198,284,714,401,497,675,143,398,65,237,295,257,288,311,289,177,444,71,686,632,51,0,231,227,735,142,440,687,286,556,441,737,555,625,636,154,236,210,79,553,332,469,243,563,699,605,695,630,648,562,246,68,411,301,599,484,406,48,496,520,581,644,380,426,133,300,59,277,565,439,146,608,488,561,114,304,202,674,741,454,473,722,151,505,329,87,
512,238.06425380706787,162217.10899418444,157160.05223500542,616,579,32,721,702,399,262,659,623,2,470,184,596,164,302,658,434,545,371,397,662,409,597,448,576,145,330,678,350,586,25,89,653,24,125,101,181,275,75,508,204,403,303,601,546,238,582,144,407,269,127,393,382,475,663,55,108,132,400,507,620,370,594,593,149,172,170,493,45,535,102,610,657,732,220,319,203,442,681,575,624,39,234,242,85,466,712,453,80,354,272,467,378,240,365,291,394,98,716,633,97,727,360,472,387,186,734,336,29,294,456,349,547,156,366,703,629,273,524,10,345,292,321,477,691,572,147,590,66,94,183,603,8,567,471,749,258,720,324,64,628,359,476,31,585,519,557,353,323,224,683,723,724,163,501,207,342,619,516,141,551,449,652,325,111,69,171,12,218,187,705,612,502,573,568,290,233,525,457,351,112,279,43,131,746,176,106,631,57,317,532,245,282,327,642,26,391,458,670,140,480,446,731,130,622,736,685,200,362,37,431,335,718,591,95,104,54,600,463,664,138,571,487,621,404,604,747,205,418,285,379,228,461,113,537,548,580,506,552,213,543,369,614,357,173,341,267,748,47,118,167,83,414,347,462,528,432,710,415,711,482,28,666,307,175,343,116,701,82,679,88,739,193,726,498,136,429,208,589,14,60,160,738,696,249,331,148,730,684,105,214,223,169,165,53,408,92,368,443,451,715,119,44,3,587,626,340,152,159,305,254,486,638,377,542,733,255,355,356,661,190,438,174,134,271,384,199,61,402,489,694,115,386,474,592,247,514,50,196,668,124,260,698,697,137,293,700,672,352,337,437,297,479,194,252,649,314,339,46,494,550,226,122,709,522,261,564,225,309,232,11,358,647,99,256,86,512,264,117,405,396,306,389,278,459,634,298,222,153,375,530,617,266,536,390,598,574,478,215,81,16,381,346,669,392,367,421,30,503,500,93,745,276,248,103,641,665,299,27,385,259,677,17,100,643,688,211,420,554,84,251,296,274,374,639,490,395,376,383,20,195,121,529,566,52,544,436,651,584,510,717,209,253,107,19,182,70,344,191,313,315,588,188,348,483,615,22,265,560,7,4,531,185,523,287,168,637,318,56,139,38,689,120,583,692,76,577,491,33,308,413,363,708,485,650,91,541,18,326,90,110,179,40,328,654,569,680,558,606,595,333,533,693,96,521,725,239,74,283,481,135,513,13,155,430,511,201,538,539,706,526,216,192,126,423,412,419,270,34,682,495,21,559,645,656,465,540,235,422,468,518,212,250,578,77,15,310,618,123,36,492,740,635,611,676,435,128,388,63,744,281,41,549,509,364,316,627,162,719,609,613,58,9,197,150,166,62,180,570,334,42,707,504,671,517,660,607,602,445,743,244,178,499,312,206,433,78,416,460,728,217,464,322,230,373,161,427,534,455,372,49,219,361,67,417,320,6,241,424,158,229,452,742,5,72,704,23,713,425,646,690,655,268,673,428,280,515,129,73,410,263,447,157,35,189,667,527,109,221,450,729,338,640,1,198,284,714,401,497,675,143,398,65,237,295,257,288,311,289,177,444,71,686,632,51,0,231,227,735,142,440,687,286,556,441,737,555,625,636,154,236,210,79,553,332,469,243,563,699,605,695,630,648,562,246,68,411,301,599,484,406,48,496,520,581,644,380,426,133,300,59,277,565,439,146,608,488,561,114,304,202,674,741,454,473,722,151,505,329,87,
513,238.51248788833618,163529.425744144,157160.05223500542,616,579,32,721,702,399,262,659,623,2,470,184,596,164,302,658,434,545,371,397,662,409,597,448,576,145,330,678,350,586,25,89,653,24,125,101,181,275,75,508,204,403,303,601,546,238,582,144,407,269,127,393,382,475,663,55,108,132,400,507,620,370,594,593,149,172,170,493,45,535,102,610,657,732,220,319,203,442,681,575,624,39,234,242,85,466,712,453,80,354,272,467,378,240,365,291,394,98,716,633,97,727,360,472,387,186,734,336,29,294,456,349,547,156,366,703,629,273,524,10,345,292,321,477,691,572,147,590,66,94,183,603,8,567,471,749,258,720,324,64,628,359,476,31,585,519,557,353,323,224,683,723,724,163,501,207,342,619,516,141,551,449,652,325,111,69,171,12,218,187,705,612,502,573,568,290,233,525,457,351,112,279,43,131,746,176,106,631,57,317,532,245,282,327,642,26,391,458,670,140,480,446,731,130,622,736,685,200,362,37,431,335,718,591,95,104,54,600,463,664,138,571,487,621,404,604,747,205,418,285,379,228,461,113,537,548,580,506,552,213,543,369,614,357,173,341,267,748,47,118,167,83,414,347,462,528,432,710,415,711,482,28,666,307,175,343,116,701,82,679,88,739,193,726,498,136,429,208,589,14,60,160,738,696,249,331,148,730,684,105,214,223,169,165,53,408,92,368,443,451,715,119,44,3,587,626,340,152,159,305,254,486,638,377,542,733,255,355,356,661,190,438,174,134,271,384,199,61,402,489,694,115,386,474,592,247,514,50,196,668,124,260,698,697,137,293,700,672,352,337,437,297,479,194,252,649,314,339,46,494,550,226,122,709,522,261,564,225,309,232,11,358,647,99,256,86,512,264,117,405,396,306,389,278,459,634,298,222,153,375,530,617,266,536,390,598,574,478,215,81,16,381,346,669,392,367,421,30,503,500,93,745,276,248,103,641,665,299,27,385,259,677,17,100,643,688,211,420,554,84,251,296,274,374,639,490,395,376,383,20,195,121,529,566,52,544,436,651,584,510,717,209,253,107,19,182,70,344,191,313,315,588,188,348,483,615,22,265,560,7,4,531,185,523,287,168,637,318,56,139,38,689,120,583,692,76,577,491,33,308,413,363,708,485,650,91,541,18,326,90,110,179,40,328,654,569,680,558,606,595,333,533,693,96,521,725,239,74,283,481,135,513,13,155,430,511,201,538,539,706,526,216,192,126,423,412,419,270,34,682,495,21,559,645,656,465,540,235,422,468,518,212,250,578,77,15,310,618,123,36,492,740,635,611,676,435,128,388,63,744,281,41,549,509,364,316,627,162,719,609,613,58,9,197,150,166,62,180,570,334,42,707,504,671,517,660,607,602,445,743,244,178,499,312,206,433,78,416,460,728,217,464,322,230,373,161,427,534,455,372,49,219,361,67,417,320,6,241,424,158,229,452,742,5,72,704,23,713,425,646,690,655,268,673,428,280,515,129,73,410,263,447,157,35,189,667,527,109,221,450,729,338,640,1,198,284,714,401,497,675,143,398,65,237,295,257,288,311,289,177,444,71,686,632,51,0,231,227,735,142,440,687,286,556,441,737,555,625,636,154,236,210,79,553,332,469,243,563,699,605,695,630,648,562,246,68,411,301,599,484,406,48,496,520,581,644,380,426,133,300,59,277,565,439,146,608,488,561,114,304,202,674,741,454,473,722,151,505,329,87,
514,239.0570125579834,163267.56156341775,157160.05223500542,616,579,32,721,702,399,262,659,623,2,470,184,596,164,302,658,434,545,371,397,662,409,597,448,576,145,330,678,350,586,25,89,653,24,125,101,181,275,75,508,204,403,303,601,546,238,582,144,407,269,127,393,382,475,663,55,108,132,400,507,620,370,594,593,149,172,170,493,45,535,102,610,657,732,220,319,203,442,681,575,624,39,234,242,85,466,712,453,80,354,272,467,378,240,365,291,394,98,716,633,97,727,360,472,387,186,734,336,29,294,456,349,547,156,366,703,629,273,524,10,345,292,321,477,691,572,147,590,66,94,183,603,8,567,471,749,258,720,324,64,628,359,476,31,585,519,557,353,323,224,683,723,724,163,501,207,342,619,516,141,551,449,652,325,111,69,171,12,218,187,705,612,502,573,568,290,233,525,457,351,112,279,43,131,746,176,106,631,57,317,532,245,282,327,642,26,391,458,670,140,480,446,731,130,622,736,685,200,362,37,431,335,718,591,95,104,54,600,463,664,138,571,487,621,404,604,747,205,418,285,379,228,461,113,537,548,580,506,552,213,543,369,614,357,173,341,267,748,47,118,167,83,414,347,462,528,432,710,415,711,482,28,666,307,175,343,116,701,82,679,88,739,193,726,498,136,429,208,589,14,60,160,738,696,249,331,148,730,684,105,214,223,169,165,53,408,92,368,443,451,715,119,44,3,587,626,340,152,159,305,254,486,638,377,542,733,255,355,356,661,190,438,174,134,271,384,199,61,402,489,694,115,386,474,592,247,514,50,196,668,124,260,698,697,137,293,700,672,352,337,437,297,479,194,252,649,314,339,46,494,550,226,122,709,522,261,564,225,309,232,11,358,647,99,256,86,512,264,117,405,396,306,389,278,459,634,298,222,153,375,530,617,266,536,390,598,574,478,215,81,16,381,346,669,392,367,421,30,503,500,93,745,276,248,103,641,665,299,27,385,259,677,17,100,643,688,211,420,554,84,251,296,274,374,639,490,395,376,383,20,195,121,529,566,52,544,436,651,584,510,717,209,253,107,19,182,70,344,191,313,315,588,188,348,483,615,22,265,560,7,4,531,185,523,287,168,637,318,56,139,38,689,120,583,692,76,577,491,33,308,413,363,708,485,650,91,541,18,326,90,110,179,40,328,654,569,680,558,606,595,333,533,693,96,521,725,239,74,283,481,135,513,13,155,430,511,201,538,539,706,526,216,192,126,423,412,419,270,34,682,495,21,559,645,656,465,540,235,422,468,518,212,250,578,77,15,310,618,123,36,492,740,635,611,676,435,128,388,63,744,281,41,549,509,364,316,627,162,719,609,613,58,9,197,150,166,62,180,570,334,42,707,504,671,517,660,607,602,445,743,244,178,499,312,206,433,78,416,460,728,217,464,322,230,373,161,427,534,455,372,49,219,361,67,417,320,6,241,424,158,229,452,742,5,72,704,23,713,425,646,690,655,268,673,428,280,515,129,73,410,263,447,157,35,189,667,527,109,221,450,729,338,640,1,198,284,714,401,497,675,143,398,65,237,295,257,288,311,289,177,444,71,686,632,51,0,231,227,735,142,440,687,286,556,441,737,555,625,636,154,236,210,79,553,332,469,243,563,699,605,695,630,648,562,246,68,411,301,599,484,406,48,496,520,581,644,380,426,133,300,59,277,565,439,146,608,488,561,114,304,202,674,741,454,473,722,151,505,329,87,
515,239.49523663520813,161453.83655175767,157160.05223500542,616,579,32,721,702,399,262,659,623,2,470,184,596,164,302,658,434,545,371,397,662,409,597,448,576,145,330,678,350,586,25,89,653,24,125,101,181,275,75,508,204,403,303,601,546,238,582,144,407,269,127,393,382,475,663,55,108,132,400,507,620,370,594,593,149,172,170,493,45,535,102,610,657,732,220,319,203,442,681,575,624,39,234,242,85,466,712,453,80,354,272,467,378,240,365,291,394,98,716,633,97,727,360,472,387,186,734,336,29,294,456,349,547,156,366,703,629,273,524,10,345,292,321,477,691,572,147,590,66,94,183,603,8,567,471,749,258,720,324,64,628,359,476,31,585,519,557,353,323,224,683,723,724,163,501,207,342,619,516,141,551,449,652,325,111,69,171,12,218,187,705,612,502,573,568,290,233,525,457,351,112,279,43,131,746,176,106,631,57,317,532,245,282,327,642,26,391,458,670,140,480,446,731,130,622,736,685,200,362,37,431,335,718,591,95,104,54,600,463,664,138,571,487,621,404,604,747,205,418,285,379,228,461,113,537,548,580,506,552,213,543,369,614,357,173,341,267,748,47,118,167,83,414,347,462,528,432,710,415,711,482,28,666,307,175,343,116,701,82,679,88,739,193,726,498,136,429,208,589,14,60,160,738,696,249,331,148,730,684,105,214,223,169,165,53,408,92,368,443,451,715,119,44,3,587,626,340,152,159,305,254,486,638,377,542,733,255,355,356,661,190,438,174,134,271,384,199,61,402,489,694,115,386,474,592,247,514,50,196,668,124,260,698,697,137,293,700,672,352,337,437,297,479,194,252,649,314,339,46,494,550,226,122,709,522,261,564,225,309,232,11,358,647,99,256,86,512,264,117,405,396,306,389,278,459,634,298,222,153,375,530,617,266,536,390,598,574,478,215,81,16,381,346,669,392,367,421,30,503,500,93,745,276,248,103,641,665,299,27,385,259,677,17,100,643,688,211,420,554,84,251,296,274,374,639,490,395,376,383,20,195,121,529,566,52,544,436,651,584,510,717,209,253,107,19,182,70,344,191,313,315,588,188,348,483,615,22,265,560,7,4,531,185,523,287,168,637,318,56,139,38,689,120,583,692,76,577,491,33,308,413,363,708,485,650,91,541,18,326,90,110,179,40,328,654,569,680,558,606,595,333,533,693,96,521,725,239,74,283,481,135,513,13,155,430,511,201,538,539,706,526,216,192,126,423,412,419,270,34,682,495,21,559,645,656,465,540,235,422,468,518,212,250,578,77,15,310,618,123,36,492,740,635,611,676,435,128,388,63,744,281,41,549,509,364,316,627,162,719,609,613,58,9,197,150,166,62,180,570,334,42,707,504,671,517,660,607,602,445,743,244,178,499,312,206,433,78,416,460,728,217,464,322,230,373,161,427,534,455,372,49,219,361,67,417,320,6,241,424,158,229,452,742,5,72,704,23,713,425,646,690,655,268,673,428,280,515,129,73,410,263,447,157,35,189,667,527,109,221,450,729,338,640,1,198,284,714,401,497,675,143,398,65,237,295,257,288,311,289,177,444,71,686,632,51,0,231,227,735,142,440,687,286,556,441,737,555,625,636,154,236,210,79,553,332,469,243,563,699,605,695,630,648,562,246,68,411,301,599,484,406,48,496,520,581,644,380,426,133,300,59,277,565,439,146,608,488,561,114,304,202,674,741,454,473,722,151,505,329,87,
516,239.96364974975586,160336.13018197435,157160.05223500542,616,579,32,721,702,399,262,659,623,2,470,184,596,164,302,658,434,545,371,397,662,409,597,448,576,145,330,678,350,586,25,89,653,24,125,101,181,275,75,508,204,403,303,601,546,238,582,144,407,269,127,393,382,475,663,55,108,132,400,507,620,370,594,593,149,172,170,493,45,535,102,610,657,732,220,319,203,442,681,575,624,39,234,242,85,466,712,453,80,354,272,467,378,240,365,291,394,98,716,633,97,727,360,472,387,186,734,336,29,294,456,349,547,156,366,703,629,273,524,10,345,292,321,477,691,572,147,590,66,94,183,603,8,567,471,749,258,720,324,64,628,359,476,31,585,519,557,353,323,224,683,723,724,163,501,207,342,619,516,141,551,449,652,325,111,69,171,12,218,187,705,612,502,573,568,290,233,525,457,351,112,279,43,131,746,176,106,631,57,317,532,245,282,327,642,26,391,458,670,140,480,446,731,130,622,736,685,200,362,37,431,335,718,591,95,104,54,600,463,664,138,571,487,621,404,604,747,205,418,285,379,228,461,113,537,548,580,506,552,213,543,369,614,357,173,341,267,748,47,118,167,83,414,347,462,528,432,710,415,711,482,28,666,307,175,343,116,701,82,679,88,739,193,726,498,136,429,208,589,14,60,160,738,696,249,331,148,730,684,105,214,223,169,165,53,408,92,368,443,451,715,119,44,3,587,626,340,152,159,305,254,486,638,377,542,733,255,355,356,661,190,438,174,134,271,384,199,61,402,489,694,115,386,474,592,247,514,50,196,668,124,260,698,697,137,293,700,672,352,337,437,297,479,194,252,649,314,339,46,494,550,226,122,709,522,261,564,225,309,232,11,358,647,99,256,86,512,264,117,405,396,306,389,278,459,634,298,222,153,375,530,617,266,536,390,598,574,478,215,81,16,381,346,669,392,367,421,30,503,500,93,745,276,248,103,641,665,299,27,385,259,677,17,100,643,688,211,420,554,84,251,296,274,374,639,490,395,376,383,20,195,121,529,566,52,544,436,651,584,510,717,209,253,107,19,182,70,344,191,313,315,588,188,348,483,615,22,265,560,7,4,531,185,523,287,168,637,318,56,139,38,689,120,583,692,76,577,491,33,308,413,363,708,485,650,91,541,18,326,90,110,179,40,328,654,569,680,558,606,595,333,533,693,96,521,725,239,74,283,481,135,513,13,155,430,511,201,538,539,706,526,216,192,126,423,412,419,270,34,682,495,21,559,645,656,465,540,235,422,468,518,212,250,578,77,15,310,618,123,36,492,740,635,611,676,435,128,388,63,744,281,41,549,509,364,316,627,162,719,609,613,58,9,197,150,166,62,180,570,334,42,707,504,671,517,660,607,602,445,743,244,178,499,312,206,433,78,416,460,728,217,464,322,230,373,161,427,534,455,372,49,219,361,67,417,320,6,241,424,158,229,452,742,5,72,704,23,713,425,646,690,655,268,673,428,280,515,129,73,410,263,447,157,35,189,667,527,109,221,450,729,338,640,1,198,284,714,401,497,675,143,398,65,237,295,257,288,311,289,177,444,71,686,632,51,0,231,227,735,142,440,687,286,556,441,737,555,625,636,154,236,210,79,553,332,469,243,563,699,605,695,630,648,562,246,68,411,301,599,484,406,48,496,520,581,644,380,426,133,300,59,277,565,439,146,608,488,561,114,304,202,674,741,454,473,722,151,505,329,87,
517,240.51312613487244,162218.3003127916,157154.02730258126,59,277,565,439,146,608,488,561,114,304,202,674,741,454,473,722,151,505,329,87,616,579,32,721,702,399,262,659,623,2,470,184,596,164,302,658,434,545,371,397,662,409,597,448,576,145,330,678,350,586,25,89,653,24,125,101,181,275,75,508,204,403,303,601,546,238,582,144,407,269,127,393,382,475,663,55,108,132,400,507,620,370,594,593,149,172,170,493,45,535,102,610,657,732,220,319,203,442,681,575,624,39,234,242,85,466,712,453,80,354,272,467,378,240,365,291,394,98,716,633,97,727,360,472,387,186,734,336,29,294,456,349,547,156,366,703,629,273,524,10,345,292,321,477,691,572,147,590,66,94,183,603,8,567,471,749,258,720,324,64,628,359,476,31,585,519,557,353,323,224,683,723,724,163,501,218,187,12,207,342,619,516,141,551,449,652,325,111,69,171,705,612,502,573,568,290,233,525,457,351,112,279,176,106,631,57,317,327,642,532,245,282,731,26,391,458,670,140,480,446,130,622,736,685,200,362,37,431,335,718,591,95,104,54,600,463,664,138,571,487,621,404,604,747,205,418,285,379,228,461,113,537,548,580,506,552,213,543,369,614,357,173,341,267,748,47,118,167,83,414,347,462,528,432,710,415,711,482,28,666,307,175,343,116,701,82,679,88,739,193,726,498,136,429,208,589,14,60,160,738,696,249,331,148,730,684,105,214,746,131,43,223,169,165,53,408,92,368,443,451,715,119,44,3,587,626,340,152,159,305,254,486,638,377,542,733,255,355,356,661,190,438,134,174,384,271,199,61,402,489,694,115,386,474,592,247,514,50,196,668,124,260,698,697,137,293,700,672,352,337,437,297,479,194,252,649,314,339,46,494,550,226,122,709,522,261,564,225,309,232,11,358,647,99,256,86,512,264,117,405,396,306,389,278,459,634,298,222,153,375,530,617,266,536,390,598,574,478,215,81,16,381,346,669,392,367,421,30,503,500,93,745,276,248,103,641,665,299,27,385,259,677,17,100,643,688,211,420,554,84,251,296,274,374,639,490,395,376,383,20,195,121,529,566,52,544,436,651,584,510,717,209,253,107,19,182,70,344,191,313,315,588,188,348,483,615,22,265,560,7,4,531,185,523,287,168,637,318,56,139,38,689,120,583,692,76,577,491,33,308,413,363,708,485,650,91,541,18,326,90,110,179,40,328,654,569,680,558,606,595,333,533,693,96,521,725,239,74,283,481,135,513,13,155,430,511,201,538,539,706,526,216,192,126,423,412,419,270,34,682,495,21,559,645,656,465,540,235,422,468,518,212,250,578,77,15,310,618,123,36,492,740,635,611,676,435,128,388,63,744,281,41,549,509,364,316,627,162,719,609,613,58,9,197,150,166,62,180,570,334,42,707,504,671,517,660,607,602,445,743,244,178,499,312,206,433,78,416,460,728,217,464,322,230,373,161,427,534,455,372,49,219,361,67,417,320,6,241,424,158,229,452,742,5,72,704,23,713,425,646,690,655,268,673,428,280,515,129,73,410,263,447,157,35,189,667,527,109,221,450,729,338,640,1,198,284,714,401,497,675,143,398,65,237,295,257,288,311,289,177,444,71,686,632,51,0,231,227,735,142,440,687,286,556,441,737,555,625,636,154,236,210,79,553,332,469,243,563,699,605,695,630,648,562,246,68,411,301,599,484,406,48,496,520,581,644,380,426,133,300,
518,240.9249987602234,161956.01582454797,157093.772594265,616,579,32,721,702,399,262,659,623,2,470,184,596,164,302,658,434,545,371,397,662,409,597,448,576,145,330,678,350,586,25,89,653,24,125,101,181,275,75,508,204,403,303,601,546,238,582,144,407,269,127,393,382,475,663,55,108,132,400,507,620,370,594,593,149,172,170,493,45,535,102,610,657,732,220,319,203,442,681,575,624,39,234,242,85,466,712,453,80,354,272,467,378,240,365,291,394,98,716,633,97,727,360,472,387,186,734,336,29,294,456,349,547,156,366,703,629,273,524,10,345,292,321,477,691,572,147,590,66,94,183,603,8,567,471,749,258,720,324,64,628,359,476,31,585,519,557,353,323,224,683,723,724,163,501,218,187,12,207,342,619,516,141,551,449,652,325,111,69,171,705,612,502,573,568,290,233,525,457,351,112,279,43,131,746,176,106,631,57,317,532,245,282,327,642,26,391,458,670,140,480,446,731,130,622,736,685,200,362,37,431,335,718,591,95,104,54,600,463,664,138,571,487,621,404,604,747,205,418,285,379,228,461,113,537,548,580,506,552,213,543,369,614,357,173,341,267,748,47,118,167,83,414,347,462,528,432,710,415,711,482,28,666,307,175,343,116,701,82,679,88,739,193,726,498,136,429,208,589,14,60,160,738,696,249,331,148,730,684,105,214,223,169,165,53,408,92,368,443,451,715,119,44,3,587,626,340,152,159,305,254,486,638,377,542,733,255,355,356,661,190,438,174,134,271,384,199,61,402,489,694,115,386,474,592,247,514,50,196,668,124,260,698,697,137,293,700,672,352,337,437,297,479,194,252,649,314,339,46,494,550,226,122,709,522,261,564,225,309,232,11,358,647,99,256,86,512,264,117,405,396,306,389,278,459,634,298,222,153,375,530,617,266,536,390,598,574,478,215,81,16,381,346,669,392,367,421,30,503,500,93,745,276,248,103,641,665,299,27,385,259,677,17,100,643,688,211,420,554,84,251,296,274,374,639,490,395,376,383,20,195,121,529,566,52,544,436,651,584,510,717,209,253,107,19,182,70,344,191,313,315,588,188,348,483,615,22,265,560,7,4,531,185,523,287,168,637,318,56,139,38,689,120,583,692,76,577,491,33,308,413,363,708,485,650,91,541,18,326,90,110,179,40,328,654,569,680,558,606,595,333,533,693,96,521,725,239,74,283,481,135,513,13,155,430,511,201,538,539,706,526,216,192,126,423,412,419,270,34,682,495,21,559,645,656,465,540,235,422,468,518,212,250,578,77,15,310,618,123,36,492,740,635,611,676,435,128,388,63,744,281,41,549,509,364,316,627,162,719,609,613,58,9,197,150,166,62,180,570,334,42,707,504,671,517,660,607,602,445,743,244,178,499,312,206,433,78,416,460,728,217,464,322,230,373,161,427,534,455,372,49,219,361,67,417,320,6,241,424,158,229,452,742,5,72,704,23,713,425,646,690,655,268,673,428,280,515,129,73,410,263,447,157,35,189,667,527,109,221,450,729,338,640,1,198,284,714,401,497,675,143,398,65,237,295,257,288,311,289,177,444,71,686,632,51,0,231,227,735,142,440,687,286,556,441,737,555,625,636,154,236,210,79,553,332,469,243,563,699,605,695,630,648,562,246,68,411,301,599,484,406,48,496,520,581,644,380,426,133,300,59,277,565,439,146,608,488,561,114,304,202,674,741,454,473,722,151,505,329,87,
519,241.36662077903748,162131.0435917666,157093.772594265,616,579,32,721,702,399,262,659,623,2,470,184,596,164,302,658,434,545,371,397,662,409,597,448,576,145,330,678,350,586,25,89,653,24,125,101,181,275,75,508,204,403,303,601,546,238,582,144,407,269,127,393,382,475,663,55,108,132,400,507,620,370,594,593,149,172,170,493,45,535,102,610,657,732,220,319,203,442,681,575,624,39,234,242,85,466,712,453,80,354,272,467,378,240,365,291,394,98,716,633,97,727,360,472,387,186,734,336,29,294,456,349,547,156,366,703,629,273,524,10,345,292,321,477,691,572,147,590,66,94,183,603,8,567,471,749,258,720,324,64,628,359,476,31,585,519,557,353,323,224,683,723,724,163,501,218,187,12,207,342,619,516,141,551,449,652,325,111,69,171,705,612,502,573,568,290,233,525,457,351,112,279,43,131,746,176,106,631,57,317,532,245,282,327,642,26,391,458,670,140,480,446,731,130,622,736,685,200,362,37,431,335,718,591,95,104,54,600,463,664,138,571,487,621,404,604,747,205,418,285,379,228,461,113,537,548,580,506,552,213,543,369,614,357,173,341,267,748,47,118,167,83,414,347,462,528,432,710,415,711,482,28,666,307,175,343,116,701,82,679,88,739,193,726,498,136,429,208,589,14,60,160,738,696,249,331,148,730,684,105,214,223,169,165,53,408,92,368,443,451,715,119,44,3,587,626,340,152,159,305,254,486,638,377,542,733,255,355,356,661,190,438,174,134,271,384,199,61,402,489,694,115,386,474,592,247,514,50,196,668,124,260,698,697,137,293,700,672,352,337,437,297,479,194,252,649,314,339,46,494,550,226,122,709,522,261,564,225,309,232,11,358,647,99,256,86,512,264,117,405,396,306,389,278,459,634,298,222,153,375,530,617,266,536,390,598,574,478,215,81,16,381,346,669,392,367,421,30,503,500,93,745,276,248,103,641,665,299,27,385,259,677,17,100,643,688,211,420,554,84,251,296,274,374,639,490,395,376,383,20,195,121,529,566,52,544,436,651,584,510,717,209,253,107,19,182,70,344,191,313,315,588,188,348,483,615,22,265,560,7,4,531,185,523,287,168,637,318,56,139,38,689,120,583,692,76,577,491,33,308,413,363,708,485,650,91,541,18,326,90,110,179,40,328,654,569,680,558,606,595,333,533,693,96,521,725,239,74,283,481,135,513,13,155,430,511,201,538,539,706,526,216,192,126,423,412,419,270,34,682,495,21,559,645,656,465,540,235,422,468,518,212,250,578,77,15,310,618,123,36,492,740,635,611,676,435,128,388,63,744,281,41,549,509,364,316,627,162,719,609,613,58,9,197,150,166,62,180,570,334,42,707,504,671,517,660,607,602,445,743,244,178,499,312,206,433,78,416,460,728,217,464,322,230,373,161,427,534,455,372,49,219,361,67,417,320,6,241,424,158,229,452,742,5,72,704,23,713,425,646,690,655,268,673,428,280,515,129,73,410,263,447,157,35,189,667,527,109,221,450,729,338,640,1,198,284,714,401,497,675,143,398,65,237,295,257,288,311,289,177,444,71,686,632,51,0,231,227,735,142,440,687,286,556,441,737,555,625,636,154,236,210,79,553,332,469,243,563,699,605,695,630,648,562,246,68,411,301,599,484,406,48,496,520,581,644,380,426,133,300,59,277,565,439,146,608,488,561,114,304,202,674,741,454,473,722,151,505,329,87,
520,241.85081458091736,162020.3528530181,157093.772594265,616,579,32,721,702,399,262,659,623,2,470,184,596,164,302,658,434,545,371,397,662,409,597,448,576,145,330,678,350,586,25,89,653,24,125,101,181,275,75,508,204,403,303,601,546,238,582,144,407,269,127,393,382,475,663,55,108,132,400,507,620,370,594,593,149,172,170,493,45,535,102,610,657,732,220,319,203,442,681,575,624,39,234,242,85,466,712,453,80,354,272,467,378,240,365,291,394,98,716,633,97,727,360,472,387,186,734,336,29,294,456,349,547,156,366,703,629,273,524,10,345,292,321,477,691,572,147,590,66,94,183,603,8,567,471,749,258,720,324,64,628,359,476,31,585,519,557,353,323,224,683,723,724,163,501,218,187,12,207,342,619,516,141,551,449,652,325,111,69,171,705,612,502,573,568,290,233,525,457,351,112,279,43,131,746,176,106,631,57,317,532,245,282,327,642,26,391,458,670,140,480,446,731,130,622,736,685,200,362,37,431,335,718,591,95,104,54,600,463,664,138,571,487,621,404,604,747,205,418,285,379,228,461,113,537,548,580,506,552,213,543,369,614,357,173,341,267,748,47,118,167,83,414,347,462,528,432,710,415,711,482,28,666,307,175,343,116,701,82,679,88,739,193,726,498,136,429,208,589,14,60,160,738,696,249,331,148,730,684,105,214,223,169,165,53,408,92,368,443,451,715,119,44,3,587,626,340,152,159,305,254,486,638,377,542,733,255,355,356,661,190,438,174,134,271,384,199,61,402,489,694,115,386,474,592,247,514,50,196,668,124,260,698,697,137,293,700,672,352,337,437,297,479,194,252,649,314,339,46,494,550,226,122,709,522,261,564,225,309,232,11,358,647,99,256,86,512,264,117,405,396,306,389,278,459,634,298,222,153,375,530,617,266,536,390,598,574,478,215,81,16,381,346,669,392,367,421,30,503,500,93,745,276,248,103,641,665,299,27,385,259,677,17,100,643,688,211,420,554,84,251,296,274,374,639,490,395,376,383,20,195,121,529,566,52,544,436,651,584,510,717,209,253,107,19,182,70,344,191,313,315,588,188,348,483,615,22,265,560,7,4,531,185,523,287,168,637,318,56,139,38,689,120,583,692,76,577,491,33,308,413,363,708,485,650,91,541,18,326,90,110,179,40,328,654,569,680,558,606,595,333,533,693,96,521,725,239,74,283,481,135,513,13,155,430,511,201,538,539,706,526,216,192,126,423,412,419,270,34,682,495,21,559,645,656,465,540,235,422,468,518,212,250,578,77,15,310,618,123,36,492,740,635,611,676,435,128,388,63,744,281,41,549,509,364,316,627,162,719,609,613,58,9,197,150,166,62,180,570,334,42,707,504,671,517,660,607,602,445,743,244,178,499,312,206,433,78,416,460,728,217,464,322,230,373,161,427,534,455,372,49,219,361,67,417,320,6,241,424,158,229,452,742,5,72,704,23,713,425,646,690,655,268,673,428,280,515,129,73,410,263,447,157,35,189,667,527,109,221,450,729,338,640,1,198,284,714,401,497,675,143,398,65,237,295,257,288,311,289,177,444,71,686,632,51,0,231,227,735,142,440,687,286,556,441,737,555,625,636,154,236,210,79,553,332,469,243,563,699,605,695,630,648,562,246,68,411,301,599,484,406,48,496,520,581,644,380,426,133,300,59,277,565,439,146,608,488,561,114,304,202,674,741,454,473,722,151,505,329,87,
521,242.2889802455902,161169.21472900212,157093.77259426497,59,277,565,439,146,608,488,561,114,304,202,674,741,454,473,722,151,505,329,87,616,579,32,721,702,399,262,659,623,2,470,184,596,164,302,658,434,545,371,397,662,409,597,448,576,145,330,678,350,586,25,89,653,24,125,101,181,275,75,508,204,403,303,601,546,238,582,144,407,269,127,393,382,475,663,55,108,132,400,507,620,370,594,593,149,172,170,493,45,535,102,610,657,732,220,319,203,442,681,575,624,39,234,242,85,466,712,453,80,354,272,467,378,240,365,291,394,98,716,633,97,727,360,472,387,186,734,336,29,294,456,349,547,156,366,703,629,273,524,10,345,292,321,477,691,572,147,590,66,94,183,603,8,567,471,749,258,720,324,64,628,359,476,31,585,519,557,353,323,224,683,723,724,163,501,218,187,12,207,342,619,516,141,551,449,652,325,111,69,171,705,612,502,573,568,290,233,525,457,351,112,279,43,131,746,176,106,631,57,317,532,245,282,327,642,26,391,458,670,140,480,446,731,130,622,736,685,200,362,37,431,335,718,591,95,104,54,600,463,664,138,571,487,621,404,604,747,205,418,285,379,228,461,113,537,548,580,506,552,213,543,369,614,357,173,341,267,748,47,118,167,83,414,347,462,528,432,710,415,711,482,28,666,307,175,343,116,701,82,679,88,739,193,726,498,136,429,208,589,14,60,160,738,696,249,331,148,730,684,105,214,223,169,165,53,408,92,368,443,451,715,119,44,3,587,626,340,152,159,305,254,486,638,377,542,733,255,355,356,661,190,438,174,134,271,384,199,61,402,489,694,115,386,474,592,247,514,50,196,668,124,260,698,697,137,293,700,672,352,337,437,297,479,194,252,649,314,339,46,494,550,226,122,709,522,261,564,225,309,232,11,358,647,99,256,86,512,264,117,405,396,306,389,278,459,634,298,222,153,375,530,617,266,536,390,598,574,478,215,81,16,381,346,669,392,367,421,30,503,500,93,745,276,248,103,641,665,299,27,385,259,677,17,100,643,688,211,420,554,84,251,296,274,374,639,490,395,376,383,20,195,121,529,566,52,544,436,651,584,510,717,209,253,107,19,182,70,344,191,313,315,588,188,348,483,615,22,265,560,7,4,531,185,523,287,168,637,318,56,139,38,689,120,583,692,76,577,491,33,308,413,363,708,485,650,91,541,18,326,90,110,179,40,328,654,569,680,558,606,595,333,533,693,96,521,725,239,74,283,481,135,513,13,155,430,511,201,538,539,706,526,216,192,126,423,412,419,270,34,682,495,21,559,645,656,465,540,235,422,468,518,212,250,578,77,15,310,618,123,36,492,740,635,611,676,435,128,388,63,744,281,41,549,509,364,316,627,162,719,609,613,58,9,197,150,166,62,180,570,334,42,707,504,671,517,660,607,602,445,743,244,178,499,312,206,433,78,416,460,728,217,464,322,230,373,161,427,534,455,372,49,219,361,67,417,320,6,241,424,158,229,452,742,5,72,704,23,713,425,646,690,655,268,673,428,280,515,129,73,410,263,447,157,35,189,667,527,109,221,450,729,338,640,1,198,284,714,401,497,675,143,398,65,237,295,257,288,311,289,177,444,71,686,632,51,0,231,227,735,142,440,687,286,556,441,737,555,625,636,154,236,210,79,553,332,469,243,563,699,605,695,630,648,562,246,68,411,301,599,484,406,48,496,520,581,644,380,426,133,300,
522,242.73036694526672,161341.98411817715,157093.77259426497,59,277,565,439,146,608,488,561,114,304,202,674,741,454,473,722,151,505,329,87,616,579,32,721,702,399,262,659,623,2,470,184,596,164,302,658,434,545,371,397,662,409,597,448,576,145,330,678,350,586,25,89,653,24,125,101,181,275,75,508,204,403,303,601,546,238,582,144,407,269,127,393,382,475,663,55,108,132,400,507,620,370,594,593,149,172,170,493,45,535,102,610,657,732,220,319,203,442,681,575,624,39,234,242,85,466,712,453,80,354,272,467,378,240,365,291,394,98,716,633,97,727,360,472,387,186,734,336,29,294,456,349,547,156,366,703,629,273,524,10,345,292,321,477,691,572,147,590,66,94,183,603,8,567,471,749,258,720,324,64,628,359,476,31,585,519,557,353,323,224,683,723,724,163,501,218,187,12,207,342,619,516,141,551,449,652,325,111,69,171,705,612,502,573,568,290,233,525,457,351,112,279,43,131,746,176,106,631,57,317,532,245,282,327,642,26,391,458,670,140,480,446,731,130,622,736,685,200,362,37,431,335,718,591,95,104,54,600,463,664,138,571,487,621,404,604,747,205,418,285,379,228,461,113,537,548,580,506,552,213,543,369,614,357,173,341,267,748,47,118,167,83,414,347,462,528,432,710,415,711,482,28,666,307,175,343,116,701,82,679,88,739,193,726,498,136,429,208,589,14,60,160,738,696,249,331,148,730,684,105,214,223,169,165,53,408,92,368,443,451,715,119,44,3,587,626,340,152,159,305,254,486,638,377,542,733,255,355,356,661,190,438,174,134,271,384,199,61,402,489,694,115,386,474,592,247,514,50,196,668,124,260,698,697,137,293,700,672,352,337,437,297,479,194,252,649,314,339,46,494,550,226,122,709,522,261,564,225,309,232,11,358,647,99,256,86,512,264,117,405,396,306,389,278,459,634,298,222,153,375,530,617,266,536,390,598,574,478,215,81,16,381,346,669,392,367,421,30,503,500,93,745,276,248,103,641,665,299,27,385,259,677,17,100,643,688,211,420,554,84,251,296,274,374,639,490,395,376,383,20,195,121,529,566,52,544,436,651,584,510,717,209,253,107,19,182,70,344,191,313,315,588,188,348,483,615,22,265,560,7,4,531,185,523,287,168,637,318,56,139,38,689,120,583,692,76,577,491,33,308,413,363,708,485,650,91,541,18,326,90,110,179,40,328,654,569,680,558,606,595,333,533,693,96,521,725,239,74,283,481,135,513,13,155,430,511,201,538,539,706,526,216,192,126,423,412,419,270,34,682,495,21,559,645,656,465,540,235,422,468,518,212,250,578,77,15,310,618,123,36,492,740,635,611,676,435,128,388,63,744,281,41,549,509,364,316,627,162,719,609,613,58,9,197,150,166,62,180,570,334,42,707,504,671,517,660,607,602,445,743,244,178,499,312,206,433,78,416,460,728,217,464,322,230,373,161,427,534,455,372,49,219,361,67,417,320,6,241,424,158,229,452,742,5,72,704,23,713,425,646,690,655,268,673,428,280,515,129,73,410,263,447,157,35,189,667,527,109,221,450,729,338,640,1,198,284,714,401,497,675,143,398,65,237,295,257,288,311,289,177,444,71,686,632,51,0,231,227,735,142,440,687,286,556,441,737,555,625,636,154,236,210,79,553,332,469,243,563,699,605,695,630,648,562,246,68,411,301,599,484,406,48,496,520,581,644,380,426,133,300,
523,243.22387099266052,161124.0244661208,157093.77259426497,59,277,565,439,146,608,488,561,114,304,202,674,741,454,473,722,151,505,329,87,616,579,32,721,702,399,262,659,623,2,470,184,596,164,302,658,434,545,371,397,662,409,597,448,576,145,330,678,350,586,25,89,653,24,125,101,181,275,75,508,204,403,303,601,546,238,582,144,407,269,127,393,382,475,663,55,108,132,400,507,620,370,594,593,149,172,170,493,45,535,102,610,657,732,220,319,203,442,681,575,624,39,234,242,85,466,712,453,80,354,272,467,378,240,365,291,394,98,716,633,97,727,360,472,387,186,734,336,29,294,456,349,547,156,366,703,629,273,524,10,345,292,321,477,691,572,147,590,66,94,183,603,8,567,471,749,258,720,324,64,628,359,476,31,585,519,557,353,323,224,683,723,724,163,501,218,187,12,207,342,619,516,141,551,449,652,325,111,69,171,705,612,502,573,568,290,233,525,457,351,112,279,43,131,746,176,106,631,57,317,532,245,282,327,642,26,391,458,670,140,480,446,731,130,622,736,685,200,362,37,431,335,718,591,95,104,54,600,463,664,138,571,487,621,404,604,747,205,418,285,379,228,461,113,537,548,580,506,552,213,543,369,614,357,173,341,267,748,47,118,167,83,414,347,462,528,432,710,415,711,482,28,666,307,175,343,116,701,82,679,88,739,193,726,498,136,429,208,589,14,60,160,738,696,249,331,148,730,684,105,214,223,169,165,53,408,92,368,443,451,715,119,44,3,587,626,340,152,159,305,254,486,638,377,542,733,255,355,356,661,190,438,174,134,271,384,199,61,402,489,694,115,386,474,592,247,514,50,196,668,124,260,698,697,137,293,700,672,352,337,437,297,479,194,252,649,314,339,46,494,550,226,122,709,522,261,564,225,309,232,11,358,647,99,256,86,512,264,117,405,396,306,389,278,459,634,298,222,153,375,530,617,266,536,390,598,574,478,215,81,16,381,346,669,392,367,421,30,503,500,93,745,276,248,103,641,665,299,27,385,259,677,17,100,643,688,211,420,554,84,251,296,274,374,639,490,395,376,383,20,195,121,529,566,52,544,436,651,584,510,717,209,253,107,19,182,70,344,191,313,315,588,188,348,483,615,22,265,560,7,4,531,185,523,287,168,637,318,56,139,38,689,120,583,692,76,577,491,33,308,413,363,708,485,650,91,541,18,326,90,110,179,40,328,654,569,680,558,606,595,333,533,693,96,521,725,239,74,283,481,135,513,13,155,430,511,201,538,539,706,526,216,192,126,423,412,419,270,34,682,495,21,559,645,656,465,540,235,422,468,518,212,250,578,77,15,310,618,123,36,492,740,635,611,676,435,128,388,63,744,281,41,549,509,364,316,627,162,719,609,613,58,9,197,150,166,62,180,570,334,42,707,504,671,517,660,607,602,445,743,244,178,499,312,206,433,78,416,460,728,217,464,322,230,373,161,427,534,455,372,49,219,361,67,417,320,6,241,424,158,229,452,742,5,72,704,23,713,425,646,690,655,268,673,428,280,515,129,73,410,263,447,157,35,189,667,527,109,221,450,729,338,640,1,198,284,714,401,497,675,143,398,65,237,295,257,288,311,289,177,444,71,686,632,51,0,231,227,735,142,440,687,286,556,441,737,555,625,636,154,236,210,79,553,332,469,243,563,699,605,695,630,648,562,246,68,411,301,599,484,406,48,496,520,581,644,380,426,133,300,
524,243.66219782829285,161445.14481338707,157093.77259426497,59,277,565,439,146,608,488,561,114,304,202,674,741,454,473,722,151,505,329,87,616,579,32,721,702,399,262,659,623,2,470,184,596,164,302,658,434,545,371,397,662,409,597,448,576,145,330,678,350,586,25,89,653,24,125,101,181,275,75,508,204,403,303,601,546,238,582,144,407,269,127,393,382,475,663,55,108,132,400,507,620,370,594,593,149,172,170,493,45,535,102,610,657,732,220,319,203,442,681,575,624,39,234,242,85,466,712,453,80,354,272,467,378,240,365,291,394,98,716,633,97,727,360,472,387,186,734,336,29,294,456,349,547,156,366,703,629,273,524,10,345,292,321,477,691,572,147,590,66,94,183,603,8,567,471,749,258,720,324,64,628,359,476,31,585,519,557,353,323,224,683,723,724,163,501,218,187,12,207,342,619,516,141,551,449,652,325,111,69,171,705,612,502,573,568,290,233,525,457,351,112,279,43,131,746,176,106,631,57,317,532,245,282,327,642,26,391,458,670,140,480,446,731,130,622,736,685,200,362,37,431,335,718,591,95,104,54,600,463,664,138,571,487,621,404,604,747,205,418,285,379,228,461,113,537,548,580,506,552,213,543,369,614,357,173,341,267,748,47,118,167,83,414,347,462,528,432,710,415,711,482,28,666,307,175,343,116,701,82,679,88,739,193,726,498,136,429,208,589,14,60,160,738,696,249,331,148,730,684,105,214,223,169,165,53,408,92,368,443,451,715,119,44,3,587,626,340,152,159,305,254,486,638,377,542,733,255,355,356,661,190,438,174,134,271,384,199,61,402,489,694,115,386,474,592,247,514,50,196,668,124,260,698,697,137,293,700,672,352,337,437,297,479,194,252,649,314,339,46,494,550,226,122,709,522,261,564,225,309,232,11,358,647,99,256,86,512,264,117,405,396,306,389,278,459,634,298,222,153,375,530,617,266,536,390,598,574,478,215,81,16,381,346,669,392,367,421,30,503,500,93,745,276,248,103,641,665,299,27,385,259,677,17,100,643,688,211,420,554,84,251,296,274,374,639,490,395,376,383,20,195,121,529,566,52,544,436,651,584,510,717,209,253,107,19,182,70,344,191,313,315,588,188,348,483,615,22,265,560,7,4,531,185,523,287,168,637,318,56,139,38,689,120,583,692,76,577,491,33,308,413,363,708,485,650,91,541,18,326,90,110,179,40,328,654,569,680,558,606,595,333,533,693,96,521,725,239,74,283,481,135,513,13,155,430,511,201,538,539,706,526,216,192,126,423,412,419,270,34,682,495,21,559,645,656,465,540,235,422,468,518,212,250,578,77,15,310,618,123,36,492,740,635,611,676,435,128,388,63,744,281,41,549,509,364,316,627,162,719,609,613,58,9,197,150,166,62,180,570,334,42,707,504,671,517,660,607,602,445,743,244,178,499,312,206,433,78,416,460,728,217,464,322,230,373,161,427,534,455,372,49,219,361,67,417,320,6,241,424,158,229,452,742,5,72,704,23,713,425,646,690,655,268,673,428,280,515,129,73,410,263,447,157,35,189,667,527,109,221,450,729,338,640,1,198,284,714,401,497,675,143,398,65,237,295,257,288,311,289,177,444,71,686,632,51,0,231,227,735,142,440,687,286,556,441,737,555,625,636,154,236,210,79,553,332,469,243,563,699,605,695,630,648,562,246,68,411,301,599,484,406,48,496,520,581,644,380,426,133,300,
525,244.08620381355286,161150.0279368608,157093.77259426497,59,277,565,439,146,608,488,561,114,304,202,674,741,454,473,722,151,505,329,87,616,579,32,721,702,399,262,659,623,2,470,184,596,164,302,658,434,545,371,397,662,409,597,448,576,145,330,678,350,586,25,89,653,24,125,101,181,275,75,508,204,403,303,601,546,238,582,144,407,269,127,393,382,475,663,55,108,132,400,507,620,370,594,593,149,172,170,493,45,535,102,610,657,732,220,319,203,442,681,575,624,39,234,242,85,466,712,453,80,354,272,467,378,240,365,291,394,98,716,633,97,727,360,472,387,186,734,336,29,294,456,349,547,156,366,703,629,273,524,10,345,292,321,477,691,572,147,590,66,94,183,603,8,567,471,749,258,720,324,64,628,359,476,31,585,519,557,353,323,224,683,723,724,163,501,218,187,12,207,342,619,516,141,551,449,652,325,111,69,171,705,612,502,573,568,290,233,525,457,351,112,279,43,131,746,176,106,631,57,317,532,245,282,327,642,26,391,458,670,140,480,446,731,130,622,736,685,200,362,37,431,335,718,591,95,104,54,600,463,664,138,571,487,621,404,604,747,205,418,285,379,228,461,113,537,548,580,506,552,213,543,369,614,357,173,341,267,748,47,118,167,83,414,347,462,528,432,710,415,711,482,28,666,307,175,343,116,701,82,679,88,739,193,726,498,136,429,208,589,14,60,160,738,696,249,331,148,730,684,105,214,223,169,165,53,408,92,368,443,451,715,119,44,3,587,626,340,152,159,305,254,486,638,377,542,733,255,355,356,661,190,438,174,134,271,384,199,61,402,489,694,115,386,474,592,247,514,50,196,668,124,260,698,697,137,293,700,672,352,337,437,297,479,194,252,649,314,339,46,494,550,226,122,709,522,261,564,225,309,232,11,358,647,99,256,86,512,264,117,405,396,306,389,278,459,634,298,222,153,375,530,617,266,536,390,598,574,478,215,81,16,381,346,669,392,367,421,30,503,500,93,745,276,248,103,641,665,299,27,385,259,677,17,100,643,688,211,420,554,84,251,296,274,374,639,490,395,376,383,20,195,121,529,566,52,544,436,651,584,510,717,209,253,107,19,182,70,344,191,313,315,588,188,348,483,615,22,265,560,7,4,531,185,523,287,168,637,318,56,139,38,689,120,583,692,76,577,491,33,308,413,363,708,485,650,91,541,18,326,90,110,179,40,328,654,569,680,558,606,595,333,533,693,96,521,725,239,74,283,481,135,513,13,155,430,511,201,538,539,706,526,216,192,126,423,412,419,270,34,682,495,21,559,645,656,465,540,235,422,468,518,212,250,578,77,15,310,618,123,36,492,740,635,611,676,435,128,388,63,744,281,41,549,509,364,316,627,162,719,609,613,58,9,197,150,166,62,180,570,334,42,707,504,671,517,660,607,602,445,743,244,178,499,312,206,433,78,416,460,728,217,464,322,230,373,161,427,534,455,372,49,219,361,67,417,320,6,241,424,158,229,452,742,5,72,704,23,713,425,646,690,655,268,673,428,280,515,129,73,410,263,447,157,35,189,667,527,109,221,450,729,338,640,1,198,284,714,401,497,675,143,398,65,237,295,257,288,311,289,177,444,71,686,632,51,0,231,227,735,142,440,687,286,556,441,737,555,625,636,154,236,210,79,553,332,469,243,563,699,605,695,630,648,562,246,68,411,301,599,484,406,48,496,520,581,644,380,426,133,300,
526,244.49568915367126,160647.95503039646,157054.13437236528,59,277,565,439,146,608,488,561,114,304,202,674,741,454,473,722,151,505,329,87,616,579,32,721,702,399,262,659,623,2,470,184,596,164,302,658,434,545,371,397,662,409,597,448,576,145,330,678,350,586,25,89,653,24,125,101,181,275,75,508,204,403,303,601,546,238,582,144,407,269,127,393,382,475,663,55,108,132,400,507,620,370,594,593,149,172,170,493,45,535,102,610,657,732,220,319,203,442,681,575,624,39,234,242,85,466,712,453,80,354,272,467,378,240,365,291,394,98,716,633,97,727,360,472,387,186,734,336,29,294,456,349,547,156,366,703,629,273,524,10,345,292,321,477,691,572,147,590,66,94,183,603,8,567,471,749,258,720,324,64,628,359,476,31,585,519,557,353,323,224,683,723,724,163,501,218,187,12,207,342,619,516,141,551,449,652,325,111,69,171,705,612,502,573,568,290,233,525,457,351,112,279,176,106,631,57,317,532,245,282,327,642,26,391,458,670,140,480,446,731,130,622,736,685,200,362,37,431,335,718,591,95,104,54,600,463,664,138,571,487,621,404,604,747,205,418,285,379,228,461,113,537,548,580,506,552,213,614,369,543,676,435,357,173,341,267,748,47,118,167,83,414,347,462,528,432,710,415,711,482,28,666,307,175,343,116,701,82,679,88,739,193,726,498,136,429,208,589,14,60,160,738,696,249,331,148,730,684,105,214,746,131,43,223,169,165,53,408,92,368,443,451,715,119,44,3,587,626,340,152,159,305,254,486,638,377,542,733,255,355,356,661,190,438,174,134,271,384,199,61,402,489,694,115,386,474,592,247,514,50,196,668,124,260,698,697,137,293,700,672,352,337,437,297,479,194,252,649,314,339,46,494,550,226,122,709,522,261,564,225,309,232,11,358,647,99,256,86,512,264,117,405,396,306,389,278,459,634,298,222,153,375,530,617,266,536,390,598,574,478,215,81,16,381,346,669,392,367,421,30,503,500,93,745,276,248,103,641,665,299,27,385,259,677,17,100,643,688,211,420,554,84,251,296,274,374,639,490,395,376,383,20,195,121,529,566,52,544,436,651,584,510,717,209,253,107,19,182,70,344,191,313,315,588,188,348,483,615,22,265,560,7,4,531,185,523,287,168,637,318,56,139,38,689,120,583,692,76,577,491,33,308,413,363,708,485,650,91,541,18,326,90,110,179,40,328,654,569,680,558,606,595,333,533,693,96,521,725,239,74,283,481,135,513,13,155,430,511,201,538,539,706,526,216,192,126,423,412,419,270,34,682,495,21,559,645,656,465,540,235,422,468,518,212,250,578,77,15,310,618,123,36,492,740,635,611,128,388,63,744,281,41,549,509,364,316,627,162,719,609,613,58,9,197,150,166,62,180,570,334,42,707,504,671,517,660,607,602,445,743,244,178,499,312,206,433,78,416,460,728,217,464,322,230,373,161,427,534,455,372,49,219,361,67,417,320,6,241,424,158,229,452,742,5,72,704,23,713,425,646,690,655,268,673,428,280,515,129,73,410,263,447,157,35,189,667,527,109,221,450,729,338,640,1,198,284,714,401,497,675,143,398,65,237,295,257,288,311,289,177,444,71,686,632,51,0,231,227,735,142,440,687,286,556,441,737,555,625,636,154,236,210,79,553,332,469,243,563,699,605,695,630,648,562,246,68,411,301,599,484,406,48,496,520,581,644,380,426,133,300,
527,244.90606260299683,162342.73411373756,157054.13437236528,59,277,565,439,146,608,488,561,114,304,202,674,741,454,473,722,151,505,329,87,616,579,32,721,702,399,262,659,623,2,470,184,596,164,302,658,434,545,371,397,662,409,597,448,576,145,330,678,350,586,25,89,653,24,125,101,181,275,75,508,204,403,303,601,546,238,582,144,407,269,127,393,382,475,663,55,108,132,400,507,620,370,594,593,149,172,170,493,45,535,102,610,657,732,220,319,203,442,681,575,624,39,234,242,85,466,712,453,80,354,272,467,378,240,365,291,394,98,716,633,97,727,360,472,387,186,734,336,29,294,456,349,547,156,366,703,629,273,524,10,345,292,321,477,691,572,147,590,66,94,183,603,8,567,471,749,258,720,324,64,628,359,476,31,585,519,557,353,323,224,683,723,724,163,501,218,187,12,207,342,619,516,141,551,449,652,325,111,69,171,705,612,502,573,568,290,233,525,457,351,112,279,176,106,631,57,317,532,245,282,327,642,26,391,458,670,140,480,446,731,130,622,736,685,200,362,37,431,335,718,591,95,104,54,600,463,664,138,571,487,621,404,604,747,205,418,285,379,228,461,113,537,548,580,506,552,213,614,369,543,676,435,357,173,341,267,748,47,118,167,83,414,347,462,528,432,710,415,711,482,28,666,307,175,343,116,701,82,679,88,739,193,726,498,136,429,208,589,14,60,160,738,696,249,331,148,730,684,105,214,746,131,43,223,169,165,53,408,92,368,443,451,715,119,44,3,587,626,340,152,159,305,254,486,638,377,542,733,255,355,356,661,190,438,174,134,271,384,199,61,402,489,694,115,386,474,592,247,514,50,196,668,124,260,698,697,137,293,700,672,352,337,437,297,479,194,252,649,314,339,46,494,550,226,122,709,522,261,564,225,309,232,11,358,647,99,256,86,512,264,117,405,396,306,389,278,459,634,298,222,153,375,530,617,266,536,390,598,574,478,215,81,16,381,346,669,392,367,421,30,503,500,93,745,276,248,103,641,665,299,27,385,259,677,17,100,643,688,211,420,554,84,251,296,274,374,639,490,395,376,383,20,195,121,529,566,52,544,436,651,584,510,717,209,253,107,19,182,70,344,191,313,315,588,188,348,483,615,22,265,560,7,4,531,185,523,287,168,637,318,56,139,38,689,120,583,692,76,577,491,33,308,413,363,708,485,650,91,541,18,326,90,110,179,40,328,654,569,680,558,606,595,333,533,693,96,521,725,239,74,283,481,135,513,13,155,430,511,201,538,539,706,526,216,192,126,423,412,419,270,34,682,495,21,559,645,656,465,540,235,422,468,518,212,250,578,77,15,310,618,123,36,492,740,635,611,128,388,63,744,281,41,549,509,364,316,627,162,719,609,613,58,9,197,150,166,62,180,570,334,42,707,504,671,517,660,607,602,445,743,244,178,499,312,206,433,78,416,460,728,217,464,322,230,373,161,427,534,455,372,49,219,361,67,417,320,6,241,424,158,229,452,742,5,72,704,23,713,425,646,690,655,268,673,428,280,515,129,73,410,263,447,157,35,189,667,527,109,221,450,729,338,640,1,198,284,714,401,497,675,143,398,65,237,295,257,288,311,289,177,444,71,686,632,51,0,231,227,735,142,440,687,286,556,441,737,555,625,636,154,236,210,79,553,332,469,243,563,699,605,695,630,648,562,246,68,411,301,599,484,406,48,496,520,581,644,380,426,133,300,
528,245.3995702266693,161996.51287886302,157054.13437236528,59,277,565,439,146,608,488,561,114,304,202,674,741,454,473,722,151,505,329,87,616,579,32,721,702,399,262,659,623,2,470,184,596,164,302,658,434,545,371,397,662,409,597,448,576,145,330,678,350,586,25,89,653,24,125,101,181,275,75,508,204,403,303,601,546,238,582,144,407,269,127,393,382,475,663,55,108,132,400,507,620,370,594,593,149,172,170,493,45,535,102,610,657,732,220,319,203,442,681,575,624,39,234,242,85,466,712,453,80,354,272,467,378,240,365,291,394,98,716,633,97,727,360,472,387,186,734,336,29,294,456,349,547,156,366,703,629,273,524,10,345,292,321,477,691,572,147,590,66,94,183,603,8,567,471,749,258,720,324,64,628,359,476,31,585,519,557,353,323,224,683,723,724,163,501,218,187,12,207,342,619,516,141,551,449,652,325,111,69,171,705,612,502,573,568,290,233,525,457,351,112,279,176,106,631,57,317,532,245,282,327,642,26,391,458,670,140,480,446,731,130,622,736,685,200,362,37,431,335,718,591,95,104,54,600,463,664,138,571,487,621,404,604,747,205,418,285,379,228,461,113,537,548,580,506,552,213,614,369,543,676,435,357,173,341,267,748,47,118,167,83,414,347,462,528,432,710,415,711,482,28,666,307,175,343,116,701,82,679,88,739,193,726,498,136,429,208,589,14,60,160,738,696,249,331,148,730,684,105,214,746,131,43,223,169,165,53,408,92,368,443,451,715,119,44,3,587,626,340,152,159,305,254,486,638,377,542,733,255,355,356,661,190,438,174,134,271,384,199,61,402,489,694,115,386,474,592,247,514,50,196,668,124,260,698,697,137,293,700,672,352,337,437,297,479,194,252,649,314,339,46,494,550,226,122,709,522,261,564,225,309,232,11,358,647,99,256,86,512,264,117,405,396,306,389,278,459,634,298,222,153,375,530,617,266,536,390,598,574,478,215,81,16,381,346,669,392,367,421,30,503,500,93,745,276,248,103,641,665,299,27,385,259,677,17,100,643,688,211,420,554,84,251,296,274,374,639,490,395,376,383,20,195,121,529,566,52,544,436,651,584,510,717,209,253,107,19,182,70,344,191,313,315,588,188,348,483,615,22,265,560,7,4,531,185,523,287,168,637,318,56,139,38,689,120,583,692,76,577,491,33,308,413,363,708,485,650,91,541,18,326,90,110,179,40,328,654,569,680,558,606,595,333,533,693,96,521,725,239,74,283,481,135,513,13,155,430,511,201,538,539,706,526,216,192,126,423,412,419,270,34,682,495,21,559,645,656,465,540,235,422,468,518,212,250,578,77,15,310,618,123,36,492,740,635,611,128,388,63,744,281,41,549,509,364,316,627,162,719,609,613,58,9,197,150,166,62,180,570,334,42,707,504,671,517,660,607,602,445,743,244,178,499,312,206,433,78,416,460,728,217,464,322,230,373,161,427,534,455,372,49,219,361,67,417,320,6,241,424,158,229,452,742,5,72,704,23,713,425,646,690,655,268,673,428,280,515,129,73,410,263,447,157,35,189,667,527,109,221,450,729,338,640,1,198,284,714,401,497,675,143,398,65,237,295,257,288,311,289,177,444,71,686,632,51,0,231,227,735,142,440,687,286,556,441,737,555,625,636,154,236,210,79,553,332,469,243,563,699,605,695,630,648,562,246,68,411,301,599,484,406,48,496,520,581,644,380,426,133,300,
529,245.85245728492737,161518.09894864197,157054.13437236528,59,277,565,439,146,608,488,561,114,304,202,674,741,454,473,722,151,505,329,87,616,579,32,721,702,399,262,659,623,2,470,184,596,164,302,658,434,545,371,397,662,409,597,448,576,145,330,678,350,586,25,89,653,24,125,101,181,275,75,508,204,403,303,601,546,238,582,144,407,269,127,393,382,475,663,55,108,132,400,507,620,370,594,593,149,172,170,493,45,535,102,610,657,732,220,319,203,442,681,575,624,39,234,242,85,466,712,453,80,354,272,467,378,240,365,291,394,98,716,633,97,727,360,472,387,186,734,336,29,294,456,349,547,156,366,703,629,273,524,10,345,292,321,477,691,572,147,590,66,94,183,603,8,567,471,749,258,720,324,64,628,359,476,31,585,519,557,353,323,224,683,723,724,163,501,218,187,12,207,342,619,516,141,551,449,652,325,111,69,171,705,612,502,573,568,290,233,525,457,351,112,279,176,106,631,57,317,532,245,282,327,642,26,391,458,670,140,480,446,731,130,622,736,685,200,362,37,431,335,718,591,95,104,54,600,463,664,138,571,487,621,404,604,747,205,418,285,379,228,461,113,537,548,580,506,552,213,614,369,543,676,435,357,173,341,267,748,47,118,167,83,414,347,462,528,432,710,415,711,482,28,666,307,175,343,116,701,82,679,88,739,193,726,498,136,429,208,589,14,60,160,738,696,249,331,148,730,684,105,214,746,131,43,223,169,165,53,408,92,368,443,451,715,119,44,3,587,626,340,152,159,305,254,486,638,377,542,733,255,355,356,661,190,438,174,134,271,384,199,61,402,489,694,115,386,474,592,247,514,50,196,668,124,260,698,697,137,293,700,672,352,337,437,297,479,194,252,649,314,339,46,494,550,226,122,709,522,261,564,225,309,232,11,358,647,99,256,86,512,264,117,405,396,306,389,278,459,634,298,222,153,375,530,617,266,536,390,598,574,478,215,81,16,381,346,669,392,367,421,30,503,500,93,745,276,248,103,641,665,299,27,385,259,677,17,100,643,688,211,420,554,84,251,296,274,374,639,490,395,376,383,20,195,121,529,566,52,544,436,651,584,510,717,209,253,107,19,182,70,344,191,313,315,588,188,348,483,615,22,265,560,7,4,531,185,523,287,168,637,318,56,139,38,689,120,583,692,76,577,491,33,308,413,363,708,485,650,91,541,18,326,90,110,179,40,328,654,569,680,558,606,595,333,533,693,96,521,725,239,74,283,481,135,513,13,155,430,511,201,538,539,706,526,216,192,126,423,412,419,270,34,682,495,21,559,645,656,465,540,235,422,468,518,212,250,578,77,15,310,618,123,36,492,740,635,611,128,388,63,744,281,41,549,509,364,316,627,162,719,609,613,58,9,197,150,166,62,180,570,334,42,707,504,671,517,660,607,602,445,743,244,178,499,312,206,433,78,416,460,728,217,464,322,230,373,161,427,534,455,372,49,219,361,67,417,320,6,241,424,158,229,452,742,5,72,704,23,713,425,646,690,655,268,673,428,280,515,129,73,410,263,447,157,35,189,667,527,109,221,450,729,338,640,1,198,284,714,401,497,675,143,398,65,237,295,257,288,311,289,177,444,71,686,632,51,0,231,227,735,142,440,687,286,556,441,737,555,625,636,154,236,210,79,553,332,469,243,563,699,605,695,630,648,562,246,68,411,301,599,484,406,48,496,520,581,644,380,426,133,300,
530,246.31061601638794,161985.33330002558,157054.13437236528,59,277,565,439,146,608,488,561,114,304,202,674,741,454,473,722,151,505,329,87,616,579,32,721,702,399,262,659,623,2,470,184,596,164,302,658,434,545,371,397,662,409,597,448,576,145,330,678,350,586,25,89,653,24,125,101,181,275,75,508,204,403,303,601,546,238,582,144,407,269,127,393,382,475,663,55,108,132,400,507,620,370,594,593,149,172,170,493,45,535,102,610,657,732,220,319,203,442,681,575,624,39,234,242,85,466,712,453,80,354,272,467,378,240,365,291,394,98,716,633,97,727,360,472,387,186,734,336,29,294,456,349,547,156,366,703,629,273,524,10,345,292,321,477,691,572,147,590,66,94,183,603,8,567,471,749,258,720,324,64,628,359,476,31,585,519,557,353,323,224,683,723,724,163,501,218,187,12,207,342,619,516,141,551,449,652,325,111,69,171,705,612,502,573,568,290,233,525,457,351,112,279,176,106,631,57,317,532,245,282,327,642,26,391,458,670,140,480,446,731,130,622,736,685,200,362,37,431,335,718,591,95,104,54,600,463,664,138,571,487,621,404,604,747,205,418,285,379,228,461,113,537,548,580,506,552,213,614,369,543,676,435,357,173,341,267,748,47,118,167,83,414,347,462,528,432,710,415,711,482,28,666,307,175,343,116,701,82,679,88,739,193,726,498,136,429,208,589,14,60,160,738,696,249,331,148,730,684,105,214,746,131,43,223,169,165,53,408,92,368,443,451,715,119,44,3,587,626,340,152,159,305,254,486,638,377,542,733,255,355,356,661,190,438,174,134,271,384,199,61,402,489,694,115,386,474,592,247,514,50,196,668,124,260,698,697,137,293,700,672,352,337,437,297,479,194,252,649,314,339,46,494,550,226,122,709,522,261,564,225,309,232,11,358,647,99,256,86,512,264,117,405,396,306,389,278,459,634,298,222,153,375,530,617,266,536,390,598,574,478,215,81,16,381,346,669,392,367,421,30,503,500,93,745,276,248,103,641,665,299,27,385,259,677,17,100,643,688,211,420,554,84,251,296,274,374,639,490,395,376,383,20,195,121,529,566,52,544,436,651,584,510,717,209,253,107,19,182,70,344,191,313,315,588,188,348,483,615,22,265,560,7,4,531,185,523,287,168,637,318,56,139,38,689,120,583,692,76,577,491,33,308,413,363,708,485,650,91,541,18,326,90,110,179,40,328,654,569,680,558,606,595,333,533,693,96,521,725,239,74,283,481,135,513,13,155,430,511,201,538,539,706,526,216,192,126,423,412,419,270,34,682,495,21,559,645,656,465,540,235,422,468,518,212,250,578,77,15,310,618,123,36,492,740,635,611,128,388,63,744,281,41,549,509,364,316,627,162,719,609,613,58,9,197,150,166,62,180,570,334,42,707,504,671,517,660,607,602,445,743,244,178,499,312,206,433,78,416,460,728,217,464,322,230,373,161,427,534,455,372,49,219,361,67,417,320,6,241,424,158,229,452,742,5,72,704,23,713,425,646,690,655,268,673,428,280,515,129,73,410,263,447,157,35,189,667,527,109,221,450,729,338,640,1,198,284,714,401,497,675,143,398,65,237,295,257,288,311,289,177,444,71,686,632,51,0,231,227,735,142,440,687,286,556,441,737,555,625,636,154,236,210,79,553,332,469,243,563,699,605,695,630,648,562,246,68,411,301,599,484,406,48,496,520,581,644,380,426,133,300,
531,246.75029039382935,161622.43591147568,157054.13437236528,59,277,565,439,146,608,488,561,114,304,202,674,741,454,473,722,151,505,329,87,616,579,32,721,702,399,262,659,623,2,470,184,596,164,302,658,434,545,371,397,662,409,597,448,576,145,330,678,350,586,25,89,653,24,125,101,181,275,75,508,204,403,303,601,546,238,582,144,407,269,127,393,382,475,663,55,108,132,400,507,620,370,594,593,149,172,170,493,45,535,102,610,657,732,220,319,203,442,681,575,624,39,234,242,85,466,712,453,80,354,272,467,378,240,365,291,394,98,716,633,97,727,360,472,387,186,734,336,29,294,456,349,547,156,366,703,629,273,524,10,345,292,321,477,691,572,147,590,66,94,183,603,8,567,471,749,258,720,324,64,628,359,476,31,585,519,557,353,323,224,683,723,724,163,501,218,187,12,207,342,619,516,141,551,449,652,325,111,69,171,705,612,502,573,568,290,233,525,457,351,112,279,176,106,631,57,317,532,245,282,327,642,26,391,458,670,140,480,446,731,130,622,736,685,200,362,37,431,335,718,591,95,104,54,600,463,664,138,571,487,621,404,604,747,205,418,285,379,228,461,113,537,548,580,506,552,213,614,369,543,676,435,357,173,341,267,748,47,118,167,83,414,347,462,528,432,710,415,711,482,28,666,307,175,343,116,701,82,679,88,739,193,726,498,136,429,208,589,14,60,160,738,696,249,331,148,730,684,105,214,746,131,43,223,169,165,53,408,92,368,443,451,715,119,44,3,587,626,340,152,159,305,254,486,638,377,542,733,255,355,356,661,190,438,174,134,271,384,199,61,402,489,694,115,386,474,592,247,514,50,196,668,124,260,698,697,137,293,700,672,352,337,437,297,479,194,252,649,314,339,46,494,550,226,122,709,522,261,564,225,309,232,11,358,647,99,256,86,512,264,117,405,396,306,389,278,459,634,298,222,153,375,530,617,266,536,390,598,574,478,215,81,16,381,346,669,392,367,421,30,503,500,93,745,276,248,103,641,665,299,27,385,259,677,17,100,643,688,211,420,554,84,251,296,274,374,639,490,395,376,383,20,195,121,529,566,52,544,436,651,584,510,717,209,253,107,19,182,70,344,191,313,315,588,188,348,483,615,22,265,560,7,4,531,185,523,287,168,637,318,56,139,38,689,120,583,692,76,577,491,33,308,413,363,708,485,650,91,541,18,326,90,110,179,40,328,654,569,680,558,606,595,333,533,693,96,521,725,239,74,283,481,135,513,13,155,430,511,201,538,539,706,526,216,192,126,423,412,419,270,34,682,495,21,559,645,656,465,540,235,422,468,518,212,250,578,77,15,310,618,123,36,492,740,635,611,128,388,63,744,281,41,549,509,364,316,627,162,719,609,613,58,9,197,150,166,62,180,570,334,42,707,504,671,517,660,607,602,445,743,244,178,499,312,206,433,78,416,460,728,217,464,322,230,373,161,427,534,455,372,49,219,361,67,417,320,6,241,424,158,229,452,742,5,72,704,23,713,425,646,690,655,268,673,428,280,515,129,73,410,263,447,157,35,189,667,527,109,221,450,729,338,640,1,198,284,714,401,497,675,143,398,65,237,295,257,288,311,289,177,444,71,686,632,51,0,231,227,735,142,440,687,286,556,441,737,555,625,636,154,236,210,79,553,332,469,243,563,699,605,695,630,648,562,246,68,411,301,599,484,406,48,496,520,581,644,380,426,133,300,
532,247.16850090026855,161221.56087431533,157054.13437236528,59,277,565,439,146,608,488,561,114,304,202,674,741,454,473,722,151,505,329,87,616,579,32,721,702,399,262,659,623,2,470,184,596,164,302,658,434,545,371,397,662,409,597,448,576,145,330,678,350,586,25,89,653,24,125,101,181,275,75,508,204,403,303,601,546,238,582,144,407,269,127,393,382,475,663,55,108,132,400,507,620,370,594,593,149,172,170,493,45,535,102,610,657,732,220,319,203,442,681,575,624,39,234,242,85,466,712,453,80,354,272,467,378,240,365,291,394,98,716,633,97,727,360,472,387,186,734,336,29,294,456,349,547,156,366,703,629,273,524,10,345,292,321,477,691,572,147,590,66,94,183,603,8,567,471,749,258,720,324,64,628,359,476,31,585,519,557,353,323,224,683,723,724,163,501,218,187,12,207,342,619,516,141,551,449,652,325,111,69,171,705,612,502,573,568,290,233,525,457,351,112,279,176,106,631,57,317,532,245,282,327,642,26,391,458,670,140,480,446,731,130,622,736,685,200,362,37,431,335,718,591,95,104,54,600,463,664,138,571,487,621,404,604,747,205,418,285,379,228,461,113,537,548,580,506,552,213,614,369,543,676,435,357,173,341,267,748,47,118,167,83,414,347,462,528,432,710,415,711,482,28,666,307,175,343,116,701,82,679,88,739,193,726,498,136,429,208,589,14,60,160,738,696,249,331,148,730,684,105,214,746,131,43,223,169,165,53,408,92,368,443,451,715,119,44,3,587,626,340,152,159,305,254,486,638,377,542,733,255,355,356,661,190,438,174,134,271,384,199,61,402,489,694,115,386,474,592,247,514,50,196,668,124,260,698,697,137,293,700,672,352,337,437,297,479,194,252,649,314,339,46,494,550,226,122,709,522,261,564,225,309,232,11,358,647,99,256,86,512,264,117,405,396,306,389,278,459,634,298,222,153,375,530,617,266,536,390,598,574,478,215,81,16,381,346,669,392,367,421,30,503,500,93,745,276,248,103,641,665,299,27,385,259,677,17,100,643,688,211,420,554,84,251,296,274,374,639,490,395,376,383,20,195,121,529,566,52,544,436,651,584,510,717,209,253,107,19,182,70,344,191,313,315,588,188,348,483,615,22,265,560,7,4,531,185,523,287,168,637,318,56,139,38,689,120,583,692,76,577,491,33,308,413,363,708,485,650,91,541,18,326,90,110,179,40,328,654,569,680,558,606,595,333,533,693,96,521,725,239,74,283,481,135,513,13,155,430,511,201,538,539,706,526,216,192,126,423,412,419,270,34,682,495,21,559,645,656,465,540,235,422,468,518,212,250,578,77,15,310,618,123,36,492,740,635,611,128,388,63,744,281,41,549,509,364,316,627,162,719,609,613,58,9,197,150,166,62,180,570,334,42,707,504,671,517,660,607,602,445,743,244,178,499,312,206,433,78,416,460,728,217,464,322,230,373,161,427,534,455,372,49,219,361,67,417,320,6,241,424,158,229,452,742,5,72,704,23,713,425,646,690,655,268,673,428,280,515,129,73,410,263,447,157,35,189,667,527,109,221,450,729,338,640,1,198,284,714,401,497,675,143,398,65,237,295,257,288,311,289,177,444,71,686,632,51,0,231,227,735,142,440,687,286,556,441,737,555,625,636,154,236,210,79,553,332,469,243,563,699,605,695,630,648,562,246,68,411,301,599,484,406,48,496,520,581,644,380,426,133,300,
533,247.55741143226624,163038.62421437536,157054.13437236528,59,277,565,439,146,608,488,561,114,304,202,674,741,454,473,722,151,505,329,87,616,579,32,721,702,399,262,659,623,2,470,184,596,164,302,658,434,545,371,397,662,409,597,448,576,145,330,678,350,586,25,89,653,24,125,101,181,275,75,508,204,403,303,601,546,238,582,144,407,269,127,393,382,475,663,55,108,132,400,507,620,370,594,593,149,172,170,493,45,535,102,610,657,732,220,319,203,442,681,575,624,39,234,242,85,466,712,453,80,354,272,467,378,240,365,291,394,98,716,633,97,727,360,472,387,186,734,336,29,294,456,349,547,156,366,703,629,273,524,10,345,292,321,477,691,572,147,590,66,94,183,603,8,567,471,749,258,720,324,64,628,359,476,31,585,519,557,353,323,224,683,723,724,163,501,218,187,12,207,342,619,516,141,551,449,652,325,111,69,171,705,612,502,573,568,290,233,525,457,351,112,279,176,106,631,57,317,532,245,282,327,642,26,391,458,670,140,480,446,731,130,622,736,685,200,362,37,431,335,718,591,95,104,54,600,463,664,138,571,487,621,404,604,747,205,418,285,379,228,461,113,537,548,580,506,552,213,614,369,543,676,435,357,173,341,267,748,47,118,167,83,414,347,462,528,432,710,415,711,482,28,666,307,175,343,116,701,82,679,88,739,193,726,498,136,429,208,589,14,60,160,738,696,249,331,148,730,684,105,214,746,131,43,223,169,165,53,408,92,368,443,451,715,119,44,3,587,626,340,152,159,305,254,486,638,377,542,733,255,355,356,661,190,438,174,134,271,384,199,61,402,489,694,115,386,474,592,247,514,50,196,668,124,260,698,697,137,293,700,672,352,337,437,297,479,194,252,649,314,339,46,494,550,226,122,709,522,261,564,225,309,232,11,358,647,99,256,86,512,264,117,405,396,306,389,278,459,634,298,222,153,375,530,617,266,536,390,598,574,478,215,81,16,381,346,669,392,367,421,30,503,500,93,745,276,248,103,641,665,299,27,385,259,677,17,100,643,688,211,420,554,84,251,296,274,374,639,490,395,376,383,20,195,121,529,566,52,544,436,651,584,510,717,209,253,107,19,182,70,344,191,313,315,588,188,348,483,615,22,265,560,7,4,531,185,523,287,168,637,318,56,139,38,689,120,583,692,76,577,491,33,308,413,363,708,485,650,91,541,18,326,90,110,179,40,328,654,569,680,558,606,595,333,533,693,96,521,725,239,74,283,481,135,513,13,155,430,511,201,538,539,706,526,216,192,126,423,412,419,270,34,682,495,21,559,645,656,465,540,235,422,468,518,212,250,578,77,15,310,618,123,36,492,740,635,611,128,388,63,744,281,41,549,509,364,316,627,162,719,609,613,58,9,197,150,166,62,180,570,334,42,707,504,671,517,660,607,602,445,743,244,178,499,312,206,433,78,416,460,728,217,464,322,230,373,161,427,534,455,372,49,219,361,67,417,320,6,241,424,158,229,452,742,5,72,704,23,713,425,646,690,655,268,673,428,280,515,129,73,410,263,447,157,35,189,667,527,109,221,450,729,338,640,1,198,284,714,401,497,675,143,398,65,237,295,257,288,311,289,177,444,71,686,632,51,0,231,227,735,142,440,687,286,556,441,737,555,625,636,154,236,210,79,553,332,469,243,563,699,605,695,630,648,562,246,68,411,301,599,484,406,48,496,520,581,644,380,426,133,300,
534,248.01707196235657,160797.08085471534,157054.13437236528,59,277,565,439,146,608,488,561,114,304,202,674,741,454,473,722,151,505,329,87,616,579,32,721,702,399,262,659,623,2,470,184,596,164,302,658,434,545,371,397,662,409,597,448,576,145,330,678,350,586,25,89,653,24,125,101,181,275,75,508,204,403,303,601,546,238,582,144,407,269,127,393,382,475,663,55,108,132,400,507,620,370,594,593,149,172,170,493,45,535,102,610,657,732,220,319,203,442,681,575,624,39,234,242,85,466,712,453,80,354,272,467,378,240,365,291,394,98,716,633,97,727,360,472,387,186,734,336,29,294,456,349,547,156,366,703,629,273,524,10,345,292,321,477,691,572,147,590,66,94,183,603,8,567,471,749,258,720,324,64,628,359,476,31,585,519,557,353,323,224,683,723,724,163,501,218,187,12,207,342,619,516,141,551,449,652,325,111,69,171,705,612,502,573,568,290,233,525,457,351,112,279,176,106,631,57,317,532,245,282,327,642,26,391,458,670,140,480,446,731,130,622,736,685,200,362,37,431,335,718,591,95,104,54,600,463,664,138,571,487,621,404,604,747,205,418,285,379,228,461,113,537,548,580,506,552,213,614,369,543,676,435,357,173,341,267,748,47,118,167,83,414,347,462,528,432,710,415,711,482,28,666,307,175,343,116,701,82,679,88,739,193,726,498,136,429,208,589,14,60,160,738,696,249,331,148,730,684,105,214,746,131,43,223,169,165,53,408,92,368,443,451,715,119,44,3,587,626,340,152,159,305,254,486,638,377,542,733,255,355,356,661,190,438,174,134,271,384,199,61,402,489,694,115,386,474,592,247,514,50,196,668,124,260,698,697,137,293,700,672,352,337,437,297,479,194,252,649,314,339,46,494,550,226,122,709,522,261,564,225,309,232,11,358,647,99,256,86,512,264,117,405,396,306,389,278,459,634,298,222,153,375,530,617,266,536,390,598,574,478,215,81,16,381,346,669,392,367,421,30,503,500,93,745,276,248,103,641,665,299,27,385,259,677,17,100,643,688,211,420,554,84,251,296,274,374,639,490,395,376,383,20,195,121,529,566,52,544,436,651,584,510,717,209,253,107,19,182,70,344,191,313,315,588,188,348,483,615,22,265,560,7,4,531,185,523,287,168,637,318,56,139,38,689,120,583,692,76,577,491,33,308,413,363,708,485,650,91,541,18,326,90,110,179,40,328,654,569,680,558,606,595,333,533,693,96,521,725,239,74,283,481,135,513,13,155,430,511,201,538,539,706,526,216,192,126,423,412,419,270,34,682,495,21,559,645,656,465,540,235,422,468,518,212,250,578,77,15,310,618,123,36,492,740,635,611,128,388,63,744,281,41,549,509,364,316,627,162,719,609,613,58,9,197,150,166,62,180,570,334,42,707,504,671,517,660,607,602,445,743,244,178,499,312,206,433,78,416,460,728,217,464,322,230,373,161,427,534,455,372,49,219,361,67,417,320,6,241,424,158,229,452,742,5,72,704,23,713,425,646,690,655,268,673,428,280,515,129,73,410,263,447,157,35,189,667,527,109,221,450,729,338,640,1,198,284,714,401,497,675,143,398,65,237,295,257,288,311,289,177,444,71,686,632,51,0,231,227,735,142,440,687,286,556,441,737,555,625,636,154,236,210,79,553,332,469,243,563,699,605,695,630,648,562,246,68,411,301,599,484,406,48,496,520,581,644,380,426,133,300,
535,248.4690613746643,161830.8276197001,157054.13437236528,59,277,565,439,146,608,488,561,114,304,202,674,741,454,473,722,151,505,329,87,616,579,32,721,702,399,262,659,623,2,470,184,596,164,302,658,434,545,371,397,662,409,597,448,576,145,330,678,350,586,25,89,653,24,125,101,181,275,75,508,204,403,303,601,546,238,582,144,407,269,127,393,382,475,663,55,108,132,400,507,620,370,594,593,149,172,170,493,45,535,102,610,657,732,220,319,203,442,681,575,624,39,234,242,85,466,712,453,80,354,272,467,378,240,365,291,394,98,716,633,97,727,360,472,387,186,734,336,29,294,456,349,547,156,366,703,629,273,524,10,345,292,321,477,691,572,147,590,66,94,183,603,8,567,471,749,258,720,324,64,628,359,476,31,585,519,557,353,323,224,683,723,724,163,501,218,187,12,207,342,619,516,141,551,449,652,325,111,69,171,705,612,502,573,568,290,233,525,457,351,112,279,176,106,631,57,317,532,245,282,327,642,26,391,458,670,140,480,446,731,130,622,736,685,200,362,37,431,335,718,591,95,104,54,600,463,664,138,571,487,621,404,604,747,205,418,285,379,228,461,113,537,548,580,506,552,213,614,369,543,676,435,357,173,341,267,748,47,118,167,83,414,347,462,528,432,710,415,711,482,28,666,307,175,343,116,701,82,679,88,739,193,726,498,136,429,208,589,14,60,160,738,696,249,331,148,730,684,105,214,746,131,43,223,169,165,53,408,92,368,443,451,715,119,44,3,587,626,340,152,159,305,254,486,638,377,542,733,255,355,356,661,190,438,174,134,271,384,199,61,402,489,694,115,386,474,592,247,514,50,196,668,124,260,698,697,137,293,700,672,352,337,437,297,479,194,252,649,314,339,46,494,550,226,122,709,522,261,564,225,309,232,11,358,647,99,256,86,512,264,117,405,396,306,389,278,459,634,298,222,153,375,530,617,266,536,390,598,574,478,215,81,16,381,346,669,392,367,421,30,503,500,93,745,276,248,103,641,665,299,27,385,259,677,17,100,643,688,211,420,554,84,251,296,274,374,639,490,395,376,383,20,195,121,529,566,52,544,436,651,584,510,717,209,253,107,19,182,70,344,191,313,315,588,188,348,483,615,22,265,560,7,4,531,185,523,287,168,637,318,56,139,38,689,120,583,692,76,577,491,33,308,413,363,708,485,650,91,541,18,326,90,110,179,40,328,654,569,680,558,606,595,333,533,693,96,521,725,239,74,283,481,135,513,13,155,430,511,201,538,539,706,526,216,192,126,423,412,419,270,34,682,495,21,559,645,656,465,540,235,422,468,518,212,250,578,77,15,310,618,123,36,492,740,635,611,128,388,63,744,281,41,549,509,364,316,627,162,719,609,613,58,9,197,150,166,62,180,570,334,42,707,504,671,517,660,607,602,445,743,244,178,499,312,206,433,78,416,460,728,217,464,322,230,373,161,427,534,455,372,49,219,361,67,417,320,6,241,424,158,229,452,742,5,72,704,23,713,425,646,690,655,268,673,428,280,515,129,73,410,263,447,157,35,189,667,527,109,221,450,729,338,640,1,198,284,714,401,497,675,143,398,65,237,295,257,288,311,289,177,444,71,686,632,51,0,231,227,735,142,440,687,286,556,441,737,555,625,636,154,236,210,79,553,332,469,243,563,699,605,695,630,648,562,246,68,411,301,599,484,406,48,496,520,581,644,380,426,133,300,
536,248.93771147727966,161252.4516256721,156886.53631135396,172,170,493,45,535,102,610,657,732,220,319,203,442,681,575,624,39,234,242,85,466,712,453,80,354,272,467,378,240,365,291,394,98,716,633,97,727,360,472,387,186,734,336,29,294,456,349,547,156,366,703,629,273,524,10,345,292,321,477,691,572,147,590,66,94,183,603,8,567,471,749,258,720,324,64,628,359,476,31,585,519,557,353,323,224,683,723,724,163,501,218,187,12,207,342,619,516,141,551,449,652,325,111,69,171,705,612,502,573,568,290,233,525,457,351,112,279,176,106,631,57,317,532,245,282,327,642,26,391,458,670,140,480,446,731,130,622,736,685,200,362,37,431,335,718,591,95,104,54,600,463,664,138,571,487,621,404,604,747,205,418,285,379,228,461,113,537,548,580,506,552,213,543,369,614,357,173,341,267,748,47,118,167,83,414,347,462,528,432,710,415,711,482,28,666,307,175,343,116,701,82,679,88,739,193,726,498,136,429,208,589,14,60,160,738,696,249,331,148,730,684,105,214,746,131,43,223,169,165,53,408,92,368,443,451,715,119,44,3,587,626,340,152,159,305,254,486,638,377,542,733,255,355,356,661,190,438,134,174,384,271,199,61,402,489,694,115,386,474,592,247,514,50,196,668,124,260,698,697,137,293,700,672,352,337,437,297,479,194,252,649,314,339,46,494,550,226,122,709,522,261,564,225,309,232,11,358,647,99,256,86,512,264,117,405,396,306,389,278,459,634,298,222,153,375,530,617,266,536,390,598,574,478,215,81,16,381,346,669,392,367,421,30,503,500,93,745,276,248,103,641,665,299,27,385,259,677,17,100,643,688,211,420,554,84,251,296,274,374,639,490,395,376,383,20,195,121,529,566,52,544,436,651,584,510,717,209,253,107,19,182,70,344,191,313,315,588,188,348,483,615,22,265,560,7,4,531,185,523,287,168,637,318,56,139,38,689,120,583,692,76,577,491,33,308,413,363,708,485,650,91,541,18,326,90,110,179,40,328,654,569,680,558,606,595,333,533,693,96,521,725,239,74,283,481,135,513,13,155,430,511,201,538,539,706,526,216,192,126,423,412,419,270,34,682,495,21,559,645,656,465,540,235,422,468,518,212,250,578,77,15,310,618,123,36,492,740,635,611,676,435,128,388,63,744,281,41,549,509,364,316,627,162,719,609,613,58,9,197,150,166,62,180,570,334,42,707,504,671,517,660,607,602,445,743,244,178,499,312,206,433,78,416,460,728,217,464,322,230,373,161,427,534,455,372,49,219,361,67,417,320,6,241,424,158,229,452,742,5,72,704,23,713,425,646,690,655,268,673,428,280,515,129,73,410,263,447,157,35,189,667,527,109,221,450,729,338,640,1,198,284,714,401,497,675,143,398,65,237,295,257,288,311,289,177,444,71,686,632,51,0,231,227,735,142,440,687,286,556,441,737,555,625,636,154,236,210,79,553,332,469,243,563,699,605,695,630,648,562,246,68,411,301,599,484,406,48,496,520,581,644,380,426,133,300,59,277,565,439,146,608,488,561,114,304,202,674,741,454,473,722,151,505,329,87,616,579,32,721,702,399,262,659,623,2,470,184,596,164,302,658,434,545,371,397,662,409,597,448,576,145,330,678,350,586,25,125,24,89,653,101,181,275,508,75,303,403,204,601,546,238,582,144,407,269,127,393,382,475,663,55,108,132,400,507,620,370,594,593,149,
537,249.32758259773254,161557.41735981463,156886.53631135396,172,170,493,45,535,102,610,657,732,220,319,203,442,681,575,624,39,234,242,85,466,712,453,80,354,272,467,378,240,365,291,394,98,716,633,97,727,360,472,387,186,734,336,29,294,456,349,547,156,366,703,629,273,524,10,345,292,321,477,691,572,147,590,66,94,183,603,8,567,471,749,258,720,324,64,628,359,476,31,585,519,557,353,323,224,683,723,724,163,501,218,187,12,207,342,619,516,141,551,449,652,325,111,69,171,705,612,502,573,568,290,233,525,457,351,112,279,176,106,631,57,317,532,245,282,327,642,26,391,458,670,140,480,446,731,130,622,736,685,200,362,37,431,335,718,591,95,104,54,600,463,664,138,571,487,621,404,604,747,205,418,285,379,228,461,113,537,548,580,506,552,213,543,369,614,357,173,341,267,748,47,118,167,83,414,347,462,528,432,710,415,711,482,28,666,307,175,343,116,701,82,679,88,739,193,726,498,136,429,208,589,14,60,160,738,696,249,331,148,730,684,105,214,746,131,43,223,169,165,53,408,92,368,443,451,715,119,44,3,587,626,340,152,159,305,254,486,638,377,542,733,255,355,356,661,190,438,134,174,384,271,199,61,402,489,694,115,386,474,592,247,514,50,196,668,124,260,698,697,137,293,700,672,352,337,437,297,479,194,252,649,314,339,46,494,550,226,122,709,522,261,564,225,309,232,11,358,647,99,256,86,512,264,117,405,396,306,389,278,459,634,298,222,153,375,530,617,266,536,390,598,574,478,215,81,16,381,346,669,392,367,421,30,503,500,93,745,276,248,103,641,665,299,27,385,259,677,17,100,643,688,211,420,554,84,251,296,274,374,639,490,395,376,383,20,195,121,529,566,52,544,436,651,584,510,717,209,253,107,19,182,70,344,191,313,315,588,188,348,483,615,22,265,560,7,4,531,185,523,287,168,637,318,56,139,38,689,120,583,692,76,577,491,33,308,413,363,708,485,650,91,541,18,326,90,110,179,40,328,654,569,680,558,606,595,333,533,693,96,521,725,239,74,283,481,135,513,13,155,430,511,201,538,539,706,526,216,192,126,423,412,419,270,34,682,495,21,559,645,656,465,540,235,422,468,518,212,250,578,77,15,310,618,123,36,492,740,635,611,676,435,128,388,63,744,281,41,549,509,364,316,627,162,719,609,613,58,9,197,150,166,62,180,570,334,42,707,504,671,517,660,607,602,445,743,244,178,499,312,206,433,78,416,460,728,217,464,322,230,373,161,427,534,455,372,49,219,361,67,417,320,6,241,424,158,229,452,742,5,72,704,23,713,425,646,690,655,268,673,428,280,515,129,73,410,263,447,157,35,189,667,527,109,221,450,729,338,640,1,198,284,714,401,497,675,143,398,65,237,295,257,288,311,289,177,444,71,686,632,51,0,231,227,735,142,440,687,286,556,441,737,555,625,636,154,236,210,79,553,332,469,243,563,699,605,695,630,648,562,246,68,411,301,599,484,406,48,496,520,581,644,380,426,133,300,59,277,565,439,146,608,488,561,114,304,202,674,741,454,473,722,151,505,329,87,616,579,32,721,702,399,262,659,623,2,470,184,596,164,302,658,434,545,371,397,662,409,597,448,576,145,330,678,350,586,25,125,24,89,653,101,181,275,508,75,303,403,204,601,546,238,582,144,407,269,127,393,382,475,663,55,108,132,400,507,620,370,594,593,149,
538,250.06915616989136,160323.5961527924,156886.53631135396,172,170,493,45,535,102,610,657,732,220,319,203,442,681,575,624,39,234,242,85,466,712,453,80,354,272,467,378,240,365,291,394,98,716,633,97,727,360,472,387,186,734,336,29,294,456,349,547,156,366,703,629,273,524,10,345,292,321,477,691,572,147,590,66,94,183,603,8,567,471,749,258,720,324,64,628,359,476,31,585,519,557,353,323,224,683,723,724,163,501,218,187,12,207,342,619,516,141,551,449,652,325,111,69,171,705,612,502,573,568,290,233,525,457,351,112,279,176,106,631,57,317,532,245,282,327,642,26,391,458,670,140,480,446,731,130,622,736,685,200,362,37,431,335,718,591,95,104,54,600,463,664,138,571,487,621,404,604,747,205,418,285,379,228,461,113,537,548,580,506,552,213,543,369,614,357,173,341,267,748,47,118,167,83,414,347,462,528,432,710,415,711,482,28,666,307,175,343,116,701,82,679,88,739,193,726,498,136,429,208,589,14,60,160,738,696,249,331,148,730,684,105,214,746,131,43,223,169,165,53,408,92,368,443,451,715,119,44,3,587,626,340,152,159,305,254,486,638,377,542,733,255,355,356,661,190,438,134,174,384,271,199,61,402,489,694,115,386,474,592,247,514,50,196,668,124,260,698,697,137,293,700,672,352,337,437,297,479,194,252,649,314,339,46,494,550,226,122,709,522,261,564,225,309,232,11,358,647,99,256,86,512,264,117,405,396,306,389,278,459,634,298,222,153,375,530,617,266,536,390,598,574,478,215,81,16,381,346,669,392,367,421,30,503,500,93,745,276,248,103,641,665,299,27,385,259,677,17,100,643,688,211,420,554,84,251,296,274,374,639,490,395,376,383,20,195,121,529,566,52,544,436,651,584,510,717,209,253,107,19,182,70,344,191,313,315,588,188,348,483,615,22,265,560,7,4,531,185,523,287,168,637,318,56,139,38,689,120,583,692,76,577,491,33,308,413,363,708,485,650,91,541,18,326,90,110,179,40,328,654,569,680,558,606,595,333,533,693,96,521,725,239,74,283,481,135,513,13,155,430,511,201,538,539,706,526,216,192,126,423,412,419,270,34,682,495,21,559,645,656,465,540,235,422,468,518,212,250,578,77,15,310,618,123,36,492,740,635,611,676,435,128,388,63,744,281,41,549,509,364,316,627,162,719,609,613,58,9,197,150,166,62,180,570,334,42,707,504,671,517,660,607,602,445,743,244,178,499,312,206,433,78,416,460,728,217,464,322,230,373,161,427,534,455,372,49,219,361,67,417,320,6,241,424,158,229,452,742,5,72,704,23,713,425,646,690,655,268,673,428,280,515,129,73,410,263,447,157,35,189,667,527,109,221,450,729,338,640,1,198,284,714,401,497,675,143,398,65,237,295,257,288,311,289,177,444,71,686,632,51,0,231,227,735,142,440,687,286,556,441,737,555,625,636,154,236,210,79,553,332,469,243,563,699,605,695,630,648,562,246,68,411,301,599,484,406,48,496,520,581,644,380,426,133,300,59,277,565,439,146,608,488,561,114,304,202,674,741,454,473,722,151,505,329,87,616,579,32,721,702,399,262,659,623,2,470,184,596,164,302,658,434,545,371,397,662,409,597,448,576,145,330,678,350,586,25,125,24,89,653,101,181,275,508,75,303,403,204,601,546,238,582,144,407,269,127,393,382,475,663,55,108,132,400,507,620,370,594,593,149,
539,250.53218388557434,160296.56292535466,156867.0294536744,629,273,524,10,345,292,321,477,691,572,147,590,66,94,183,603,8,567,471,749,258,720,324,64,628,359,476,31,585,519,557,353,323,224,683,723,724,163,501,619,342,207,516,141,551,449,652,325,111,69,171,705,187,12,218,379,228,461,113,537,548,580,506,552,213,543,369,614,357,173,341,267,748,47,118,167,83,414,347,462,528,432,710,415,711,482,28,666,307,175,343,116,600,463,664,138,571,487,621,404,604,747,205,418,285,136,568,573,502,612,290,233,525,457,351,112,279,176,106,631,57,317,532,245,282,327,642,26,391,458,670,140,480,446,731,130,622,736,685,200,362,37,431,335,718,591,95,104,54,701,82,679,88,739,193,726,498,429,208,589,14,60,160,738,696,249,331,148,730,684,105,214,746,131,43,223,169,165,53,408,92,368,443,451,715,119,44,3,587,626,340,152,159,305,254,486,638,377,542,733,255,355,356,661,190,438,174,134,271,384,199,61,402,489,694,115,386,474,592,247,514,50,196,668,124,260,698,697,137,293,700,672,352,337,437,297,479,194,252,649,314,339,46,494,550,226,122,709,522,261,564,225,309,232,11,358,647,99,256,86,512,264,117,405,396,306,389,278,459,634,298,222,153,375,530,617,266,536,390,598,574,478,215,81,16,381,346,669,392,367,421,30,503,500,93,745,276,248,103,641,665,299,27,385,259,677,17,100,643,688,211,420,554,84,251,296,274,374,639,490,395,376,383,20,195,121,529,566,52,544,436,651,584,510,717,209,253,107,19,182,70,344,191,313,315,588,188,348,483,615,22,265,560,7,4,531,185,523,287,168,637,318,56,139,38,689,120,583,692,76,577,491,33,308,413,363,708,485,650,91,541,18,326,90,110,179,40,328,654,569,680,558,606,595,333,533,693,96,521,725,239,74,283,481,135,513,13,155,430,511,201,538,539,706,526,216,192,126,423,412,419,270,34,682,495,21,559,645,656,465,540,235,422,468,518,212,250,578,77,15,310,618,123,36,492,740,635,611,676,435,128,388,63,744,281,41,549,509,364,316,627,162,719,609,613,58,9,197,150,166,62,180,570,334,42,707,504,671,517,660,607,602,445,743,244,178,499,312,206,433,78,416,460,728,217,464,322,230,373,161,427,534,455,372,49,219,361,67,417,320,6,241,424,158,229,452,742,5,72,704,234,242,85,466,712,453,80,354,272,467,378,240,365,291,394,98,527,109,221,450,729,338,640,1,198,284,714,401,497,675,143,398,65,237,295,257,288,311,289,177,444,71,686,632,51,0,231,227,735,142,440,687,286,556,441,737,555,625,636,154,236,210,79,553,332,469,243,563,699,605,695,630,648,562,246,68,411,301,599,484,406,48,496,520,581,644,380,426,133,300,59,277,565,439,146,608,488,561,114,304,202,674,741,454,473,722,151,505,329,87,616,579,32,721,702,399,262,659,623,2,470,184,596,164,302,658,434,545,371,397,662,409,597,448,576,145,330,678,350,586,25,89,653,24,125,101,181,275,75,508,204,403,303,601,546,238,582,144,407,269,127,393,382,475,663,55,108,132,400,507,620,370,594,593,149,172,170,493,45,535,102,610,657,732,220,319,203,442,681,575,624,39,23,713,425,646,690,655,268,673,428,280,515,129,73,410,263,447,157,35,189,667,716,633,97,727,360,472,387,186,734,336,29,294,456,349,547,156,366,703,
540,250.97495698928833,161443.5600684001,156866.19526552406,360,472,387,186,734,336,29,294,456,349,547,156,366,703,629,273,524,10,345,292,321,477,691,572,147,590,66,94,183,603,8,567,471,749,258,720,324,64,628,359,476,31,585,519,557,353,323,224,683,723,724,163,501,619,342,207,516,141,551,449,652,325,111,69,171,705,187,12,218,379,228,461,113,537,548,580,506,552,213,543,369,614,357,173,341,267,748,47,118,167,83,414,347,462,528,432,710,415,711,482,28,666,307,175,343,116,600,463,664,138,571,487,621,404,604,747,205,418,285,136,568,573,502,612,290,233,525,457,351,112,279,176,106,631,57,317,532,245,282,327,642,26,391,458,670,140,480,446,731,130,622,736,685,200,362,37,431,335,718,591,95,104,54,701,82,679,88,739,193,726,498,429,208,589,14,60,160,738,696,249,331,148,730,684,105,214,746,131,43,223,169,165,53,408,92,368,443,451,715,119,44,3,587,626,340,152,159,305,254,486,638,377,542,733,255,355,356,661,190,438,174,134,271,384,199,61,402,489,694,115,386,474,592,247,514,50,196,668,124,260,698,697,137,293,700,672,352,337,437,297,479,194,252,649,314,339,46,494,550,226,122,709,522,261,564,225,309,232,11,358,647,99,256,86,512,264,117,405,396,306,389,278,459,634,298,222,153,375,530,617,266,536,390,598,574,478,215,81,16,381,346,669,392,367,421,30,503,500,93,745,276,248,103,641,665,299,27,385,259,677,17,100,643,688,211,420,554,84,251,296,274,374,639,490,395,376,383,20,195,121,529,566,52,544,436,651,584,510,717,209,253,107,19,182,70,344,191,313,315,588,188,348,483,615,22,265,560,7,4,531,185,523,287,168,637,318,56,139,38,689,120,583,692,76,577,491,33,308,413,363,708,485,650,91,541,18,326,90,110,179,40,328,654,569,680,558,606,595,333,533,693,96,521,725,239,74,283,481,135,513,13,155,430,511,201,538,539,706,526,216,192,126,423,412,419,270,34,682,495,21,559,645,656,465,540,235,422,468,518,212,250,578,77,15,310,618,123,36,492,740,635,611,676,435,128,388,63,744,281,41,549,509,364,316,627,162,719,609,613,58,9,197,150,166,62,180,570,334,42,707,504,671,517,660,607,602,445,743,244,178,499,312,206,433,78,416,460,728,217,464,322,230,373,161,427,534,455,372,49,219,361,67,417,320,6,241,424,158,229,452,742,5,72,704,23,713,425,646,690,655,268,673,428,280,515,129,73,410,263,447,157,35,189,667,527,109,221,450,729,338,640,1,198,284,714,401,497,675,143,398,65,237,295,257,288,311,289,177,444,71,686,632,51,0,231,227,735,142,440,687,286,556,441,737,555,625,636,154,236,210,79,553,332,469,243,563,699,605,695,630,648,562,246,68,411,301,599,484,406,48,496,520,581,644,380,426,133,300,59,277,565,439,146,608,488,561,114,304,202,674,741,454,473,722,151,505,329,87,616,579,32,721,702,399,262,659,623,2,470,184,596,164,302,658,434,545,371,397,662,409,597,448,576,145,330,678,350,586,25,125,24,89,653,101,181,275,508,75,303,403,204,601,546,238,582,144,407,269,127,393,382,475,663,55,108,132,400,507,620,370,594,593,149,172,170,493,45,535,102,610,657,732,220,319,203,442,681,575,624,39,234,242,85,466,712,453,80,354,272,467,378,240,365,291,394,98,716,633,97,727,
541,251.51995706558228,160023.15144345304,156866.19526552406,360,472,387,186,734,336,29,294,456,349,547,156,366,703,629,273,524,10,345,292,321,477,691,572,147,590,66,94,183,603,8,567,471,749,258,720,324,64,628,359,476,31,585,519,557,353,323,224,683,723,724,163,501,619,342,207,516,141,551,449,652,325,111,69,171,705,187,12,218,379,228,461,113,537,548,580,506,552,213,543,369,614,357,173,341,267,748,47,118,167,83,414,347,462,528,432,710,415,711,482,28,666,307,175,343,116,600,463,664,138,571,487,621,404,604,747,205,418,285,136,568,573,502,612,290,233,525,457,351,112,279,176,106,631,57,317,532,245,282,327,642,26,391,458,670,140,480,446,731,130,622,736,685,200,362,37,431,335,718,591,95,104,54,701,82,679,88,739,193,726,498,429,208,589,14,60,160,738,696,249,331,148,730,684,105,214,746,131,43,223,169,165,53,408,92,368,443,451,715,119,44,3,587,626,340,152,159,305,254,486,638,377,542,733,255,355,356,661,190,438,174,134,271,384,199,61,402,489,694,115,386,474,592,247,514,50,196,668,124,260,698,697,137,293,700,672,352,337,437,297,479,194,252,649,314,339,46,494,550,226,122,709,522,261,564,225,309,232,11,358,647,99,256,86,512,264,117,405,396,306,389,278,459,634,298,222,153,375,530,617,266,536,390,598,574,478,215,81,16,381,346,669,392,367,421,30,503,500,93,745,276,248,103,641,665,299,27,385,259,677,17,100,643,688,211,420,554,84,251,296,274,374,639,490,395,376,383,20,195,121,529,566,52,544,436,651,584,510,717,209,253,107,19,182,70,344,191,313,315,588,188,348,483,615,22,265,560,7,4,531,185,523,287,168,637,318,56,139,38,689,120,583,692,76,577,491,33,308,413,363,708,485,650,91,541,18,326,90,110,179,40,328,654,569,680,558,606,595,333,533,693,96,521,725,239,74,283,481,135,513,13,155,430,511,201,538,539,706,526,216,192,126,423,412,419,270,34,682,495,21,559,645,656,465,540,235,422,468,518,212,250,578,77,15,310,618,123,36,492,740,635,611,676,435,128,388,63,744,281,41,549,509,364,316,627,162,719,609,613,58,9,197,150,166,62,180,570,334,42,707,504,671,517,660,607,602,445,743,244,178,499,312,206,433,78,416,460,728,217,464,322,230,373,161,427,534,455,372,49,219,361,67,417,320,6,241,424,158,229,452,742,5,72,704,23,713,425,646,690,655,268,673,428,280,515,129,73,410,263,447,157,35,189,667,527,109,221,450,729,338,640,1,198,284,714,401,497,675,143,398,65,237,295,257,288,311,289,177,444,71,686,632,51,0,231,227,735,142,440,687,286,556,441,737,555,625,636,154,236,210,79,553,332,469,243,563,699,605,695,630,648,562,246,68,411,301,599,484,406,48,496,520,581,644,380,426,133,300,59,277,565,439,146,608,488,561,114,304,202,674,741,454,473,722,151,505,329,87,616,579,32,721,702,399,262,659,623,2,470,184,596,164,302,658,434,545,371,397,662,409,597,448,576,145,330,678,350,586,25,125,24,89,653,101,181,275,508,75,303,403,204,601,546,238,582,144,407,269,127,393,382,475,663,55,108,132,400,507,620,370,594,593,149,172,170,493,45,535,102,610,657,732,220,319,203,442,681,575,624,39,234,242,85,466,712,453,80,354,272,467,378,240,365,291,394,98,716,633,97,727,
542,252.1110372543335,160479.91800778703,156844.0352489118,360,472,387,186,734,336,29,294,456,349,547,156,366,703,629,273,524,10,345,292,321,477,691,572,147,590,66,94,183,603,8,567,471,749,258,720,324,64,628,359,476,31,585,519,557,353,323,224,683,723,724,163,501,619,342,207,516,141,551,449,652,325,111,69,171,705,187,12,218,379,228,461,113,537,548,580,506,552,213,543,369,614,357,173,341,267,748,47,118,167,83,414,347,462,528,432,710,415,711,482,28,666,307,175,343,116,600,463,664,138,571,487,621,404,604,747,205,418,285,136,568,573,502,612,290,233,525,457,351,112,279,176,106,631,57,317,532,245,282,327,642,26,391,458,670,140,480,446,731,130,622,736,685,200,362,37,431,335,718,591,95,104,54,701,82,679,88,739,193,726,498,429,208,589,14,60,160,738,696,249,331,148,730,684,105,214,746,131,43,223,169,165,53,408,92,368,443,451,715,119,44,3,587,626,340,152,159,305,254,486,638,377,542,733,255,355,356,661,190,438,134,174,384,271,199,61,402,489,694,115,386,474,592,247,514,50,196,668,124,260,698,697,137,293,700,672,352,337,437,297,479,194,252,649,314,339,46,494,550,226,122,709,522,261,564,225,309,232,11,358,647,99,256,86,512,264,117,405,396,306,389,278,459,634,298,222,153,375,530,617,266,536,390,598,574,478,215,81,16,381,346,669,392,367,421,30,503,500,93,745,276,248,103,641,665,299,27,385,259,677,17,100,643,688,211,420,554,84,251,296,274,374,639,490,395,376,383,20,195,121,529,566,52,544,436,651,584,510,717,209,253,107,19,182,70,344,191,313,315,588,188,348,483,615,22,265,560,7,4,531,185,523,287,168,637,318,56,139,38,689,120,583,692,76,577,491,33,308,413,363,708,485,650,91,541,18,326,90,110,179,40,328,654,569,680,558,606,595,333,533,693,96,521,725,239,74,283,481,135,513,13,155,430,511,201,538,539,706,526,216,192,126,423,412,419,270,34,682,495,21,559,645,656,465,540,235,422,468,518,212,250,578,77,15,310,618,123,36,492,740,635,611,676,435,128,388,63,744,281,41,549,509,364,316,627,162,719,609,613,58,9,197,150,166,62,180,570,334,42,707,504,671,517,660,607,602,445,743,244,178,499,312,206,433,78,416,460,728,217,464,322,230,373,161,427,534,455,372,49,219,361,67,417,320,6,241,424,158,229,452,742,5,72,704,23,713,425,646,690,655,268,673,428,280,515,129,73,410,263,447,157,35,189,667,527,109,221,450,729,338,640,1,198,284,714,401,497,675,143,398,65,237,295,257,288,311,289,177,444,71,686,632,51,0,231,227,735,142,440,687,286,556,441,737,555,625,636,154,236,210,79,553,332,469,243,563,699,605,695,630,648,562,246,68,411,301,599,484,406,48,496,520,581,644,380,426,133,300,59,277,565,439,146,608,488,561,114,304,202,674,741,454,473,722,151,505,329,87,616,579,32,721,702,399,262,659,623,2,470,184,596,164,302,658,434,545,371,397,662,409,597,448,576,145,330,678,350,586,25,125,24,89,653,101,181,275,508,75,303,403,204,601,546,238,582,144,407,269,127,393,382,475,663,55,108,132,400,507,620,370,594,593,149,172,170,493,45,535,102,610,657,732,220,319,203,442,681,575,624,39,234,242,85,466,712,453,80,354,272,467,378,240,365,291,394,98,716,633,97,727,
543,252.78171634674072,159872.1150847775,156844.0352489118,360,472,387,186,734,336,29,294,456,349,547,156,366,703,629,273,524,10,345,292,321,477,691,572,147,590,66,94,183,603,8,567,471,749,258,720,324,64,628,359,476,31,585,519,557,353,323,224,683,723,724,163,501,619,342,207,516,141,551,449,652,325,111,69,171,705,187,12,218,379,228,461,113,537,548,580,506,552,213,543,369,614,357,173,341,267,748,47,118,167,83,414,347,462,528,432,710,415,711,482,28,666,307,175,343,116,600,463,664,138,571,487,621,404,604,747,205,418,285,136,568,573,502,612,290,233,525,457,351,112,279,176,106,631,57,317,532,245,282,327,642,26,391,458,670,140,480,446,731,130,622,736,685,200,362,37,431,335,718,591,95,104,54,701,82,679,88,739,193,726,498,429,208,589,14,60,160,738,696,249,331,148,730,684,105,214,746,131,43,223,169,165,53,408,92,368,443,451,715,119,44,3,587,626,340,152,159,305,254,486,638,377,542,733,255,355,356,661,190,438,134,174,384,271,199,61,402,489,694,115,386,474,592,247,514,50,196,668,124,260,698,697,137,293,700,672,352,337,437,297,479,194,252,649,314,339,46,494,550,226,122,709,522,261,564,225,309,232,11,358,647,99,256,86,512,264,117,405,396,306,389,278,459,634,298,222,153,375,530,617,266,536,390,598,574,478,215,81,16,381,346,669,392,367,421,30,503,500,93,745,276,248,103,641,665,299,27,385,259,677,17,100,643,688,211,420,554,84,251,296,274,374,639,490,395,376,383,20,195,121,529,566,52,544,436,651,584,510,717,209,253,107,19,182,70,344,191,313,315,588,188,348,483,615,22,265,560,7,4,531,185,523,287,168,637,318,56,139,38,689,120,583,692,76,577,491,33,308,413,363,708,485,650,91,541,18,326,90,110,179,40,328,654,569,680,558,606,595,333,533,693,96,521,725,239,74,283,481,135,513,13,155,430,511,201,538,539,706,526,216,192,126,423,412,419,270,34,682,495,21,559,645,656,465,540,235,422,468,518,212,250,578,77,15,310,618,123,36,492,740,635,611,676,435,128,388,63,744,281,41,549,509,364,316,627,162,719,609,613,58,9,197,150,166,62,180,570,334,42,707,504,671,517,660,607,602,445,743,244,178,499,312,206,433,78,416,460,728,217,464,322,230,373,161,427,534,455,372,49,219,361,67,417,320,6,241,424,158,229,452,742,5,72,704,23,713,425,646,690,655,268,673,428,280,515,129,73,410,263,447,157,35,189,667,527,109,221,450,729,338,640,1,198,284,714,401,497,675,143,398,65,237,295,257,288,311,289,177,444,71,686,632,51,0,231,227,735,142,440,687,286,556,441,737,555,625,636,154,236,210,79,553,332,469,243,563,699,605,695,630,648,562,246,68,411,301,599,484,406,48,496,520,581,644,380,426,133,300,59,277,565,439,146,608,488,561,114,304,202,674,741,454,473,722,151,505,329,87,616,579,32,721,702,399,262,659,623,2,470,184,596,164,302,658,434,545,371,397,662,409,597,448,576,145,330,678,350,586,25,125,24,89,653,101,181,275,508,75,303,403,204,601,546,238,582,144,407,269,127,393,382,475,663,55,108,132,400,507,620,370,594,593,149,172,170,493,45,535,102,610,657,732,220,319,203,442,681,575,624,39,234,242,85,466,712,453,80,354,272,467,378,240,365,291,394,98,716,633,97,727,
544,253.31828045845032,159710.54928272654,156844.0352489118,360,472,387,186,734,336,29,294,456,349,547,156,366,703,629,273,524,10,345,292,321,477,691,572,147,590,66,94,183,603,8,567,471,749,258,720,324,64,628,359,476,31,585,519,557,353,323,224,683,723,724,163,501,619,342,207,516,141,551,449,652,325,111,69,171,705,187,12,218,379,228,461,113,537,548,580,506,552,213,543,369,614,357,173,341,267,748,47,118,167,83,414,347,462,528,432,710,415,711,482,28,666,307,175,343,116,600,463,664,138,571,487,621,404,604,747,205,418,285,136,568,573,502,612,290,233,525,457,351,112,279,176,106,631,57,317,532,245,282,327,642,26,391,458,670,140,480,446,731,130,622,736,685,200,362,37,431,335,718,591,95,104,54,701,82,679,88,739,193,726,498,429,208,589,14,60,160,738,696,249,331,148,730,684,105,214,746,131,43,223,169,165,53,408,92,368,443,451,715,119,44,3,587,626,340,152,159,305,254,486,638,377,542,733,255,355,356,661,190,438,134,174,384,271,199,61,402,489,694,115,386,474,592,247,514,50,196,668,124,260,698,697,137,293,700,672,352,337,437,297,479,194,252,649,314,339,46,494,550,226,122,709,522,261,564,225,309,232,11,358,647,99,256,86,512,264,117,405,396,306,389,278,459,634,298,222,153,375,530,617,266,536,390,598,574,478,215,81,16,381,346,669,392,367,421,30,503,500,93,745,276,248,103,641,665,299,27,385,259,677,17,100,643,688,211,420,554,84,251,296,274,374,639,490,395,376,383,20,195,121,529,566,52,544,436,651,584,510,717,209,253,107,19,182,70,344,191,313,315,588,188,348,483,615,22,265,560,7,4,531,185,523,287,168,637,318,56,139,38,689,120,583,692,76,577,491,33,308,413,363,708,485,650,91,541,18,326,90,110,179,40,328,654,569,680,558,606,595,333,533,693,96,521,725,239,74,283,481,135,513,13,155,430,511,201,538,539,706,526,216,192,126,423,412,419,270,34,682,495,21,559,645,656,465,540,235,422,468,518,212,250,578,77,15,310,618,123,36,492,740,635,611,676,435,128,388,63,744,281,41,549,509,364,316,627,162,719,609,613,58,9,197,150,166,62,180,570,334,42,707,504,671,517,660,607,602,445,743,244,178,499,312,206,433,78,416,460,728,217,464,322,230,373,161,427,534,455,372,49,219,361,67,417,320,6,241,424,158,229,452,742,5,72,704,23,713,425,646,690,655,268,673,428,280,515,129,73,410,263,447,157,35,189,667,527,109,221,450,729,338,640,1,198,284,714,401,497,675,143,398,65,237,295,257,288,311,289,177,444,71,686,632,51,0,231,227,735,142,440,687,286,556,441,737,555,625,636,154,236,210,79,553,332,469,243,563,699,605,695,630,648,562,246,68,411,301,599,484,406,48,496,520,581,644,380,426,133,300,59,277,565,439,146,608,488,561,114,304,202,674,741,454,473,722,151,505,329,87,616,579,32,721,702,399,262,659,623,2,470,184,596,164,302,658,434,545,371,397,662,409,597,448,576,145,330,678,350,586,25,125,24,89,653,101,181,275,508,75,303,403,204,601,546,238,582,144,407,269,127,393,382,475,663,55,108,132,400,507,620,370,594,593,149,172,170,493,45,535,102,610,657,732,220,319,203,442,681,575,624,39,234,242,85,466,712,453,80,354,272,467,378,240,365,291,394,98,716,633,97,727,
545,253.77108478546143,160325.08405103665,156844.0352489118,360,472,387,186,734,336,29,294,456,349,547,156,366,703,629,273,524,10,345,292,321,477,691,572,147,590,66,94,183,603,8,567,471,749,258,720,324,64,628,359,476,31,585,519,557,353,323,224,683,723,724,163,501,619,342,207,516,141,551,449,652,325,111,69,171,705,187,12,218,379,228,461,113,537,548,580,506,552,213,543,369,614,357,173,341,267,748,47,118,167,83,414,347,462,528,432,710,415,711,482,28,666,307,175,343,116,600,463,664,138,571,487,621,404,604,747,205,418,285,136,568,573,502,612,290,233,525,457,351,112,279,176,106,631,57,317,532,245,282,327,642,26,391,458,670,140,480,446,731,130,622,736,685,200,362,37,431,335,718,591,95,104,54,701,82,679,88,739,193,726,498,429,208,589,14,60,160,738,696,249,331,148,730,684,105,214,746,131,43,223,169,165,53,408,92,368,443,451,715,119,44,3,587,626,340,152,159,305,254,486,638,377,542,733,255,355,356,661,190,438,134,174,384,271,199,61,402,489,694,115,386,474,592,247,514,50,196,668,124,260,698,697,137,293,700,672,352,337,437,297,479,194,252,649,314,339,46,494,550,226,122,709,522,261,564,225,309,232,11,358,647,99,256,86,512,264,117,405,396,306,389,278,459,634,298,222,153,375,530,617,266,536,390,598,574,478,215,81,16,381,346,669,392,367,421,30,503,500,93,745,276,248,103,641,665,299,27,385,259,677,17,100,643,688,211,420,554,84,251,296,274,374,639,490,395,376,383,20,195,121,529,566,52,544,436,651,584,510,717,209,253,107,19,182,70,344,191,313,315,588,188,348,483,615,22,265,560,7,4,531,185,523,287,168,637,318,56,139,38,689,120,583,692,76,577,491,33,308,413,363,708,485,650,91,541,18,326,90,110,179,40,328,654,569,680,558,606,595,333,533,693,96,521,725,239,74,283,481,135,513,13,155,430,511,201,538,539,706,526,216,192,126,423,412,419,270,34,682,495,21,559,645,656,465,540,235,422,468,518,212,250,578,77,15,310,618,123,36,492,740,635,611,676,435,128,388,63,744,281,41,549,509,364,316,627,162,719,609,613,58,9,197,150,166,62,180,570,334,42,707,504,671,517,660,607,602,445,743,244,178,499,312,206,433,78,416,460,728,217,464,322,230,373,161,427,534,455,372,49,219,361,67,417,320,6,241,424,158,229,452,742,5,72,704,23,713,425,646,690,655,268,673,428,280,515,129,73,410,263,447,157,35,189,667,527,109,221,450,729,338,640,1,198,284,714,401,497,675,143,398,65,237,295,257,288,311,289,177,444,71,686,632,51,0,231,227,735,142,440,687,286,556,441,737,555,625,636,154,236,210,79,553,332,469,243,563,699,605,695,630,648,562,246,68,411,301,599,484,406,48,496,520,581,644,380,426,133,300,59,277,565,439,146,608,488,561,114,304,202,674,741,454,473,722,151,505,329,87,616,579,32,721,702,399,262,659,623,2,470,184,596,164,302,658,434,545,371,397,662,409,597,448,576,145,330,678,350,586,25,125,24,89,653,101,181,275,508,75,303,403,204,601,546,238,582,144,407,269,127,393,382,475,663,55,108,132,400,507,620,370,594,593,149,172,170,493,45,535,102,610,657,732,220,319,203,442,681,575,624,39,234,242,85,466,712,453,80,354,272,467,378,240,365,291,394,98,716,633,97,727,
546,254.37470936775208,162022.08134103508,156844.0352489118,360,472,387,186,734,336,29,294,456,349,547,156,366,703,629,273,524,10,345,292,321,477,691,572,147,590,66,94,183,603,8,567,471,749,258,720,324,64,628,359,476,31,585,519,557,353,323,224,683,723,724,163,501,619,342,207,516,141,551,449,652,325,111,69,171,705,187,12,218,379,228,461,113,537,548,580,506,552,213,543,369,614,357,173,341,267,748,47,118,167,83,414,347,462,528,432,710,415,711,482,28,666,307,175,343,116,600,463,664,138,571,487,621,404,604,747,205,418,285,136,568,573,502,612,290,233,525,457,351,112,279,176,106,631,57,317,532,245,282,327,642,26,391,458,670,140,480,446,731,130,622,736,685,200,362,37,431,335,718,591,95,104,54,701,82,679,88,739,193,726,498,429,208,589,14,60,160,738,696,249,331,148,730,684,105,214,746,131,43,223,169,165,53,408,92,368,443,451,715,119,44,3,587,626,340,152,159,305,254,486,638,377,542,733,255,355,356,661,190,438,134,174,384,271,199,61,402,489,694,115,386,474,592,247,514,50,196,668,124,260,698,697,137,293,700,672,352,337,437,297,479,194,252,649,314,339,46,494,550,226,122,709,522,261,564,225,309,232,11,358,647,99,256,86,512,264,117,405,396,306,389,278,459,634,298,222,153,375,530,617,266,536,390,598,574,478,215,81,16,381,346,669,392,367,421,30,503,500,93,745,276,248,103,641,665,299,27,385,259,677,17,100,643,688,211,420,554,84,251,296,274,374,639,490,395,376,383,20,195,121,529,566,52,544,436,651,584,510,717,209,253,107,19,182,70,344,191,313,315,588,188,348,483,615,22,265,560,7,4,531,185,523,287,168,637,318,56,139,38,689,120,583,692,76,577,491,33,308,413,363,708,485,650,91,541,18,326,90,110,179,40,328,654,569,680,558,606,595,333,533,693,96,521,725,239,74,283,481,135,513,13,155,430,511,201,538,539,706,526,216,192,126,423,412,419,270,34,682,495,21,559,645,656,465,540,235,422,468,518,212,250,578,77,15,310,618,123,36,492,740,635,611,676,435,128,388,63,744,281,41,549,509,364,316,627,162,719,609,613,58,9,197,150,166,62,180,570,334,42,707,504,671,517,660,607,602,445,743,244,178,499,312,206,433,78,416,460,728,217,464,322,230,373,161,427,534,455,372,49,219,361,67,417,320,6,241,424,158,229,452,742,5,72,704,23,713,425,646,690,655,268,673,428,280,515,129,73,410,263,447,157,35,189,667,527,109,221,450,729,338,640,1,198,284,714,401,497,675,143,398,65,237,295,257,288,311,289,177,444,71,686,632,51,0,231,227,735,142,440,687,286,556,441,737,555,625,636,154,236,210,79,553,332,469,243,563,699,605,695,630,648,562,246,68,411,301,599,484,406,48,496,520,581,644,380,426,133,300,59,277,565,439,146,608,488,561,114,304,202,674,741,454,473,722,151,505,329,87,616,579,32,721,702,399,262,659,623,2,470,184,596,164,302,658,434,545,371,397,662,409,597,448,576,145,330,678,350,586,25,125,24,89,653,101,181,275,508,75,303,403,204,601,546,238,582,144,407,269,127,393,382,475,663,55,108,132,400,507,620,370,594,593,149,172,170,493,45,535,102,610,657,732,220,319,203,442,681,575,624,39,234,242,85,466,712,453,80,354,272,467,378,240,365,291,394,98,716,633,97,727,
547,254.88455486297607,160489.83957788153,156844.0352489118,360,472,387,186,734,336,29,294,456,349,547,156,366,703,629,273,524,10,345,292,321,477,691,572,147,590,66,94,183,603,8,567,471,749,258,720,324,64,628,359,476,31,585,519,557,353,323,224,683,723,724,163,501,619,342,207,516,141,551,449,652,325,111,69,171,705,187,12,218,379,228,461,113,537,548,580,506,552,213,543,369,614,357,173,341,267,748,47,118,167,83,414,347,462,528,432,710,415,711,482,28,666,307,175,343,116,600,463,664,138,571,487,621,404,604,747,205,418,285,136,568,573,502,612,290,233,525,457,351,112,279,176,106,631,57,317,532,245,282,327,642,26,391,458,670,140,480,446,731,130,622,736,685,200,362,37,431,335,718,591,95,104,54,701,82,679,88,739,193,726,498,429,208,589,14,60,160,738,696,249,331,148,730,684,105,214,746,131,43,223,169,165,53,408,92,368,443,451,715,119,44,3,587,626,340,152,159,305,254,486,638,377,542,733,255,355,356,661,190,438,134,174,384,271,199,61,402,489,694,115,386,474,592,247,514,50,196,668,124,260,698,697,137,293,700,672,352,337,437,297,479,194,252,649,314,339,46,494,550,226,122,709,522,261,564,225,309,232,11,358,647,99,256,86,512,264,117,405,396,306,389,278,459,634,298,222,153,375,530,617,266,536,390,598,574,478,215,81,16,381,346,669,392,367,421,30,503,500,93,745,276,248,103,641,665,299,27,385,259,677,17,100,643,688,211,420,554,84,251,296,274,374,639,490,395,376,383,20,195,121,529,566,52,544,436,651,584,510,717,209,253,107,19,182,70,344,191,313,315,588,188,348,483,615,22,265,560,7,4,531,185,523,287,168,637,318,56,139,38,689,120,583,692,76,577,491,33,308,413,363,708,485,650,91,541,18,326,90,110,179,40,328,654,569,680,558,606,595,333,533,693,96,521,725,239,74,283,481,135,513,13,155,430,511,201,538,539,706,526,216,192,126,423,412,419,270,34,682,495,21,559,645,656,465,540,235,422,468,518,212,250,578,77,15,310,618,123,36,492,740,635,611,676,435,128,388,63,744,281,41,549,509,364,316,627,162,719,609,613,58,9,197,150,166,62,180,570,334,42,707,504,671,517,660,607,602,445,743,244,178,499,312,206,433,78,416,460,728,217,464,322,230,373,161,427,534,455,372,49,219,361,67,417,320,6,241,424,158,229,452,742,5,72,704,23,713,425,646,690,655,268,673,428,280,515,129,73,410,263,447,157,35,189,667,527,109,221,450,729,338,640,1,198,284,714,401,497,675,143,398,65,237,295,257,288,311,289,177,444,71,686,632,51,0,231,227,735,142,440,687,286,556,441,737,555,625,636,154,236,210,79,553,332,469,243,563,699,605,695,630,648,562,246,68,411,301,599,484,406,48,496,520,581,644,380,426,133,300,59,277,565,439,146,608,488,561,114,304,202,674,741,454,473,722,151,505,329,87,616,579,32,721,702,399,262,659,623,2,470,184,596,164,302,658,434,545,371,397,662,409,597,448,576,145,330,678,350,586,25,125,24,89,653,101,181,275,508,75,303,403,204,601,546,238,582,144,407,269,127,393,382,475,663,55,108,132,400,507,620,370,594,593,149,172,170,493,45,535,102,610,657,732,220,319,203,442,681,575,624,39,234,242,85,466,712,453,80,354,272,467,378,240,365,291,394,98,716,633,97,727,
548,255.4472370147705,160492.73181286376,156844.0352489118,360,472,387,186,734,336,29,294,456,349,547,156,366,703,629,273,524,10,345,292,321,477,691,572,147,590,66,94,183,603,8,567,471,749,258,720,324,64,628,359,476,31,585,519,557,353,323,224,683,723,724,163,501,619,342,207,516,141,551,449,652,325,111,69,171,705,187,12,218,379,228,461,113,537,548,580,506,552,213,543,369,614,357,173,341,267,748,47,118,167,83,414,347,462,528,432,710,415,711,482,28,666,307,175,343,116,600,463,664,138,571,487,621,404,604,747,205,418,285,136,568,573,502,612,290,233,525,457,351,112,279,176,106,631,57,317,532,245,282,327,642,26,391,458,670,140,480,446,731,130,622,736,685,200,362,37,431,335,718,591,95,104,54,701,82,679,88,739,193,726,498,429,208,589,14,60,160,738,696,249,331,148,730,684,105,214,746,131,43,223,169,165,53,408,92,368,443,451,715,119,44,3,587,626,340,152,159,305,254,486,638,377,542,733,255,355,356,661,190,438,134,174,384,271,199,61,402,489,694,115,386,474,592,247,514,50,196,668,124,260,698,697,137,293,700,672,352,337,437,297,479,194,252,649,314,339,46,494,550,226,122,709,522,261,564,225,309,232,11,358,647,99,256,86,512,264,117,405,396,306,389,278,459,634,298,222,153,375,530,617,266,536,390,598,574,478,215,81,16,381,346,669,392,367,421,30,503,500,93,745,276,248,103,641,665,299,27,385,259,677,17,100,643,688,211,420,554,84,251,296,274,374,639,490,395,376,383,20,195,121,529,566,52,544,436,651,584,510,717,209,253,107,19,182,70,344,191,313,315,588,188,348,483,615,22,265,560,7,4,531,185,523,287,168,637,318,56,139,38,689,120,583,692,76,577,491,33,308,413,363,708,485,650,91,541,18,326,90,110,179,40,328,654,569,680,558,606,595,333,533,693,96,521,725,239,74,283,481,135,513,13,155,430,511,201,538,539,706,526,216,192,126,423,412,419,270,34,682,495,21,559,645,656,465,540,235,422,468,518,212,250,578,77,15,310,618,123,36,492,740,635,611,676,435,128,388,63,744,281,41,549,509,364,316,627,162,719,609,613,58,9,197,150,166,62,180,570,334,42,707,504,671,517,660,607,602,445,743,244,178,499,312,206,433,78,416,460,728,217,464,322,230,373,161,427,534,455,372,49,219,361,67,417,320,6,241,424,158,229,452,742,5,72,704,23,713,425,646,690,655,268,673,428,280,515,129,73,410,263,447,157,35,189,667,527,109,221,450,729,338,640,1,198,284,714,401,497,675,143,398,65,237,295,257,288,311,289,177,444,71,686,632,51,0,231,227,735,142,440,687,286,556,441,737,555,625,636,154,236,210,79,553,332,469,243,563,699,605,695,630,648,562,246,68,411,301,599,484,406,48,496,520,581,644,380,426,133,300,59,277,565,439,146,608,488,561,114,304,202,674,741,454,473,722,151,505,329,87,616,579,32,721,702,399,262,659,623,2,470,184,596,164,302,658,434,545,371,397,662,409,597,448,576,145,330,678,350,586,25,125,24,89,653,101,181,275,508,75,303,403,204,601,546,238,582,144,407,269,127,393,382,475,663,55,108,132,400,507,620,370,594,593,149,172,170,493,45,535,102,610,657,732,220,319,203,442,681,575,624,39,234,242,85,466,712,453,80,354,272,467,378,240,365,291,394,98,716,633,97,727,
549,255.97989439964294,160141.28908107436,156844.0352489118,360,472,387,186,734,336,29,294,456,349,547,156,366,703,629,273,524,10,345,292,321,477,691,572,147,590,66,94,183,603,8,567,471,749,258,720,324,64,628,359,476,31,585,519,557,353,323,224,683,723,724,163,501,619,342,207,516,141,551,449,652,325,111,69,171,705,187,12,218,379,228,461,113,537,548,580,506,552,213,543,369,614,357,173,341,267,748,47,118,167,83,414,347,462,528,432,710,415,711,482,28,666,307,175,343,116,600,463,664,138,571,487,621,404,604,747,205,418,285,136,568,573,502,612,290,233,525,457,351,112,279,176,106,631,57,317,532,245,282,327,642,26,391,458,670,140,480,446,731,130,622,736,685,200,362,37,431,335,718,591,95,104,54,701,82,679,88,739,193,726,498,429,208,589,14,60,160,738,696,249,331,148,730,684,105,214,746,131,43,223,169,165,53,408,92,368,443,451,715,119,44,3,587,626,340,152,159,305,254,486,638,377,542,733,255,355,356,661,190,438,134,174,384,271,199,61,402,489,694,115,386,474,592,247,514,50,196,668,124,260,698,697,137,293,700,672,352,337,437,297,479,194,252,649,314,339,46,494,550,226,122,709,522,261,564,225,309,232,11,358,647,99,256,86,512,264,117,405,396,306,389,278,459,634,298,222,153,375,530,617,266,536,390,598,574,478,215,81,16,381,346,669,392,367,421,30,503,500,93,745,276,248,103,641,665,299,27,385,259,677,17,100,643,688,211,420,554,84,251,296,274,374,639,490,395,376,383,20,195,121,529,566,52,544,436,651,584,510,717,209,253,107,19,182,70,344,191,313,315,588,188,348,483,615,22,265,560,7,4,531,185,523,287,168,637,318,56,139,38,689,120,583,692,76,577,491,33,308,413,363,708,485,650,91,541,18,326,90,110,179,40,328,654,569,680,558,606,595,333,533,693,96,521,725,239,74,283,481,135,513,13,155,430,511,201,538,539,706,526,216,192,126,423,412,419,270,34,682,495,21,559,645,656,465,540,235,422,468,518,212,250,578,77,15,310,618,123,36,492,740,635,611,676,435,128,388,63,744,281,41,549,509,364,316,627,162,719,609,613,58,9,197,150,166,62,180,570,334,42,707,504,671,517,660,607,602,445,743,244,178,499,312,206,433,78,416,460,728,217,464,322,230,373,161,427,534,455,372,49,219,361,67,417,320,6,241,424,158,229,452,742,5,72,704,23,713,425,646,690,655,268,673,428,280,515,129,73,410,263,447,157,35,189,667,527,109,221,450,729,338,640,1,198,284,714,401,497,675,143,398,65,237,295,257,288,311,289,177,444,71,686,632,51,0,231,227,735,142,440,687,286,556,441,737,555,625,636,154,236,210,79,553,332,469,243,563,699,605,695,630,648,562,246,68,411,301,599,484,406,48,496,520,581,644,380,426,133,300,59,277,565,439,146,608,488,561,114,304,202,674,741,454,473,722,151,505,329,87,616,579,32,721,702,399,262,659,623,2,470,184,596,164,302,658,434,545,371,397,662,409,597,448,576,145,330,678,350,586,25,125,24,89,653,101,181,275,508,75,303,403,204,601,546,238,582,144,407,269,127,393,382,475,663,55,108,132,400,507,620,370,594,593,149,172,170,493,45,535,102,610,657,732,220,319,203,442,681,575,624,39,234,242,85,466,712,453,80,354,272,467,378,240,365,291,394,98,716,633,97,727,
550,256.53307819366455,160168.67547630132,156769.11895780903,629,273,524,10,345,292,321,477,691,572,147,590,66,94,183,603,8,567,471,749,258,720,324,64,628,359,476,31,585,519,557,353,323,224,683,723,724,163,501,207,342,619,516,141,551,449,652,325,111,69,171,705,187,12,218,379,228,461,113,537,548,580,506,552,213,543,369,614,357,173,341,267,748,47,118,167,83,414,347,462,528,432,710,415,711,482,28,666,307,175,343,116,600,463,664,138,571,487,621,404,604,747,205,418,285,136,568,573,502,612,290,233,525,457,351,112,279,176,106,631,57,317,532,245,282,327,642,26,391,458,670,140,480,446,731,130,622,736,685,200,362,37,431,335,718,591,95,104,54,701,82,679,88,739,193,726,498,429,208,589,14,60,160,738,696,249,331,148,730,684,105,214,746,131,43,223,169,165,53,408,92,368,443,451,715,119,44,3,587,626,340,152,159,305,254,486,638,377,542,733,255,355,356,661,190,438,134,174,384,271,199,61,402,489,694,115,386,474,592,247,514,50,196,668,124,260,698,697,137,293,700,672,352,337,437,297,479,194,252,649,314,339,46,494,550,226,122,709,522,261,564,225,309,232,11,358,647,99,256,86,512,264,117,405,396,306,389,278,459,634,298,222,153,375,530,617,266,536,390,598,574,478,215,81,16,381,346,669,392,367,421,30,503,500,93,745,276,248,103,641,665,299,27,385,259,677,17,100,643,688,211,420,554,84,251,296,274,374,639,490,395,376,383,20,195,121,529,566,52,544,436,651,584,510,717,209,253,107,19,182,70,344,191,313,315,588,188,348,483,615,22,265,560,7,4,531,185,523,287,168,637,318,56,139,38,689,120,583,692,76,577,491,33,308,413,363,708,485,650,91,541,18,326,90,110,179,40,328,654,569,680,558,606,595,333,533,693,96,521,725,239,74,283,481,135,513,13,155,430,511,201,538,539,706,526,216,192,126,423,412,419,270,34,682,495,21,559,645,656,465,540,235,422,468,518,212,250,578,77,15,310,618,123,36,492,740,635,611,676,435,128,388,63,744,281,41,549,509,364,316,627,162,719,609,613,58,9,197,150,166,62,180,570,334,42,707,504,671,517,660,607,602,445,743,244,178,499,312,206,433,78,416,460,728,217,464,322,230,373,161,427,534,455,372,49,219,361,67,417,320,6,241,424,158,229,452,742,5,72,704,234,242,85,466,712,453,80,354,272,467,378,240,365,291,394,98,527,109,221,450,729,338,640,1,198,284,714,401,497,675,143,398,65,237,295,257,288,311,289,177,444,71,686,632,51,0,231,227,735,142,440,687,286,556,441,737,555,625,636,154,236,210,79,553,332,469,243,563,699,605,695,630,648,562,246,68,411,301,599,484,406,48,496,520,581,644,380,426,133,300,59,277,565,439,146,608,488,561,114,304,202,674,741,454,473,722,151,505,329,87,616,579,32,721,702,399,262,659,623,2,470,184,596,164,302,658,434,545,371,397,662,409,597,448,576,145,330,678,350,586,25,89,653,24,125,101,181,275,75,508,204,403,303,601,546,238,582,144,407,269,127,393,382,475,663,55,108,132,400,507,620,370,594,593,149,172,170,493,45,535,102,610,657,732,220,319,203,442,681,575,624,39,23,713,425,646,690,655,268,673,428,280,515,129,73,410,263,447,157,35,189,667,716,633,97,727,360,472,387,186,734,336,29,294,456,349,547,156,366,703,
551,257.0117998123169,160685.17845630695,156769.118957809,345,292,321,477,691,572,147,590,66,94,183,603,8,567,471,749,258,720,324,64,628,359,476,31,585,519,557,353,323,224,683,723,724,163,501,207,342,619,516,141,551,449,652,325,111,69,171,705,187,12,218,379,228,461,113,537,548,580,506,552,213,543,369,614,357,173,341,267,748,47,118,167,83,414,347,462,528,432,710,415,711,482,28,666,307,175,343,116,600,463,664,138,571,487,621,404,604,747,205,418,285,136,568,573,502,612,290,233,525,457,351,112,279,176,106,631,57,317,532,245,282,327,642,26,391,458,670,140,480,446,731,130,622,736,685,200,362,37,431,335,718,591,95,104,54,701,82,679,88,739,193,726,498,429,208,589,14,60,160,738,696,249,331,148,730,684,105,214,746,131,43,223,169,165,53,408,92,368,443,451,715,119,44,3,587,626,340,152,159,305,254,486,638,377,542,733,255,355,356,661,190,438,134,174,384,271,199,61,402,489,694,115,386,474,592,247,514,50,196,668,124,260,698,697,137,293,700,672,352,337,437,297,479,194,252,649,314,339,46,494,550,226,122,709,522,261,564,225,309,232,11,358,647,99,256,86,512,264,117,405,396,306,389,278,459,634,298,222,153,375,530,617,266,536,390,598,574,478,215,81,16,381,346,669,392,367,421,30,503,500,93,745,276,248,103,641,665,299,27,385,259,677,17,100,643,688,211,420,554,84,251,296,274,374,639,490,395,376,383,20,195,121,529,566,52,544,436,651,584,510,717,209,253,107,19,182,70,344,191,313,315,588,188,348,483,615,22,265,560,7,4,531,185,523,287,168,637,318,56,139,38,689,120,583,692,76,577,491,33,308,413,363,708,485,650,91,541,18,326,90,110,179,40,328,654,569,680,558,606,595,333,533,693,96,521,725,239,74,283,481,135,513,13,155,430,511,201,538,539,706,526,216,192,126,423,412,419,270,34,682,495,21,559,645,656,465,540,235,422,468,518,212,250,578,77,15,310,618,123,36,492,740,635,611,676,435,128,388,63,744,281,41,549,509,364,316,627,162,719,609,613,58,9,197,150,166,62,180,570,334,42,707,504,671,517,660,607,602,445,743,244,178,499,312,206,433,78,416,460,728,217,464,322,230,373,161,427,534,455,372,49,219,361,67,417,320,6,241,424,158,229,452,742,5,72,704,234,242,85,466,712,453,80,354,272,467,378,240,365,291,394,98,527,109,221,450,729,338,640,1,198,284,714,401,497,675,143,398,65,237,295,257,288,311,289,177,444,71,686,632,51,0,231,227,735,142,440,687,286,556,441,737,555,625,636,154,236,210,79,553,332,469,243,563,699,605,695,630,648,562,246,68,411,301,599,484,406,48,496,520,581,644,380,426,133,300,59,277,565,439,146,608,488,561,114,304,202,674,741,454,473,722,151,505,329,87,616,579,32,721,702,399,262,659,623,2,470,184,596,164,302,658,434,545,371,397,662,409,597,448,576,145,330,678,350,586,25,89,653,24,125,101,181,275,75,508,204,403,303,601,546,238,582,144,407,269,127,393,382,475,663,55,108,132,400,507,620,370,594,593,149,172,170,493,45,535,102,610,657,732,220,319,203,442,681,575,624,39,23,713,425,646,690,655,268,673,428,280,515,129,73,410,263,447,157,35,189,667,716,633,97,727,360,472,387,186,734,336,29,294,456,349,547,156,366,703,629,273,524,10,
552,257.4873080253601,160583.90088818167,156769.118957809,345,292,321,477,691,572,147,590,66,94,183,603,8,567,471,749,258,720,324,64,628,359,476,31,585,519,557,353,323,224,683,723,724,163,501,207,342,619,516,141,551,449,652,325,111,69,171,705,187,12,218,379,228,461,113,537,548,580,506,552,213,543,369,614,357,173,341,267,748,47,118,167,83,414,347,462,528,432,710,415,711,482,28,666,307,175,343,116,600,463,664,138,571,487,621,404,604,747,205,418,285,136,568,573,502,612,290,233,525,457,351,112,279,176,106,631,57,317,532,245,282,327,642,26,391,458,670,140,480,446,731,130,622,736,685,200,362,37,431,335,718,591,95,104,54,701,82,679,88,739,193,726,498,429,208,589,14,60,160,738,696,249,331,148,730,684,105,214,746,131,43,223,169,165,53,408,92,368,443,451,715,119,44,3,587,626,340,152,159,305,254,486,638,377,542,733,255,355,356,661,190,438,134,174,384,271,199,61,402,489,694,115,386,474,592,247,514,50,196,668,124,260,698,697,137,293,700,672,352,337,437,297,479,194,252,649,314,339,46,494,550,226,122,709,522,261,564,225,309,232,11,358,647,99,256,86,512,264,117,405,396,306,389,278,459,634,298,222,153,375,530,617,266,536,390,598,574,478,215,81,16,381,346,669,392,367,421,30,503,500,93,745,276,248,103,641,665,299,27,385,259,677,17,100,643,688,211,420,554,84,251,296,274,374,639,490,395,376,383,20,195,121,529,566,52,544,436,651,584,510,717,209,253,107,19,182,70,344,191,313,315,588,188,348,483,615,22,265,560,7,4,531,185,523,287,168,637,318,56,139,38,689,120,583,692,76,577,491,33,308,413,363,708,485,650,91,541,18,326,90,110,179,40,328,654,569,680,558,606,595,333,533,693,96,521,725,239,74,283,481,135,513,13,155,430,511,201,538,539,706,526,216,192,126,423,412,419,270,34,682,495,21,559,645,656,465,540,235,422,468,518,212,250,578,77,15,310,618,123,36,492,740,635,611,676,435,128,388,63,744,281,41,549,509,364,316,627,162,719,609,613,58,9,197,150,166,62,180,570,334,42,707,504,671,517,660,607,602,445,743,244,178,499,312,206,433,78,416,460,728,217,464,322,230,373,161,427,534,455,372,49,219,361,67,417,320,6,241,424,158,229,452,742,5,72,704,234,242,85,466,712,453,80,354,272,467,378,240,365,291,394,98,527,109,221,450,729,338,640,1,198,284,714,401,497,675,143,398,65,237,295,257,288,311,289,177,444,71,686,632,51,0,231,227,735,142,440,687,286,556,441,737,555,625,636,154,236,210,79,553,332,469,243,563,699,605,695,630,648,562,246,68,411,301,599,484,406,48,496,520,581,644,380,426,133,300,59,277,565,439,146,608,488,561,114,304,202,674,741,454,473,722,151,505,329,87,616,579,32,721,702,399,262,659,623,2,470,184,596,164,302,658,434,545,371,397,662,409,597,448,576,145,330,678,350,586,25,89,653,24,125,101,181,275,75,508,204,403,303,601,546,238,582,144,407,269,127,393,382,475,663,55,108,132,400,507,620,370,594,593,149,172,170,493,45,535,102,610,657,732,220,319,203,442,681,575,624,39,23,713,425,646,690,655,268,673,428,280,515,129,73,410,263,447,157,35,189,667,716,633,97,727,360,472,387,186,734,336,29,294,456,349,547,156,366,703,629,273,524,10,
553,257.9806206226349,161615.21335346656,156769.118957809,345,292,321,477,691,572,147,590,66,94,183,603,8,567,471,749,258,720,324,64,628,359,476,31,585,519,557,353,323,224,683,723,724,163,501,207,342,619,516,141,551,449,652,325,111,69,171,705,187,12,218,379,228,461,113,537,548,580,506,552,213,543,369,614,357,173,341,267,748,47,118,167,83,414,347,462,528,432,710,415,711,482,28,666,307,175,343,116,600,463,664,138,571,487,621,404,604,747,205,418,285,136,568,573,502,612,290,233,525,457,351,112,279,176,106,631,57,317,532,245,282,327,642,26,391,458,670,140,480,446,731,130,622,736,685,200,362,37,431,335,718,591,95,104,54,701,82,679,88,739,193,726,498,429,208,589,14,60,160,738,696,249,331,148,730,684,105,214,746,131,43,223,169,165,53,408,92,368,443,451,715,119,44,3,587,626,340,152,159,305,254,486,638,377,542,733,255,355,356,661,190,438,134,174,384,271,199,61,402,489,694,115,386,474,592,247,514,50,196,668,124,260,698,697,137,293,700,672,352,337,437,297,479,194,252,649,314,339,46,494,550,226,122,709,522,261,564,225,309,232,11,358,647,99,256,86,512,264,117,405,396,306,389,278,459,634,298,222,153,375,530,617,266,536,390,598,574,478,215,81,16,381,346,669,392,367,421,30,503,500,93,745,276,248,103,641,665,299,27,385,259,677,17,100,643,688,211,420,554,84,251,296,274,374,639,490,395,376,383,20,195,121,529,566,52,544,436,651,584,510,717,209,253,107,19,182,70,344,191,313,315,588,188,348,483,615,22,265,560,7,4,531,185,523,287,168,637,318,56,139,38,689,120,583,692,76,577,491,33,308,413,363,708,485,650,91,541,18,326,90,110,179,40,328,654,569,680,558,606,595,333,533,693,96,521,725,239,74,283,481,135,513,13,155,430,511,201,538,539,706,526,216,192,126,423,412,419,270,34,682,495,21,559,645,656,465,540,235,422,468,518,212,250,578,77,15,310,618,123,36,492,740,635,611,676,435,128,388,63,744,281,41,549,509,364,316,627,162,719,609,613,58,9,197,150,166,62,180,570,334,42,707,504,671,517,660,607,602,445,743,244,178,499,312,206,433,78,416,460,728,217,464,322,230,373,161,427,534,455,372,49,219,361,67,417,320,6,241,424,158,229,452,742,5,72,704,234,242,85,466,712,453,80,354,272,467,378,240,365,291,394,98,527,109,221,450,729,338,640,1,198,284,714,401,497,675,143,398,65,237,295,257,288,311,289,177,444,71,686,632,51,0,231,227,735,142,440,687,286,556,441,737,555,625,636,154,236,210,79,553,332,469,243,563,699,605,695,630,648,562,246,68,411,301,599,484,406,48,496,520,581,644,380,426,133,300,59,277,565,439,146,608,488,561,114,304,202,674,741,454,473,722,151,505,329,87,616,579,32,721,702,399,262,659,623,2,470,184,596,164,302,658,434,545,371,397,662,409,597,448,576,145,330,678,350,586,25,89,653,24,125,101,181,275,75,508,204,403,303,601,546,238,582,144,407,269,127,393,382,475,663,55,108,132,400,507,620,370,594,593,149,172,170,493,45,535,102,610,657,732,220,319,203,442,681,575,624,39,23,713,425,646,690,655,268,673,428,280,515,129,73,410,263,447,157,35,189,667,716,633,97,727,360,472,387,186,734,336,29,294,456,349,547,156,366,703,629,273,524,10,
554,258.5603094100952,162108.9559272313,156769.118957809,345,292,321,477,691,572,147,590,66,94,183,603,8,567,471,749,258,720,324,64,628,359,476,31,585,519,557,353,323,224,683,723,724,163,501,207,342,619,516,141,551,449,652,325,111,69,171,705,187,12,218,379,228,461,113,537,548,580,506,552,213,543,369,614,357,173,341,267,748,47,118,167,83,414,347,462,528,432,710,415,711,482,28,666,307,175,343,116,600,463,664,138,571,487,621,404,604,747,205,418,285,136,568,573,502,612,290,233,525,457,351,112,279,176,106,631,57,317,532,245,282,327,642,26,391,458,670,140,480,446,731,130,622,736,685,200,362,37,431,335,718,591,95,104,54,701,82,679,88,739,193,726,498,429,208,589,14,60,160,738,696,249,331,148,730,684,105,214,746,131,43,223,169,165,53,408,92,368,443,451,715,119,44,3,587,626,340,152,159,305,254,486,638,377,542,733,255,355,356,661,190,438,134,174,384,271,199,61,402,489,694,115,386,474,592,247,514,50,196,668,124,260,698,697,137,293,700,672,352,337,437,297,479,194,252,649,314,339,46,494,550,226,122,709,522,261,564,225,309,232,11,358,647,99,256,86,512,264,117,405,396,306,389,278,459,634,298,222,153,375,530,617,266,536,390,598,574,478,215,81,16,381,346,669,392,367,421,30,503,500,93,745,276,248,103,641,665,299,27,385,259,677,17,100,643,688,211,420,554,84,251,296,274,374,639,490,395,376,383,20,195,121,529,566,52,544,436,651,584,510,717,209,253,107,19,182,70,344,191,313,315,588,188,348,483,615,22,265,560,7,4,531,185,523,287,168,637,318,56,139,38,689,120,583,692,76,577,491,33,308,413,363,708,485,650,91,541,18,326,90,110,179,40,328,654,569,680,558,606,595,333,533,693,96,521,725,239,74,283,481,135,513,13,155,430,511,201,538,539,706,526,216,192,126,423,412,419,270,34,682,495,21,559,645,656,465,540,235,422,468,518,212,250,578,77,15,310,618,123,36,492,740,635,611,676,435,128,388,63,744,281,41,549,509,364,316,627,162,719,609,613,58,9,197,150,166,62,180,570,334,42,707,504,671,517,660,607,602,445,743,244,178,499,312,206,433,78,416,460,728,217,464,322,230,373,161,427,534,455,372,49,219,361,67,417,320,6,241,424,158,229,452,742,5,72,704,234,242,85,466,712,453,80,354,272,467,378,240,365,291,394,98,527,109,221,450,729,338,640,1,198,284,714,401,497,675,143,398,65,237,295,257,288,311,289,177,444,71,686,632,51,0,231,227,735,142,440,687,286,556,441,737,555,625,636,154,236,210,79,553,332,469,243,563,699,605,695,630,648,562,246,68,411,301,599,484,406,48,496,520,581,644,380,426,133,300,59,277,565,439,146,608,488,561,114,304,202,674,741,454,473,722,151,505,329,87,616,579,32,721,702,399,262,659,623,2,470,184,596,164,302,658,434,545,371,397,662,409,597,448,576,145,330,678,350,586,25,89,653,24,125,101,181,275,75,508,204,403,303,601,546,238,582,144,407,269,127,393,382,475,663,55,108,132,400,507,620,370,594,593,149,172,170,493,45,535,102,610,657,732,220,319,203,442,681,575,624,39,23,713,425,646,690,655,268,673,428,280,515,129,73,410,263,447,157,35,189,667,716,633,97,727,360,472,387,186,734,336,29,294,456,349,547,156,366,703,629,273,524,10,
555,259.1282784938812,162338.97089790375,156768.28476965867,477,691,572,147,590,66,94,183,603,8,567,471,749,258,720,324,64,628,359,476,31,585,519,557,353,323,224,683,723,724,163,501,207,342,619,516,141,551,449,652,325,111,69,171,705,187,12,218,379,228,461,113,537,548,580,506,552,213,543,369,614,357,173,341,267,748,47,118,167,83,414,347,462,528,432,710,415,711,482,28,666,307,175,343,116,600,463,664,138,571,487,621,404,604,747,205,418,285,136,568,573,502,612,290,233,525,457,351,112,279,176,106,631,57,317,532,245,282,327,642,26,391,458,670,140,480,446,731,130,622,736,685,200,362,37,431,335,718,591,95,104,54,701,82,679,88,739,193,726,498,429,208,589,14,60,160,738,696,249,331,148,730,684,105,214,746,131,43,223,169,165,53,408,92,368,443,451,715,119,44,3,587,626,340,152,159,305,254,486,638,377,542,733,255,355,356,661,190,438,134,174,384,271,199,61,402,489,694,115,386,474,592,247,514,50,196,668,124,260,698,697,137,293,700,672,352,337,437,297,479,194,252,649,314,339,46,494,550,226,122,709,522,261,564,225,309,232,11,358,647,99,256,86,512,264,117,405,396,306,389,278,459,634,298,222,153,375,530,617,266,536,390,598,574,478,215,81,16,381,346,669,392,367,421,30,503,500,93,745,276,248,103,641,665,299,27,385,259,677,17,100,643,688,211,420,554,84,251,296,274,374,639,490,395,376,383,20,195,121,529,566,52,544,436,651,584,510,717,209,253,107,19,182,70,344,191,313,315,588,188,348,483,615,22,265,560,7,4,531,185,523,287,168,637,318,56,139,38,689,120,583,692,76,577,491,33,308,413,363,708,485,650,91,541,18,326,90,110,179,40,328,654,569,680,558,606,595,333,533,693,96,521,725,239,74,283,481,135,513,13,155,430,511,201,538,539,706,526,216,192,126,423,412,419,270,34,682,495,21,559,645,656,465,540,235,422,468,518,212,250,578,77,15,310,618,123,36,492,740,635,611,676,435,128,388,63,744,281,41,549,509,364,316,627,162,719,609,613,58,9,197,150,166,62,180,570,334,42,707,504,671,517,660,607,602,445,743,244,178,499,312,206,433,78,416,460,728,217,464,322,230,373,161,427,534,455,372,49,219,361,67,417,320,6,241,424,158,229,452,742,5,72,704,23,713,425,646,690,655,268,673,428,280,515,129,73,410,263,447,157,35,189,667,527,109,221,450,729,338,640,1,198,284,714,401,497,675,143,398,65,237,295,257,288,311,289,177,444,71,686,632,51,0,231,227,735,142,440,687,286,556,441,737,555,625,636,154,236,210,79,553,332,469,243,563,699,605,695,630,648,562,246,68,411,301,599,484,406,48,496,520,581,644,380,426,133,300,59,277,565,439,146,608,488,561,114,304,202,674,741,454,473,722,151,505,329,87,616,579,32,721,702,399,262,659,623,2,470,184,596,164,302,658,434,545,371,397,662,409,597,448,576,145,330,678,350,586,25,125,24,89,653,101,181,275,508,75,303,403,204,601,546,238,582,144,407,269,127,393,382,475,663,55,108,132,400,507,620,370,594,593,149,172,170,493,45,535,102,610,657,732,220,319,203,442,681,575,624,39,234,242,85,466,712,453,80,354,272,467,378,240,365,291,394,98,716,633,97,727,360,472,387,186,734,336,29,294,456,349,547,156,366,703,629,273,524,10,345,292,321,
556,259.7253179550171,162466.0867241434,156768.28476965867,477,691,572,147,590,66,94,183,603,8,567,471,749,258,720,324,64,628,359,476,31,585,519,557,353,323,224,683,723,724,163,501,207,342,619,516,141,551,449,652,325,111,69,171,705,187,12,218,379,228,461,113,537,548,580,506,552,213,543,369,614,357,173,341,267,748,47,118,167,83,414,347,462,528,432,710,415,711,482,28,666,307,175,343,116,600,463,664,138,571,487,621,404,604,747,205,418,285,136,568,573,502,612,290,233,525,457,351,112,279,176,106,631,57,317,532,245,282,327,642,26,391,458,670,140,480,446,731,130,622,736,685,200,362,37,431,335,718,591,95,104,54,701,82,679,88,739,193,726,498,429,208,589,14,60,160,738,696,249,331,148,730,684,105,214,746,131,43,223,169,165,53,408,92,368,443,451,715,119,44,3,587,626,340,152,159,305,254,486,638,377,542,733,255,355,356,661,190,438,134,174,384,271,199,61,402,489,694,115,386,474,592,247,514,50,196,668,124,260,698,697,137,293,700,672,352,337,437,297,479,194,252,649,314,339,46,494,550,226,122,709,522,261,564,225,309,232,11,358,647,99,256,86,512,264,117,405,396,306,389,278,459,634,298,222,153,375,530,617,266,536,390,598,574,478,215,81,16,381,346,669,392,367,421,30,503,500,93,745,276,248,103,641,665,299,27,385,259,677,17,100,643,688,211,420,554,84,251,296,274,374,639,490,395,376,383,20,195,121,529,566,52,544,436,651,584,510,717,209,253,107,19,182,70,344,191,313,315,588,188,348,483,615,22,265,560,7,4,531,185,523,287,168,637,318,56,139,38,689,120,583,692,76,577,491,33,308,413,363,708,485,650,91,541,18,326,90,110,179,40,328,654,569,680,558,606,595,333,533,693,96,521,725,239,74,283,481,135,513,13,155,430,511,201,538,539,706,526,216,192,126,423,412,419,270,34,682,495,21,559,645,656,465,540,235,422,468,518,212,250,578,77,15,310,618,123,36,492,740,635,611,676,435,128,388,63,744,281,41,549,509,364,316,627,162,719,609,613,58,9,197,150,166,62,180,570,334,42,707,504,671,517,660,607,602,445,743,244,178,499,312,206,433,78,416,460,728,217,464,322,230,373,161,427,534,455,372,49,219,361,67,417,320,6,241,424,158,229,452,742,5,72,704,23,713,425,646,690,655,268,673,428,280,515,129,73,410,263,447,157,35,189,667,527,109,221,450,729,338,640,1,198,284,714,401,497,675,143,398,65,237,295,257,288,311,289,177,444,71,686,632,51,0,231,227,735,142,440,687,286,556,441,737,555,625,636,154,236,210,79,553,332,469,243,563,699,605,695,630,648,562,246,68,411,301,599,484,406,48,496,520,581,644,380,426,133,300,59,277,565,439,146,608,488,561,114,304,202,674,741,454,473,722,151,505,329,87,616,579,32,721,702,399,262,659,623,2,470,184,596,164,302,658,434,545,371,397,662,409,597,448,576,145,330,678,350,586,25,125,24,89,653,101,181,275,508,75,303,403,204,601,546,238,582,144,407,269,127,393,382,475,663,55,108,132,400,507,620,370,594,593,149,172,170,493,45,535,102,610,657,732,220,319,203,442,681,575,624,39,234,242,85,466,712,453,80,354,272,467,378,240,365,291,394,98,716,633,97,727,360,472,387,186,734,336,29,294,456,349,547,156,366,703,629,273,524,10,345,292,321,
557,260.3279731273651,161111.66726410433,156768.28476965867,477,691,572,147,590,66,94,183,603,8,567,471,749,258,720,324,64,628,359,476,31,585,519,557,353,323,224,683,723,724,163,501,207,342,619,516,141,551,449,652,325,111,69,171,705,187,12,218,379,228,461,113,537,548,580,506,552,213,543,369,614,357,173,341,267,748,47,118,167,83,414,347,462,528,432,710,415,711,482,28,666,307,175,343,116,600,463,664,138,571,487,621,404,604,747,205,418,285,136,568,573,502,612,290,233,525,457,351,112,279,176,106,631,57,317,532,245,282,327,642,26,391,458,670,140,480,446,731,130,622,736,685,200,362,37,431,335,718,591,95,104,54,701,82,679,88,739,193,726,498,429,208,589,14,60,160,738,696,249,331,148,730,684,105,214,746,131,43,223,169,165,53,408,92,368,443,451,715,119,44,3,587,626,340,152,159,305,254,486,638,377,542,733,255,355,356,661,190,438,134,174,384,271,199,61,402,489,694,115,386,474,592,247,514,50,196,668,124,260,698,697,137,293,700,672,352,337,437,297,479,194,252,649,314,339,46,494,550,226,122,709,522,261,564,225,309,232,11,358,647,99,256,86,512,264,117,405,396,306,389,278,459,634,298,222,153,375,530,617,266,536,390,598,574,478,215,81,16,381,346,669,392,367,421,30,503,500,93,745,276,248,103,641,665,299,27,385,259,677,17,100,643,688,211,420,554,84,251,296,274,374,639,490,395,376,383,20,195,121,529,566,52,544,436,651,584,510,717,209,253,107,19,182,70,344,191,313,315,588,188,348,483,615,22,265,560,7,4,531,185,523,287,168,637,318,56,139,38,689,120,583,692,76,577,491,33,308,413,363,708,485,650,91,541,18,326,90,110,179,40,328,654,569,680,558,606,595,333,533,693,96,521,725,239,74,283,481,135,513,13,155,430,511,201,538,539,706,526,216,192,126,423,412,419,270,34,682,495,21,559,645,656,465,540,235,422,468,518,212,250,578,77,15,310,618,123,36,492,740,635,611,676,435,128,388,63,744,281,41,549,509,364,316,627,162,719,609,613,58,9,197,150,166,62,180,570,334,42,707,504,671,517,660,607,602,445,743,244,178,499,312,206,433,78,416,460,728,217,464,322,230,373,161,427,534,455,372,49,219,361,67,417,320,6,241,424,158,229,452,742,5,72,704,23,713,425,646,690,655,268,673,428,280,515,129,73,410,263,447,157,35,189,667,527,109,221,450,729,338,640,1,198,284,714,401,497,675,143,398,65,237,295,257,288,311,289,177,444,71,686,632,51,0,231,227,735,142,440,687,286,556,441,737,555,625,636,154,236,210,79,553,332,469,243,563,699,605,695,630,648,562,246,68,411,301,599,484,406,48,496,520,581,644,380,426,133,300,59,277,565,439,146,608,488,561,114,304,202,674,741,454,473,722,151,505,329,87,616,579,32,721,702,399,262,659,623,2,470,184,596,164,302,658,434,545,371,397,662,409,597,448,576,145,330,678,350,586,25,125,24,89,653,101,181,275,508,75,303,403,204,601,546,238,582,144,407,269,127,393,382,475,663,55,108,132,400,507,620,370,594,593,149,172,170,493,45,535,102,610,657,732,220,319,203,442,681,575,624,39,234,242,85,466,712,453,80,354,272,467,378,240,365,291,394,98,716,633,97,727,360,472,387,186,734,336,29,294,456,349,547,156,366,703,629,273,524,10,345,292,321,
558,260.8089437484741,161733.72579987696,156768.28476965867,477,691,572,147,590,66,94,183,603,8,567,471,749,258,720,324,64,628,359,476,31,585,519,557,353,323,224,683,723,724,163,501,207,342,619,516,141,551,449,652,325,111,69,171,705,187,12,218,379,228,461,113,537,548,580,506,552,213,543,369,614,357,173,341,267,748,47,118,167,83,414,347,462,528,432,710,415,711,482,28,666,307,175,343,116,600,463,664,138,571,487,621,404,604,747,205,418,285,136,568,573,502,612,290,233,525,457,351,112,279,176,106,631,57,317,532,245,282,327,642,26,391,458,670,140,480,446,731,130,622,736,685,200,362,37,431,335,718,591,95,104,54,701,82,679,88,739,193,726,498,429,208,589,14,60,160,738,696,249,331,148,730,684,105,214,746,131,43,223,169,165,53,408,92,368,443,451,715,119,44,3,587,626,340,152,159,305,254,486,638,377,542,733,255,355,356,661,190,438,134,174,384,271,199,61,402,489,694,115,386,474,592,247,514,50,196,668,124,260,698,697,137,293,700,672,352,337,437,297,479,194,252,649,314,339,46,494,550,226,122,709,522,261,564,225,309,232,11,358,647,99,256,86,512,264,117,405,396,306,389,278,459,634,298,222,153,375,530,617,266,536,390,598,574,478,215,81,16,381,346,669,392,367,421,30,503,500,93,745,276,248,103,641,665,299,27,385,259,677,17,100,643,688,211,420,554,84,251,296,274,374,639,490,395,376,383,20,195,121,529,566,52,544,436,651,584,510,717,209,253,107,19,182,70,344,191,313,315,588,188,348,483,615,22,265,560,7,4,531,185,523,287,168,637,318,56,139,38,689,120,583,692,76,577,491,33,308,413,363,708,485,650,91,541,18,326,90,110,179,40,328,654,569,680,558,606,595,333,533,693,96,521,725,239,74,283,481,135,513,13,155,430,511,201,538,539,706,526,216,192,126,423,412,419,270,34,682,495,21,559,645,656,465,540,235,422,468,518,212,250,578,77,15,310,618,123,36,492,740,635,611,676,435,128,388,63,744,281,41,549,509,364,316,627,162,719,609,613,58,9,197,150,166,62,180,570,334,42,707,504,671,517,660,607,602,445,743,244,178,499,312,206,433,78,416,460,728,217,464,322,230,373,161,427,534,455,372,49,219,361,67,417,320,6,241,424,158,229,452,742,5,72,704,23,713,425,646,690,655,268,673,428,280,515,129,73,410,263,447,157,35,189,667,527,109,221,450,729,338,640,1,198,284,714,401,497,675,143,398,65,237,295,257,288,311,289,177,444,71,686,632,51,0,231,227,735,142,440,687,286,556,441,737,555,625,636,154,236,210,79,553,332,469,243,563,699,605,695,630,648,562,246,68,411,301,599,484,406,48,496,520,581,644,380,426,133,300,59,277,565,439,146,608,488,561,114,304,202,674,741,454,473,722,151,505,329,87,616,579,32,721,702,399,262,659,623,2,470,184,596,164,302,658,434,545,371,397,662,409,597,448,576,145,330,678,350,586,25,125,24,89,653,101,181,275,508,75,303,403,204,601,546,238,582,144,407,269,127,393,382,475,663,55,108,132,400,507,620,370,594,593,149,172,170,493,45,535,102,610,657,732,220,319,203,442,681,575,624,39,234,242,85,466,712,453,80,354,272,467,378,240,365,291,394,98,716,633,97,727,360,472,387,186,734,336,29,294,456,349,547,156,366,703,629,273,524,10,345,292,321,
559,261.22943472862244,161026.2073161079,156768.28476965867,477,691,572,147,590,66,94,183,603,8,567,471,749,258,720,324,64,628,359,476,31,585,519,557,353,323,224,683,723,724,163,501,207,342,619,516,141,551,449,652,325,111,69,171,705,187,12,218,379,228,461,113,537,548,580,506,552,213,543,369,614,357,173,341,267,748,47,118,167,83,414,347,462,528,432,710,415,711,482,28,666,307,175,343,116,600,463,664,138,571,487,621,404,604,747,205,418,285,136,568,573,502,612,290,233,525,457,351,112,279,176,106,631,57,317,532,245,282,327,642,26,391,458,670,140,480,446,731,130,622,736,685,200,362,37,431,335,718,591,95,104,54,701,82,679,88,739,193,726,498,429,208,589,14,60,160,738,696,249,331,148,730,684,105,214,746,131,43,223,169,165,53,408,92,368,443,451,715,119,44,3,587,626,340,152,159,305,254,486,638,377,542,733,255,355,356,661,190,438,134,174,384,271,199,61,402,489,694,115,386,474,592,247,514,50,196,668,124,260,698,697,137,293,700,672,352,337,437,297,479,194,252,649,314,339,46,494,550,226,122,709,522,261,564,225,309,232,11,358,647,99,256,86,512,264,117,405,396,306,389,278,459,634,298,222,153,375,530,617,266,536,390,598,574,478,215,81,16,381,346,669,392,367,421,30,503,500,93,745,276,248,103,641,665,299,27,385,259,677,17,100,643,688,211,420,554,84,251,296,274,374,639,490,395,376,383,20,195,121,529,566,52,544,436,651,584,510,717,209,253,107,19,182,70,344,191,313,315,588,188,348,483,615,22,265,560,7,4,531,185,523,287,168,637,318,56,139,38,689,120,583,692,76,577,491,33,308,413,363,708,485,650,91,541,18,326,90,110,179,40,328,654,569,680,558,606,595,333,533,693,96,521,725,239,74,283,481,135,513,13,155,430,511,201,538,539,706,526,216,192,126,423,412,419,270,34,682,495,21,559,645,656,465,540,235,422,468,518,212,250,578,77,15,310,618,123,36,492,740,635,611,676,435,128,388,63,744,281,41,549,509,364,316,627,162,719,609,613,58,9,197,150,166,62,180,570,334,42,707,504,671,517,660,607,602,445,743,244,178,499,312,206,433,78,416,460,728,217,464,322,230,373,161,427,534,455,372,49,219,361,67,417,320,6,241,424,158,229,452,742,5,72,704,23,713,425,646,690,655,268,673,428,280,515,129,73,410,263,447,157,35,189,667,527,109,221,450,729,338,640,1,198,284,714,401,497,675,143,398,65,237,295,257,288,311,289,177,444,71,686,632,51,0,231,227,735,142,440,687,286,556,441,737,555,625,636,154,236,210,79,553,332,469,243,563,699,605,695,630,648,562,246,68,411,301,599,484,406,48,496,520,581,644,380,426,133,300,59,277,565,439,146,608,488,561,114,304,202,674,741,454,473,722,151,505,329,87,616,579,32,721,702,399,262,659,623,2,470,184,596,164,302,658,434,545,371,397,662,409,597,448,576,145,330,678,350,586,25,125,24,89,653,101,181,275,508,75,303,403,204,601,546,238,582,144,407,269,127,393,382,475,663,55,108,132,400,507,620,370,594,593,149,172,170,493,45,535,102,610,657,732,220,319,203,442,681,575,624,39,234,242,85,466,712,453,80,354,272,467,378,240,365,291,394,98,716,633,97,727,360,472,387,186,734,336,29,294,456,349,547,156,366,703,629,273,524,10,345,292,321,
560,261.8504056930542,162408.5566165585,156768.28476965867,477,691,572,147,590,66,94,183,603,8,567,471,749,258,720,324,64,628,359,476,31,585,519,557,353,323,224,683,723,724,163,501,207,342,619,516,141,551,449,652,325,111,69,171,705,187,12,218,379,228,461,113,537,548,580,506,552,213,543,369,614,357,173,341,267,748,47,118,167,83,414,347,462,528,432,710,415,711,482,28,666,307,175,343,116,600,463,664,138,571,487,621,404,604,747,205,418,285,136,568,573,502,612,290,233,525,457,351,112,279,176,106,631,57,317,532,245,282,327,642,26,391,458,670,140,480,446,731,130,622,736,685,200,362,37,431,335,718,591,95,104,54,701,82,679,88,739,193,726,498,429,208,589,14,60,160,738,696,249,331,148,730,684,105,214,746,131,43,223,169,165,53,408,92,368,443,451,715,119,44,3,587,626,340,152,159,305,254,486,638,377,542,733,255,355,356,661,190,438,134,174,384,271,199,61,402,489,694,115,386,474,592,247,514,50,196,668,124,260,698,697,137,293,700,672,352,337,437,297,479,194,252,649,314,339,46,494,550,226,122,709,522,261,564,225,309,232,11,358,647,99,256,86,512,264,117,405,396,306,389,278,459,634,298,222,153,375,530,617,266,536,390,598,574,478,215,81,16,381,346,669,392,367,421,30,503,500,93,745,276,248,103,641,665,299,27,385,259,677,17,100,643,688,211,420,554,84,251,296,274,374,639,490,395,376,383,20,195,121,529,566,52,544,436,651,584,510,717,209,253,107,19,182,70,344,191,313,315,588,188,348,483,615,22,265,560,7,4,531,185,523,287,168,637,318,56,139,38,689,120,583,692,76,577,491,33,308,413,363,708,485,650,91,541,18,326,90,110,179,40,328,654,569,680,558,606,595,333,533,693,96,521,725,239,74,283,481,135,513,13,155,430,511,201,538,539,706,526,216,192,126,423,412,419,270,34,682,495,21,559,645,656,465,540,235,422,468,518,212,250,578,77,15,310,618,123,36,492,740,635,611,676,435,128,388,63,744,281,41,549,509,364,316,627,162,719,609,613,58,9,197,150,166,62,180,570,334,42,707,504,671,517,660,607,602,445,743,244,178,499,312,206,433,78,416,460,728,217,464,322,230,373,161,427,534,455,372,49,219,361,67,417,320,6,241,424,158,229,452,742,5,72,704,23,713,425,646,690,655,268,673,428,280,515,129,73,410,263,447,157,35,189,667,527,109,221,450,729,338,640,1,198,284,714,401,497,675,143,398,65,237,295,257,288,311,289,177,444,71,686,632,51,0,231,227,735,142,440,687,286,556,441,737,555,625,636,154,236,210,79,553,332,469,243,563,699,605,695,630,648,562,246,68,411,301,599,484,406,48,496,520,581,644,380,426,133,300,59,277,565,439,146,608,488,561,114,304,202,674,741,454,473,722,151,505,329,87,616,579,32,721,702,399,262,659,623,2,470,184,596,164,302,658,434,545,371,397,662,409,597,448,576,145,330,678,350,586,25,125,24,89,653,101,181,275,508,75,303,403,204,601,546,238,582,144,407,269,127,393,382,475,663,55,108,132,400,507,620,370,594,593,149,172,170,493,45,535,102,610,657,732,220,319,203,442,681,575,624,39,234,242,85,466,712,453,80,354,272,467,378,240,365,291,394,98,716,633,97,727,360,472,387,186,734,336,29,294,456,349,547,156,366,703,629,273,524,10,345,292,321,
561,262.46333956718445,161992.49169670037,156768.28476965867,477,691,572,147,590,66,94,183,603,8,567,471,749,258,720,324,64,628,359,476,31,585,519,557,353,323,224,683,723,724,163,501,207,342,619,516,141,551,449,652,325,111,69,171,705,187,12,218,379,228,461,113,537,548,580,506,552,213,543,369,614,357,173,341,267,748,47,118,167,83,414,347,462,528,432,710,415,711,482,28,666,307,175,343,116,600,463,664,138,571,487,621,404,604,747,205,418,285,136,568,573,502,612,290,233,525,457,351,112,279,176,106,631,57,317,532,245,282,327,642,26,391,458,670,140,480,446,731,130,622,736,685,200,362,37,431,335,718,591,95,104,54,701,82,679,88,739,193,726,498,429,208,589,14,60,160,738,696,249,331,148,730,684,105,214,746,131,43,223,169,165,53,408,92,368,443,451,715,119,44,3,587,626,340,152,159,305,254,486,638,377,542,733,255,355,356,661,190,438,134,174,384,271,199,61,402,489,694,115,386,474,592,247,514,50,196,668,124,260,698,697,137,293,700,672,352,337,437,297,479,194,252,649,314,339,46,494,550,226,122,709,522,261,564,225,309,232,11,358,647,99,256,86,512,264,117,405,396,306,389,278,459,634,298,222,153,375,530,617,266,536,390,598,574,478,215,81,16,381,346,669,392,367,421,30,503,500,93,745,276,248,103,641,665,299,27,385,259,677,17,100,643,688,211,420,554,84,251,296,274,374,639,490,395,376,383,20,195,121,529,566,52,544,436,651,584,510,717,209,253,107,19,182,70,344,191,313,315,588,188,348,483,615,22,265,560,7,4,531,185,523,287,168,637,318,56,139,38,689,120,583,692,76,577,491,33,308,413,363,708,485,650,91,541,18,326,90,110,179,40,328,654,569,680,558,606,595,333,533,693,96,521,725,239,74,283,481,135,513,13,155,430,511,201,538,539,706,526,216,192,126,423,412,419,270,34,682,495,21,559,645,656,465,540,235,422,468,518,212,250,578,77,15,310,618,123,36,492,740,635,611,676,435,128,388,63,744,281,41,549,509,364,316,627,162,719,609,613,58,9,197,150,166,62,180,570,334,42,707,504,671,517,660,607,602,445,743,244,178,499,312,206,433,78,416,460,728,217,464,322,230,373,161,427,534,455,372,49,219,361,67,417,320,6,241,424,158,229,452,742,5,72,704,23,713,425,646,690,655,268,673,428,280,515,129,73,410,263,447,157,35,189,667,527,109,221,450,729,338,640,1,198,284,714,401,497,675,143,398,65,237,295,257,288,311,289,177,444,71,686,632,51,0,231,227,735,142,440,687,286,556,441,737,555,625,636,154,236,210,79,553,332,469,243,563,699,605,695,630,648,562,246,68,411,301,599,484,406,48,496,520,581,644,380,426,133,300,59,277,565,439,146,608,488,561,114,304,202,674,741,454,473,722,151,505,329,87,616,579,32,721,702,399,262,659,623,2,470,184,596,164,302,658,434,545,371,397,662,409,597,448,576,145,330,678,350,586,25,125,24,89,653,101,181,275,508,75,303,403,204,601,546,238,582,144,407,269,127,393,382,475,663,55,108,132,400,507,620,370,594,593,149,172,170,493,45,535,102,610,657,732,220,319,203,442,681,575,624,39,234,242,85,466,712,453,80,354,272,467,378,240,365,291,394,98,716,633,97,727,360,472,387,186,734,336,29,294,456,349,547,156,366,703,629,273,524,10,345,292,321,
562,263.07841205596924,163242.73873713295,156768.28476965867,477,691,572,147,590,66,94,183,603,8,567,471,749,258,720,324,64,628,359,476,31,585,519,557,353,323,224,683,723,724,163,501,207,342,619,516,141,551,449,652,325,111,69,171,705,187,12,218,379,228,461,113,537,548,580,506,552,213,543,369,614,357,173,341,267,748,47,118,167,83,414,347,462,528,432,710,415,711,482,28,666,307,175,343,116,600,463,664,138,571,487,621,404,604,747,205,418,285,136,568,573,502,612,290,233,525,457,351,112,279,176,106,631,57,317,532,245,282,327,642,26,391,458,670,140,480,446,731,130,622,736,685,200,362,37,431,335,718,591,95,104,54,701,82,679,88,739,193,726,498,429,208,589,14,60,160,738,696,249,331,148,730,684,105,214,746,131,43,223,169,165,53,408,92,368,443,451,715,119,44,3,587,626,340,152,159,305,254,486,638,377,542,733,255,355,356,661,190,438,134,174,384,271,199,61,402,489,694,115,386,474,592,247,514,50,196,668,124,260,698,697,137,293,700,672,352,337,437,297,479,194,252,649,314,339,46,494,550,226,122,709,522,261,564,225,309,232,11,358,647,99,256,86,512,264,117,405,396,306,389,278,459,634,298,222,153,375,530,617,266,536,390,598,574,478,215,81,16,381,346,669,392,367,421,30,503,500,93,745,276,248,103,641,665,299,27,385,259,677,17,100,643,688,211,420,554,84,251,296,274,374,639,490,395,376,383,20,195,121,529,566,52,544,436,651,584,510,717,209,253,107,19,182,70,344,191,313,315,588,188,348,483,615,22,265,560,7,4,531,185,523,287,168,637,318,56,139,38,689,120,583,692,76,577,491,33,308,413,363,708,485,650,91,541,18,326,90,110,179,40,328,654,569,680,558,606,595,333,533,693,96,521,725,239,74,283,481,135,513,13,155,430,511,201,538,539,706,526,216,192,126,423,412,419,270,34,682,495,21,559,645,656,465,540,235,422,468,518,212,250,578,77,15,310,618,123,36,492,740,635,611,676,435,128,388,63,744,281,41,549,509,364,316,627,162,719,609,613,58,9,197,150,166,62,180,570,334,42,707,504,671,517,660,607,602,445,743,244,178,499,312,206,433,78,416,460,728,217,464,322,230,373,161,427,534,455,372,49,219,361,67,417,320,6,241,424,158,229,452,742,5,72,704,23,713,425,646,690,655,268,673,428,280,515,129,73,410,263,447,157,35,189,667,527,109,221,450,729,338,640,1,198,284,714,401,497,675,143,398,65,237,295,257,288,311,289,177,444,71,686,632,51,0,231,227,735,142,440,687,286,556,441,737,555,625,636,154,236,210,79,553,332,469,243,563,699,605,695,630,648,562,246,68,411,301,599,484,406,48,496,520,581,644,380,426,133,300,59,277,565,439,146,608,488,561,114,304,202,674,741,454,473,722,151,505,329,87,616,579,32,721,702,399,262,659,623,2,470,184,596,164,302,658,434,545,371,397,662,409,597,448,576,145,330,678,350,586,25,125,24,89,653,101,181,275,508,75,303,403,204,601,546,238,582,144,407,269,127,393,382,475,663,55,108,132,400,507,620,370,594,593,149,172,170,493,45,535,102,610,657,732,220,319,203,442,681,575,624,39,234,242,85,466,712,453,80,354,272,467,378,240,365,291,394,98,716,633,97,727,360,472,387,186,734,336,29,294,456,349,547,156,366,703,629,273,524,10,345,292,321,
563,263.5835371017456,163829.3474038198,156655.69530405666,477,691,572,147,590,66,94,183,603,8,567,471,749,258,720,324,64,628,359,476,31,585,519,557,353,323,224,683,723,724,163,501,207,342,619,516,141,551,449,652,325,111,69,171,705,187,12,218,379,228,461,113,537,548,580,506,552,213,543,369,614,357,173,341,267,748,47,118,167,83,414,347,462,528,432,710,415,711,482,28,666,307,175,343,116,600,463,664,138,571,487,621,404,604,747,205,418,285,136,568,573,502,612,290,233,525,457,351,112,279,176,106,631,57,317,532,245,282,327,642,26,391,458,670,140,480,446,731,130,622,736,685,200,362,37,431,335,718,591,95,104,54,701,82,679,88,739,193,726,498,429,208,589,14,60,160,738,696,249,331,148,730,684,105,214,746,131,43,223,169,165,53,408,92,368,443,451,715,119,44,3,587,626,340,152,159,305,254,486,638,377,542,733,255,355,356,661,190,438,134,174,384,271,199,61,402,489,694,115,386,474,592,247,514,50,196,668,124,260,698,697,137,293,700,672,352,337,437,297,479,194,252,649,314,339,46,494,550,226,122,709,522,261,564,225,309,232,11,358,647,99,256,86,512,264,117,405,396,306,389,278,459,634,298,222,153,375,530,617,266,536,390,598,574,478,215,81,16,381,346,669,392,367,421,30,503,500,93,745,276,248,103,641,665,299,27,385,259,677,17,100,643,688,211,420,554,84,251,296,274,374,639,490,395,376,383,20,195,121,529,566,52,544,436,651,584,510,717,209,253,107,19,182,70,344,191,313,315,588,188,348,483,615,22,265,560,7,4,531,185,523,287,168,637,318,56,139,38,689,120,583,692,76,577,491,33,308,413,363,708,485,650,91,541,18,326,90,110,179,40,328,654,569,680,558,606,595,333,533,693,96,521,725,239,74,283,481,135,513,13,155,430,511,201,538,539,706,526,216,192,126,423,412,419,270,34,682,495,21,559,645,656,465,540,235,422,468,518,212,250,578,77,15,310,618,123,36,492,740,635,611,676,435,128,388,63,744,281,41,549,509,364,316,627,162,719,609,613,58,9,197,150,166,62,180,570,334,42,707,504,671,517,660,607,602,445,743,244,178,499,312,206,433,78,416,460,728,217,464,322,230,373,161,427,534,455,372,49,219,361,67,417,320,6,241,424,158,229,452,742,5,72,704,234,242,85,466,712,453,80,354,272,467,378,240,365,291,394,98,527,109,221,450,729,338,640,1,198,284,714,401,497,675,143,398,65,237,295,257,288,311,289,177,444,71,686,632,51,0,231,227,735,142,440,687,286,556,441,737,555,625,636,154,236,210,79,553,332,469,243,563,699,605,695,630,648,562,246,68,411,301,599,484,406,48,496,520,581,644,380,426,133,300,59,277,565,439,146,608,488,561,114,304,202,674,741,454,473,722,151,505,329,87,616,579,32,721,702,399,262,659,623,2,470,184,596,164,302,658,434,545,371,397,662,409,597,448,576,145,330,678,350,586,25,125,24,89,653,101,181,275,508,75,303,403,204,601,546,238,582,144,407,269,127,393,382,475,663,55,108,132,400,507,620,370,594,593,149,172,170,493,45,535,102,610,657,732,220,319,203,442,681,575,624,39,23,713,425,646,690,655,268,673,428,280,515,129,73,410,263,447,157,35,189,667,716,633,97,727,360,472,387,186,734,336,29,294,456,349,547,156,366,703,629,273,524,10,345,292,321,
564,264.1301805973053,inf,156655.69530405666,477,691,572,147,590,66,94,183,603,8,567,471,749,258,720,324,64,628,359,476,31,585,519,557,353,323,224,683,723,724,163,501,207,342,619,516,141,551,449,652,325,111,69,171,705,187,12,218,379,228,461,113,537,548,580,506,552,213,543,369,614,357,173,341,267,748,47,118,167,83,414,347,462,528,432,710,415,711,482,28,666,307,175,343,116,600,463,664,138,571,487,621,404,604,747,205,418,285,136,568,573,502,612,290,233,525,457,351,112,279,176,106,631,57,317,532,245,282,327,642,26,391,458,670,140,480,446,731,130,622,736,685,200,362,37,431,335,718,591,95,104,54,701,82,679,88,739,193,726,498,429,208,589,14,60,160,738,696,249,331,148,730,684,105,214,746,131,43,223,169,165,53,408,92,368,443,451,715,119,44,3,587,626,340,152,159,305,254,486,638,377,542,733,255,355,356,661,190,438,134,174,384,271,199,61,402,489,694,115,386,474,592,247,514,50,196,668,124,260,698,697,137,293,700,672,352,337,437,297,479,194,252,649,314,339,46,494,550,226,122,709,522,261,564,225,309,232,11,358,647,99,256,86,512,264,117,405,396,306,389,278,459,634,298,222,153,375,530,617,266,536,390,598,574,478,215,81,16,381,346,669,392,367,421,30,503,500,93,745,276,248,103,641,665,299,27,385,259,677,17,100,643,688,211,420,554,84,251,296,274,374,639,490,395,376,383,20,195,121,529,566,52,544,436,651,584,510,717,209,253,107,19,182,70,344,191,313,315,588,188,348,483,615,22,265,560,7,4,531,185,523,287,168,637,318,56,139,38,689,120,583,692,76,577,491,33,308,413,363,708,485,650,91,541,18,326,90,110,179,40,328,654,569,680,558,606,595,333,533,693,96,521,725,239,74,283,481,135,513,13,155,430,511,201,538,539,706,526,216,192,126,423,412,419,270,34,682,495,21,559,645,656,465,540,235,422,468,518,212,250,578,77,15,310,618,123,36,492,740,635,611,676,435,128,388,63,744,281,41,549,509,364,316,627,162,719,609,613,58,9,197,150,166,62,180,570,334,42,707,504,671,517,660,607,602,445,743,244,178,499,312,206,433,78,416,460,728,217,464,322,230,373,161,427,534,455,372,49,219,361,67,417,320,6,241,424,158,229,452,742,5,72,704,234,242,85,466,712,453,80,354,272,467,378,240,365,291,394,98,527,109,221,450,729,338,640,1,198,284,714,401,497,675,143,398,65,237,295,257,288,311,289,177,444,71,686,632,51,0,231,227,735,142,440,687,286,556,441,737,555,625,636,154,236,210,79,553,332,469,243,563,699,605,695,630,648,562,246,68,411,301,599,484,406,48,496,520,581,644,380,426,133,300,59,277,565,439,146,608,488,561,114,304,202,674,741,454,473,722,151,505,329,87,616,579,32,721,702,399,262,659,623,2,470,184,596,164,302,658,434,545,371,397,662,409,597,448,576,145,330,678,350,586,25,125,24,89,653,101,181,275,508,75,303,403,204,601,546,238,582,144,407,269,127,393,382,475,663,55,108,132,400,507,620,370,594,593,149,172,170,493,45,535,102,610,657,732,220,319,203,442,681,575,624,39,23,713,425,646,690,655,268,673,428,280,515,129,73,410,263,447,157,35,189,667,716,633,97,727,360,472,387,186,734,336,29,294,456,349,547,156,366,703,629,273,524,10,345,292,321,
565,264.6624331474304,161156.32902157225,156655.69530405666,477,691,572,147,590,66,94,183,603,8,567,471,749,258,720,324,64,628,359,476,31,585,519,557,353,323,224,683,723,724,163,501,207,342,619,516,141,551,449,652,325,111,69,171,705,187,12,218,379,228,461,113,537,548,580,506,552,213,543,369,614,357,173,341,267,748,47,118,167,83,414,347,462,528,432,710,415,711,482,28,666,307,175,343,116,600,463,664,138,571,487,621,404,604,747,205,418,285,136,568,573,502,612,290,233,525,457,351,112,279,176,106,631,57,317,532,245,282,327,642,26,391,458,670,140,480,446,731,130,622,736,685,200,362,37,431,335,718,591,95,104,54,701,82,679,88,739,193,726,498,429,208,589,14,60,160,738,696,249,331,148,730,684,105,214,746,131,43,223,169,165,53,408,92,368,443,451,715,119,44,3,587,626,340,152,159,305,254,486,638,377,542,733,255,355,356,661,190,438,134,174,384,271,199,61,402,489,694,115,386,474,592,247,514,50,196,668,124,260,698,697,137,293,700,672,352,337,437,297,479,194,252,649,314,339,46,494,550,226,122,709,522,261,564,225,309,232,11,358,647,99,256,86,512,264,117,405,396,306,389,278,459,634,298,222,153,375,530,617,266,536,390,598,574,478,215,81,16,381,346,669,392,367,421,30,503,500,93,745,276,248,103,641,665,299,27,385,259,677,17,100,643,688,211,420,554,84,251,296,274,374,639,490,395,376,383,20,195,121,529,566,52,544,436,651,584,510,717,209,253,107,19,182,70,344,191,313,315,588,188,348,483,615,22,265,560,7,4,531,185,523,287,168,637,318,56,139,38,689,120,583,692,76,577,491,33,308,413,363,708,485,650,91,541,18,326,90,110,179,40,328,654,569,680,558,606,595,333,533,693,96,521,725,239,74,283,481,135,513,13,155,430,511,201,538,539,706,526,216,192,126,423,412,419,270,34,682,495,21,559,645,656,465,540,235,422,468,518,212,250,578,77,15,310,618,123,36,492,740,635,611,676,435,128,388,63,744,281,41,549,509,364,316,627,162,719,609,613,58,9,197,150,166,62,180,570,334,42,707,504,671,517,660,607,602,445,743,244,178,499,312,206,433,78,416,460,728,217,464,322,230,373,161,427,534,455,372,49,219,361,67,417,320,6,241,424,158,229,452,742,5,72,704,234,242,85,466,712,453,80,354,272,467,378,240,365,291,394,98,527,109,221,450,729,338,640,1,198,284,714,401,497,675,143,398,65,237,295,257,288,311,289,177,444,71,686,632,51,0,231,227,735,142,440,687,286,556,441,737,555,625,636,154,236,210,79,553,332,469,243,563,699,605,695,630,648,562,246,68,411,301,599,484,406,48,496,520,581,644,380,426,133,300,59,277,565,439,146,608,488,561,114,304,202,674,741,454,473,722,151,505,329,87,616,579,32,721,702,399,262,659,623,2,470,184,596,164,302,658,434,545,371,397,662,409,597,448,576,145,330,678,350,586,25,125,24,89,653,101,181,275,508,75,303,403,204,601,546,238,582,144,407,269,127,393,382,475,663,55,108,132,400,507,620,370,594,593,149,172,170,493,45,535,102,610,657,732,220,319,203,442,681,575,624,39,23,713,425,646,690,655,268,673,428,280,515,129,73,410,263,447,157,35,189,667,716,633,97,727,360,472,387,186,734,336,29,294,456,349,547,156,366,703,629,273,524,10,345,292,321,
566,265.15875697135925,159490.10106510812,156655.69530405666,477,691,572,147,590,66,94,183,603,8,567,471,749,258,720,324,64,628,359,476,31,585,519,557,353,323,224,683,723,724,163,501,207,342,619,516,141,551,449,652,325,111,69,171,705,187,12,218,379,228,461,113,537,548,580,506,552,213,543,369,614,357,173,341,267,748,47,118,167,83,414,347,462,528,432,710,415,711,482,28,666,307,175,343,116,600,463,664,138,571,487,621,404,604,747,205,418,285,136,568,573,502,612,290,233,525,457,351,112,279,176,106,631,57,317,532,245,282,327,642,26,391,458,670,140,480,446,731,130,622,736,685,200,362,37,431,335,718,591,95,104,54,701,82,679,88,739,193,726,498,429,208,589,14,60,160,738,696,249,331,148,730,684,105,214,746,131,43,223,169,165,53,408,92,368,443,451,715,119,44,3,587,626,340,152,159,305,254,486,638,377,542,733,255,355,356,661,190,438,134,174,384,271,199,61,402,489,694,115,386,474,592,247,514,50,196,668,124,260,698,697,137,293,700,672,352,337,437,297,479,194,252,649,314,339,46,494,550,226,122,709,522,261,564,225,309,232,11,358,647,99,256,86,512,264,117,405,396,306,389,278,459,634,298,222,153,375,530,617,266,536,390,598,574,478,215,81,16,381,346,669,392,367,421,30,503,500,93,745,276,248,103,641,665,299,27,385,259,677,17,100,643,688,211,420,554,84,251,296,274,374,639,490,395,376,383,20,195,121,529,566,52,544,436,651,584,510,717,209,253,107,19,182,70,344,191,313,315,588,188,348,483,615,22,265,560,7,4,531,185,523,287,168,637,318,56,139,38,689,120,583,692,76,577,491,33,308,413,363,708,485,650,91,541,18,326,90,110,179,40,328,654,569,680,558,606,595,333,533,693,96,521,725,239,74,283,481,135,513,13,155,430,511,201,538,539,706,526,216,192,126,423,412,419,270,34,682,495,21,559,645,656,465,540,235,422,468,518,212,250,578,77,15,310,618,123,36,492,740,635,611,676,435,128,388,63,744,281,41,549,509,364,316,627,162,719,609,613,58,9,197,150,166,62,180,570,334,42,707,504,671,517,660,607,602,445,743,244,178,499,312,206,433,78,416,460,728,217,464,322,230,373,161,427,534,455,372,49,219,361,67,417,320,6,241,424,158,229,452,742,5,72,704,234,242,85,466,712,453,80,354,272,467,378,240,365,291,394,98,527,109,221,450,729,338,640,1,198,284,714,401,497,675,143,398,65,237,295,257,288,311,289,177,444,71,686,632,51,0,231,227,735,142,440,687,286,556,441,737,555,625,636,154,236,210,79,553,332,469,243,563,699,605,695,630,648,562,246,68,411,301,599,484,406,48,496,520,581,644,380,426,133,300,59,277,565,439,146,608,488,561,114,304,202,674,741,454,473,722,151,505,329,87,616,579,32,721,702,399,262,659,623,2,470,184,596,164,302,658,434,545,371,397,662,409,597,448,576,145,330,678,350,586,25,125,24,89,653,101,181,275,508,75,303,403,204,601,546,238,582,144,407,269,127,393,382,475,663,55,108,132,400,507,620,370,594,593,149,172,170,493,45,535,102,610,657,732,220,319,203,442,681,575,624,39,23,713,425,646,690,655,268,673,428,280,515,129,73,410,263,447,157,35,189,667,716,633,97,727,360,472,387,186,734,336,29,294,456,349,547,156,366,703,629,273,524,10,345,292,321,
567,265.6592230796814,inf,156655.69530405666,477,691,572,147,590,66,94,183,603,8,567,471,749,258,720,324,64,628,359,476,31,585,519,557,353,323,224,683,723,724,163,501,207,342,619,516,141,551,449,652,325,111,69,171,705,187,12,218,379,228,461,113,537,548,580,506,552,213,543,369,614,357,173,341,267,748,47,118,167,83,414,347,462,528,432,710,415,711,482,28,666,307,175,343,116,600,463,664,138,571,487,621,404,604,747,205,418,285,136,568,573,502,612,290,233,525,457,351,112,279,176,106,631,57,317,532,245,282,327,642,26,391,458,670,140,480,446,731,130,622,736,685,200,362,37,431,335,718,591,95,104,54,701,82,679,88,739,193,726,498,429,208,589,14,60,160,738,696,249,331,148,730,684,105,214,746,131,43,223,169,165,53,408,92,368,443,451,715,119,44,3,587,626,340,152,159,305,254,486,638,377,542,733,255,355,356,661,190,438,134,174,384,271,199,61,402,489,694,115,386,474,592,247,514,50,196,668,124,260,698,697,137,293,700,672,352,337,437,297,479,194,252,649,314,339,46,494,550,226,122,709,522,261,564,225,309,232,11,358,647,99,256,86,512,264,117,405,396,306,389,278,459,634,298,222,153,375,530,617,266,536,390,598,574,478,215,81,16,381,346,669,392,367,421,30,503,500,93,745,276,248,103,641,665,299,27,385,259,677,17,100,643,688,211,420,554,84,251,296,274,374,639,490,395,376,383,20,195,121,529,566,52,544,436,651,584,510,717,209,253,107,19,182,70,344,191,313,315,588,188,348,483,615,22,265,560,7,4,531,185,523,287,168,637,318,56,139,38,689,120,583,692,76,577,491,33,308,413,363,708,485,650,91,541,18,326,90,110,179,40,328,654,569,680,558,606,595,333,533,693,96,521,725,239,74,283,481,135,513,13,155,430,511,201,538,539,706,526,216,192,126,423,412,419,270,34,682,495,21,559,645,656,465,540,235,422,468,518,212,250,578,77,15,310,618,123,36,492,740,635,611,676,435,128,388,63,744,281,41,549,509,364,316,627,162,719,609,613,58,9,197,150,166,62,180,570,334,42,707,504,671,517,660,607,602,445,743,244,178,499,312,206,433,78,416,460,728,217,464,322,230,373,161,427,534,455,372,49,219,361,67,417,320,6,241,424,158,229,452,742,5,72,704,234,242,85,466,712,453,80,354,272,467,378,240,365,291,394,98,527,109,221,450,729,338,640,1,198,284,714,401,497,675,143,398,65,237,295,257,288,311,289,177,444,71,686,632,51,0,231,227,735,142,440,687,286,556,441,737,555,625,636,154,236,210,79,553,332,469,243,563,699,605,695,630,648,562,246,68,411,301,599,484,406,48,496,520,581,644,380,426,133,300,59,277,565,439,146,608,488,561,114,304,202,674,741,454,473,722,151,505,329,87,616,579,32,721,702,399,262,659,623,2,470,184,596,164,302,658,434,545,371,397,662,409,597,448,576,145,330,678,350,586,25,125,24,89,653,101,181,275,508,75,303,403,204,601,546,238,582,144,407,269,127,393,382,475,663,55,108,132,400,507,620,370,594,593,149,172,170,493,45,535,102,610,657,732,220,319,203,442,681,575,624,39,23,713,425,646,690,655,268,673,428,280,515,129,73,410,263,447,157,35,189,667,716,633,97,727,360,472,387,186,734,336,29,294,456,349,547,156,366,703,629,273,524,10,345,292,321,
568,266.2160277366638,160853.42536589334,156655.69530405666,477,691,572,147,590,66,94,183,603,8,567,471,749,258,720,324,64,628,359,476,31,585,519,557,353,323,224,683,723,724,163,501,207,342,619,516,141,551,449,652,325,111,69,171,705,187,12,218,379,228,461,113,537,548,580,506,552,213,543,369,614,357,173,341,267,748,47,118,167,83,414,347,462,528,432,710,415,711,482,28,666,307,175,343,116,600,463,664,138,571,487,621,404,604,747,205,418,285,136,568,573,502,612,290,233,525,457,351,112,279,176,106,631,57,317,532,245,282,327,642,26,391,458,670,140,480,446,731,130,622,736,685,200,362,37,431,335,718,591,95,104,54,701,82,679,88,739,193,726,498,429,208,589,14,60,160,738,696,249,331,148,730,684,105,214,746,131,43,223,169,165,53,408,92,368,443,451,715,119,44,3,587,626,340,152,159,305,254,486,638,377,542,733,255,355,356,661,190,438,134,174,384,271,199,61,402,489,694,115,386,474,592,247,514,50,196,668,124,260,698,697,137,293,700,672,352,337,437,297,479,194,252,649,314,339,46,494,550,226,122,709,522,261,564,225,309,232,11,358,647,99,256,86,512,264,117,405,396,306,389,278,459,634,298,222,153,375,530,617,266,536,390,598,574,478,215,81,16,381,346,669,392,367,421,30,503,500,93,745,276,248,103,641,665,299,27,385,259,677,17,100,643,688,211,420,554,84,251,296,274,374,639,490,395,376,383,20,195,121,529,566,52,544,436,651,584,510,717,209,253,107,19,182,70,344,191,313,315,588,188,348,483,615,22,265,560,7,4,531,185,523,287,168,637,318,56,139,38,689,120,583,692,76,577,491,33,308,413,363,708,485,650,91,541,18,326,90,110,179,40,328,654,569,680,558,606,595,333,533,693,96,521,725,239,74,283,481,135,513,13,155,430,511,201,538,539,706,526,216,192,126,423,412,419,270,34,682,495,21,559,645,656,465,540,235,422,468,518,212,250,578,77,15,310,618,123,36,492,740,635,611,676,435,128,388,63,744,281,41,549,509,364,316,627,162,719,609,613,58,9,197,150,166,62,180,570,334,42,707,504,671,517,660,607,602,445,743,244,178,499,312,206,433,78,416,460,728,217,464,322,230,373,161,427,534,455,372,49,219,361,67,417,320,6,241,424,158,229,452,742,5,72,704,234,242,85,466,712,453,80,354,272,467,378,240,365,291,394,98,527,109,221,450,729,338,640,1,198,284,714,401,497,675,143,398,65,237,295,257,288,311,289,177,444,71,686,632,51,0,231,227,735,142,440,687,286,556,441,737,555,625,636,154,236,210,79,553,332,469,243,563,699,605,695,630,648,562,246,68,411,301,599,484,406,48,496,520,581,644,380,426,133,300,59,277,565,439,146,608,488,561,114,304,202,674,741,454,473,722,151,505,329,87,616,579,32,721,702,399,262,659,623,2,470,184,596,164,302,658,434,545,371,397,662,409,597,448,576,145,330,678,350,586,25,125,24,89,653,101,181,275,508,75,303,403,204,601,546,238,582,144,407,269,127,393,382,475,663,55,108,132,400,507,620,370,594,593,149,172,170,493,45,535,102,610,657,732,220,319,203,442,681,575,624,39,23,713,425,646,690,655,268,673,428,280,515,129,73,410,263,447,157,35,189,667,716,633,97,727,360,472,387,186,734,336,29,294,456,349,547,156,366,703,629,273,524,10,345,292,321,
569,266.7893576622009,161772.1567447091,156655.69530405666,477,691,572,147,590,66,94,183,603,8,567,471,749,258,720,324,64,628,359,476,31,585,519,557,353,323,224,683,723,724,163,501,207,342,619,516,141,551,449,652,325,111,69,171,705,187,12,218,379,228,461,113,537,548,580,506,552,213,543,369,614,357,173,341,267,748,47,118,167,83,414,347,462,528,432,710,415,711,482,28,666,307,175,343,116,600,463,664,138,571,487,621,404,604,747,205,418,285,136,568,573,502,612,290,233,525,457,351,112,279,176,106,631,57,317,532,245,282,327,642,26,391,458,670,140,480,446,731,130,622,736,685,200,362,37,431,335,718,591,95,104,54,701,82,679,88,739,193,726,498,429,208,589,14,60,160,738,696,249,331,148,730,684,105,214,746,131,43,223,169,165,53,408,92,368,443,451,715,119,44,3,587,626,340,152,159,305,254,486,638,377,542,733,255,355,356,661,190,438,134,174,384,271,199,61,402,489,694,115,386,474,592,247,514,50,196,668,124,260,698,697,137,293,700,672,352,337,437,297,479,194,252,649,314,339,46,494,550,226,122,709,522,261,564,225,309,232,11,358,647,99,256,86,512,264,117,405,396,306,389,278,459,634,298,222,153,375,530,617,266,536,390,598,574,478,215,81,16,381,346,669,392,367,421,30,503,500,93,745,276,248,103,641,665,299,27,385,259,677,17,100,643,688,211,420,554,84,251,296,274,374,639,490,395,376,383,20,195,121,529,566,52,544,436,651,584,510,717,209,253,107,19,182,70,344,191,313,315,588,188,348,483,615,22,265,560,7,4,531,185,523,287,168,637,318,56,139,38,689,120,583,692,76,577,491,33,308,413,363,708,485,650,91,541,18,326,90,110,179,40,328,654,569,680,558,606,595,333,533,693,96,521,725,239,74,283,481,135,513,13,155,430,511,201,538,539,706,526,216,192,126,423,412,419,270,34,682,495,21,559,645,656,465,540,235,422,468,518,212,250,578,77,15,310,618,123,36,492,740,635,611,676,435,128,388,63,744,281,41,549,509,364,316,627,162,719,609,613,58,9,197,150,166,62,180,570,334,42,707,504,671,517,660,607,602,445,743,244,178,499,312,206,433,78,416,460,728,217,464,322,230,373,161,427,534,455,372,49,219,361,67,417,320,6,241,424,158,229,452,742,5,72,704,234,242,85,466,712,453,80,354,272,467,378,240,365,291,394,98,527,109,221,450,729,338,640,1,198,284,714,401,497,675,143,398,65,237,295,257,288,311,289,177,444,71,686,632,51,0,231,227,735,142,440,687,286,556,441,737,555,625,636,154,236,210,79,553,332,469,243,563,699,605,695,630,648,562,246,68,411,301,599,484,406,48,496,520,581,644,380,426,133,300,59,277,565,439,146,608,488,561,114,304,202,674,741,454,473,722,151,505,329,87,616,579,32,721,702,399,262,659,623,2,470,184,596,164,302,658,434,545,371,397,662,409,597,448,576,145,330,678,350,586,25,125,24,89,653,101,181,275,508,75,303,403,204,601,546,238,582,144,407,269,127,393,382,475,663,55,108,132,400,507,620,370,594,593,149,172,170,493,45,535,102,610,657,732,220,319,203,442,681,575,624,39,23,713,425,646,690,655,268,673,428,280,515,129,73,410,263,447,157,35,189,667,716,633,97,727,360,472,387,186,734,336,29,294,456,349,547,156,366,703,629,273,524,10,345,292,321,
570,267.43674898147583,161513.89331618004,156655.69530405666,477,691,572,147,590,66,94,183,603,8,567,471,749,258,720,324,64,628,359,476,31,585,519,557,353,323,224,683,723,724,163,501,207,342,619,516,141,551,449,652,325,111,69,171,705,187,12,218,379,228,461,113,537,548,580,506,552,213,543,369,614,357,173,341,267,748,47,118,167,83,414,347,462,528,432,710,415,711,482,28,666,307,175,343,116,600,463,664,138,571,487,621,404,604,747,205,418,285,136,568,573,502,612,290,233,525,457,351,112,279,176,106,631,57,317,532,245,282,327,642,26,391,458,670,140,480,446,731,130,622,736,685,200,362,37,431,335,718,591,95,104,54,701,82,679,88,739,193,726,498,429,208,589,14,60,160,738,696,249,331,148,730,684,105,214,746,131,43,223,169,165,53,408,92,368,443,451,715,119,44,3,587,626,340,152,159,305,254,486,638,377,542,733,255,355,356,661,190,438,134,174,384,271,199,61,402,489,694,115,386,474,592,247,514,50,196,668,124,260,698,697,137,293,700,672,352,337,437,297,479,194,252,649,314,339,46,494,550,226,122,709,522,261,564,225,309,232,11,358,647,99,256,86,512,264,117,405,396,306,389,278,459,634,298,222,153,375,530,617,266,536,390,598,574,478,215,81,16,381,346,669,392,367,421,30,503,500,93,745,276,248,103,641,665,299,27,385,259,677,17,100,643,688,211,420,554,84,251,296,274,374,639,490,395,376,383,20,195,121,529,566,52,544,436,651,584,510,717,209,253,107,19,182,70,344,191,313,315,588,188,348,483,615,22,265,560,7,4,531,185,523,287,168,637,318,56,139,38,689,120,583,692,76,577,491,33,308,413,363,708,485,650,91,541,18,326,90,110,179,40,328,654,569,680,558,606,595,333,533,693,96,521,725,239,74,283,481,135,513,13,155,430,511,201,538,539,706,526,216,192,126,423,412,419,270,34,682,495,21,559,645,656,465,540,235,422,468,518,212,250,578,77,15,310,618,123,36,492,740,635,611,676,435,128,388,63,744,281,41,549,509,364,316,627,162,719,609,613,58,9,197,150,166,62,180,570,334,42,707,504,671,517,660,607,602,445,743,244,178,499,312,206,433,78,416,460,728,217,464,322,230,373,161,427,534,455,372,49,219,361,67,417,320,6,241,424,158,229,452,742,5,72,704,234,242,85,466,712,453,80,354,272,467,378,240,365,291,394,98,527,109,221,450,729,338,640,1,198,284,714,401,497,675,143,398,65,237,295,257,288,311,289,177,444,71,686,632,51,0,231,227,735,142,440,687,286,556,441,737,555,625,636,154,236,210,79,553,332,469,243,563,699,605,695,630,648,562,246,68,411,301,599,484,406,48,496,520,581,644,380,426,133,300,59,277,565,439,146,608,488,561,114,304,202,674,741,454,473,722,151,505,329,87,616,579,32,721,702,399,262,659,623,2,470,184,596,164,302,658,434,545,371,397,662,409,597,448,576,145,330,678,350,586,25,125,24,89,653,101,181,275,508,75,303,403,204,601,546,238,582,144,407,269,127,393,382,475,663,55,108,132,400,507,620,370,594,593,149,172,170,493,45,535,102,610,657,732,220,319,203,442,681,575,624,39,23,713,425,646,690,655,268,673,428,280,515,129,73,410,263,447,157,35,189,667,716,633,97,727,360,472,387,186,734,336,29,294,456,349,547,156,366,703,629,273,524,10,345,292,321,
571,267.89819860458374,159710.53093314695,156655.69530405666,477,691,572,147,590,66,94,183,603,8,567,471,749,258,720,324,64,628,359,476,31,585,519,557,353,323,224,683,723,724,163,501,207,342,619,516,141,551,449,652,325,111,69,171,705,187,12,218,379,228,461,113,537,548,580,506,552,213,543,369,614,357,173,341,267,748,47,118,167,83,414,347,462,528,432,710,415,711,482,28,666,307,175,343,116,600,463,664,138,571,487,621,404,604,747,205,418,285,136,568,573,502,612,290,233,525,457,351,112,279,176,106,631,57,317,532,245,282,327,642,26,391,458,670,140,480,446,731,130,622,736,685,200,362,37,431,335,718,591,95,104,54,701,82,679,88,739,193,726,498,429,208,589,14,60,160,738,696,249,331,148,730,684,105,214,746,131,43,223,169,165,53,408,92,368,443,451,715,119,44,3,587,626,340,152,159,305,254,486,638,377,542,733,255,355,356,661,190,438,134,174,384,271,199,61,402,489,694,115,386,474,592,247,514,50,196,668,124,260,698,697,137,293,700,672,352,337,437,297,479,194,252,649,314,339,46,494,550,226,122,709,522,261,564,225,309,232,11,358,647,99,256,86,512,264,117,405,396,306,389,278,459,634,298,222,153,375,530,617,266,536,390,598,574,478,215,81,16,381,346,669,392,367,421,30,503,500,93,745,276,248,103,641,665,299,27,385,259,677,17,100,643,688,211,420,554,84,251,296,274,374,639,490,395,376,383,20,195,121,529,566,52,544,436,651,584,510,717,209,253,107,19,182,70,344,191,313,315,588,188,348,483,615,22,265,560,7,4,531,185,523,287,168,637,318,56,139,38,689,120,583,692,76,577,491,33,308,413,363,708,485,650,91,541,18,326,90,110,179,40,328,654,569,680,558,606,595,333,533,693,96,521,725,239,74,283,481,135,513,13,155,430,511,201,538,539,706,526,216,192,126,423,412,419,270,34,682,495,21,559,645,656,465,540,235,422,468,518,212,250,578,77,15,310,618,123,36,492,740,635,611,676,435,128,388,63,744,281,41,549,509,364,316,627,162,719,609,613,58,9,197,150,166,62,180,570,334,42,707,504,671,517,660,607,602,445,743,244,178,499,312,206,433,78,416,460,728,217,464,322,230,373,161,427,534,455,372,49,219,361,67,417,320,6,241,424,158,229,452,742,5,72,704,234,242,85,466,712,453,80,354,272,467,378,240,365,291,394,98,527,109,221,450,729,338,640,1,198,284,714,401,497,675,143,398,65,237,295,257,288,311,289,177,444,71,686,632,51,0,231,227,735,142,440,687,286,556,441,737,555,625,636,154,236,210,79,553,332,469,243,563,699,605,695,630,648,562,246,68,411,301,599,484,406,48,496,520,581,644,380,426,133,300,59,277,565,439,146,608,488,561,114,304,202,674,741,454,473,722,151,505,329,87,616,579,32,721,702,399,262,659,623,2,470,184,596,164,302,658,434,545,371,397,662,409,597,448,576,145,330,678,350,586,25,125,24,89,653,101,181,275,508,75,303,403,204,601,546,238,582,144,407,269,127,393,382,475,663,55,108,132,400,507,620,370,594,593,149,172,170,493,45,535,102,610,657,732,220,319,203,442,681,575,624,39,23,713,425,646,690,655,268,673,428,280,515,129,73,410,263,447,157,35,189,667,716,633,97,727,360,472,387,186,734,336,29,294,456,349,547,156,366,703,629,273,524,10,345,292,321,
572,268.348792552948,159910.69858619664,156655.69530405666,477,691,572,147,590,66,94,183,603,8,567,471,749,258,720,324,64,628,359,476,31,585,519,557,353,323,224,683,723,724,163,501,207,342,619,516,141,551,449,652,325,111,69,171,705,187,12,218,379,228,461,113,537,548,580,506,552,213,543,369,614,357,173,341,267,748,47,118,167,83,414,347,462,528,432,710,415,711,482,28,666,307,175,343,116,600,463,664,138,571,487,621,404,604,747,205,418,285,136,568,573,502,612,290,233,525,457,351,112,279,176,106,631,57,317,532,245,282,327,642,26,391,458,670,140,480,446,731,130,622,736,685,200,362,37,431,335,718,591,95,104,54,701,82,679,88,739,193,726,498,429,208,589,14,60,160,738,696,249,331,148,730,684,105,214,746,131,43,223,169,165,53,408,92,368,443,451,715,119,44,3,587,626,340,152,159,305,254,486,638,377,542,733,255,355,356,661,190,438,134,174,384,271,199,61,402,489,694,115,386,474,592,247,514,50,196,668,124,260,698,697,137,293,700,672,352,337,437,297,479,194,252,649,314,339,46,494,550,226,122,709,522,261,564,225,309,232,11,358,647,99,256,86,512,264,117,405,396,306,389,278,459,634,298,222,153,375,530,617,266,536,390,598,574,478,215,81,16,381,346,669,392,367,421,30,503,500,93,745,276,248,103,641,665,299,27,385,259,677,17,100,643,688,211,420,554,84,251,296,274,374,639,490,395,376,383,20,195,121,529,566,52,544,436,651,584,510,717,209,253,107,19,182,70,344,191,313,315,588,188,348,483,615,22,265,560,7,4,531,185,523,287,168,637,318,56,139,38,689,120,583,692,76,577,491,33,308,413,363,708,485,650,91,541,18,326,90,110,179,40,328,654,569,680,558,606,595,333,533,693,96,521,725,239,74,283,481,135,513,13,155,430,511,201,538,539,706,526,216,192,126,423,412,419,270,34,682,495,21,559,645,656,465,540,235,422,468,518,212,250,578,77,15,310,618,123,36,492,740,635,611,676,435,128,388,63,744,281,41,549,509,364,316,627,162,719,609,613,58,9,197,150,166,62,180,570,334,42,707,504,671,517,660,607,602,445,743,244,178,499,312,206,433,78,416,460,728,217,464,322,230,373,161,427,534,455,372,49,219,361,67,417,320,6,241,424,158,229,452,742,5,72,704,234,242,85,466,712,453,80,354,272,467,378,240,365,291,394,98,527,109,221,450,729,338,640,1,198,284,714,401,497,675,143,398,65,237,295,257,288,311,289,177,444,71,686,632,51,0,231,227,735,142,440,687,286,556,441,737,555,625,636,154,236,210,79,553,332,469,243,563,699,605,695,630,648,562,246,68,411,301,599,484,406,48,496,520,581,644,380,426,133,300,59,277,565,439,146,608,488,561,114,304,202,674,741,454,473,722,151,505,329,87,616,579,32,721,702,399,262,659,623,2,470,184,596,164,302,658,434,545,371,397,662,409,597,448,576,145,330,678,350,586,25,125,24,89,653,101,181,275,508,75,303,403,204,601,546,238,582,144,407,269,127,393,382,475,663,55,108,132,400,507,620,370,594,593,149,172,170,493,45,535,102,610,657,732,220,319,203,442,681,575,624,39,23,713,425,646,690,655,268,673,428,280,515,129,73,410,263,447,157,35,189,667,716,633,97,727,360,472,387,186,734,336,29,294,456,349,547,156,366,703,629,273,524,10,345,292,321,
573,268.86516761779785,159602.52925264163,156655.69530405666,477,691,572,147,590,66,94,183,603,8,567,471,749,258,720,324,64,628,359,476,31,585,519,557,353,323,224,683,723,724,163,501,207,342,619,516,141,551,449,652,325,111,69,171,705,187,12,218,379,228,461,113,537,548,580,506,552,213,543,369,614,357,173,341,267,748,47,118,167,83,414,347,462,528,432,710,415,711,482,28,666,307,175,343,116,600,463,664,138,571,487,621,404,604,747,205,418,285,136,568,573,502,612,290,233,525,457,351,112,279,176,106,631,57,317,532,245,282,327,642,26,391,458,670,140,480,446,731,130,622,736,685,200,362,37,431,335,718,591,95,104,54,701,82,679,88,739,193,726,498,429,208,589,14,60,160,738,696,249,331,148,730,684,105,214,746,131,43,223,169,165,53,408,92,368,443,451,715,119,44,3,587,626,340,152,159,305,254,486,638,377,542,733,255,355,356,661,190,438,134,174,384,271,199,61,402,489,694,115,386,474,592,247,514,50,196,668,124,260,698,697,137,293,700,672,352,337,437,297,479,194,252,649,314,339,46,494,550,226,122,709,522,261,564,225,309,232,11,358,647,99,256,86,512,264,117,405,396,306,389,278,459,634,298,222,153,375,530,617,266,536,390,598,574,478,215,81,16,381,346,669,392,367,421,30,503,500,93,745,276,248,103,641,665,299,27,385,259,677,17,100,643,688,211,420,554,84,251,296,274,374,639,490,395,376,383,20,195,121,529,566,52,544,436,651,584,510,717,209,253,107,19,182,70,344,191,313,315,588,188,348,483,615,22,265,560,7,4,531,185,523,287,168,637,318,56,139,38,689,120,583,692,76,577,491,33,308,413,363,708,485,650,91,541,18,326,90,110,179,40,328,654,569,680,558,606,595,333,533,693,96,521,725,239,74,283,481,135,513,13,155,430,511,201,538,539,706,526,216,192,126,423,412,419,270,34,682,495,21,559,645,656,465,540,235,422,468,518,212,250,578,77,15,310,618,123,36,492,740,635,611,676,435,128,388,63,744,281,41,549,509,364,316,627,162,719,609,613,58,9,197,150,166,62,180,570,334,42,707,504,671,517,660,607,602,445,743,244,178,499,312,206,433,78,416,460,728,217,464,322,230,373,161,427,534,455,372,49,219,361,67,417,320,6,241,424,158,229,452,742,5,72,704,234,242,85,466,712,453,80,354,272,467,378,240,365,291,394,98,527,109,221,450,729,338,640,1,198,284,714,401,497,675,143,398,65,237,295,257,288,311,289,177,444,71,686,632,51,0,231,227,735,142,440,687,286,556,441,737,555,625,636,154,236,210,79,553,332,469,243,563,699,605,695,630,648,562,246,68,411,301,599,484,406,48,496,520,581,644,380,426,133,300,59,277,565,439,146,608,488,561,114,304,202,674,741,454,473,722,151,505,329,87,616,579,32,721,702,399,262,659,623,2,470,184,596,164,302,658,434,545,371,397,662,409,597,448,576,145,330,678,350,586,25,125,24,89,653,101,181,275,508,75,303,403,204,601,546,238,582,144,407,269,127,393,382,475,663,55,108,132,400,507,620,370,594,593,149,172,170,493,45,535,102,610,657,732,220,319,203,442,681,575,624,39,23,713,425,646,690,655,268,673,428,280,515,129,73,410,263,447,157,35,189,667,716,633,97,727,360,472,387,186,734,336,29,294,456,349,547,156,366,703,629,273,524,10,345,292,321,
574,269.4830219745636,160298.4401425375,156655.69530405666,477,691,572,147,590,66,94,183,603,8,567,471,749,258,720,324,64,628,359,476,31,585,519,557,353,323,224,683,723,724,163,501,207,342,619,516,141,551,449,652,325,111,69,171,705,187,12,218,379,228,461,113,537,548,580,506,552,213,543,369,614,357,173,341,267,748,47,118,167,83,414,347,462,528,432,710,415,711,482,28,666,307,175,343,116,600,463,664,138,571,487,621,404,604,747,205,418,285,136,568,573,502,612,290,233,525,457,351,112,279,176,106,631,57,317,532,245,282,327,642,26,391,458,670,140,480,446,731,130,622,736,685,200,362,37,431,335,718,591,95,104,54,701,82,679,88,739,193,726,498,429,208,589,14,60,160,738,696,249,331,148,730,684,105,214,746,131,43,223,169,165,53,408,92,368,443,451,715,119,44,3,587,626,340,152,159,305,254,486,638,377,542,733,255,355,356,661,190,438,134,174,384,271,199,61,402,489,694,115,386,474,592,247,514,50,196,668,124,260,698,697,137,293,700,672,352,337,437,297,479,194,252,649,314,339,46,494,550,226,122,709,522,261,564,225,309,232,11,358,647,99,256,86,512,264,117,405,396,306,389,278,459,634,298,222,153,375,530,617,266,536,390,598,574,478,215,81,16,381,346,669,392,367,421,30,503,500,93,745,276,248,103,641,665,299,27,385,259,677,17,100,643,688,211,420,554,84,251,296,274,374,639,490,395,376,383,20,195,121,529,566,52,544,436,651,584,510,717,209,253,107,19,182,70,344,191,313,315,588,188,348,483,615,22,265,560,7,4,531,185,523,287,168,637,318,56,139,38,689,120,583,692,76,577,491,33,308,413,363,708,485,650,91,541,18,326,90,110,179,40,328,654,569,680,558,606,595,333,533,693,96,521,725,239,74,283,481,135,513,13,155,430,511,201,538,539,706,526,216,192,126,423,412,419,270,34,682,495,21,559,645,656,465,540,235,422,468,518,212,250,578,77,15,310,618,123,36,492,740,635,611,676,435,128,388,63,744,281,41,549,509,364,316,627,162,719,609,613,58,9,197,150,166,62,180,570,334,42,707,504,671,517,660,607,602,445,743,244,178,499,312,206,433,78,416,460,728,217,464,322,230,373,161,427,534,455,372,49,219,361,67,417,320,6,241,424,158,229,452,742,5,72,704,234,242,85,466,712,453,80,354,272,467,378,240,365,291,394,98,527,109,221,450,729,338,640,1,198,284,714,401,497,675,143,398,65,237,295,257,288,311,289,177,444,71,686,632,51,0,231,227,735,142,440,687,286,556,441,737,555,625,636,154,236,210,79,553,332,469,243,563,699,605,695,630,648,562,246,68,411,301,599,484,406,48,496,520,581,644,380,426,133,300,59,277,565,439,146,608,488,561,114,304,202,674,741,454,473,722,151,505,329,87,616,579,32,721,702,399,262,659,623,2,470,184,596,164,302,658,434,545,371,397,662,409,597,448,576,145,330,678,350,586,25,125,24,89,653,101,181,275,508,75,303,403,204,601,546,238,582,144,407,269,127,393,382,475,663,55,108,132,400,507,620,370,594,593,149,172,170,493,45,535,102,610,657,732,220,319,203,442,681,575,624,39,23,713,425,646,690,655,268,673,428,280,515,129,73,410,263,447,157,35,189,667,716,633,97,727,360,472,387,186,734,336,29,294,456,349,547,156,366,703,629,273,524,10,345,292,321,
575,270.01705026626587,161355.0490527221,156655.69530405666,477,691,572,147,590,66,94,183,603,8,567,471,749,258,720,324,64,628,359,476,31,585,519,557,353,323,224,683,723,724,163,501,207,342,619,516,141,551,449,652,325,111,69,171,705,187,12,218,379,228,461,113,537,548,580,506,552,213,543,369,614,357,173,341,267,748,47,118,167,83,414,347,462,528,432,710,415,711,482,28,666,307,175,343,116,600,463,664,138,571,487,621,404,604,747,205,418,285,136,568,573,502,612,290,233,525,457,351,112,279,176,106,631,57,317,532,245,282,327,642,26,391,458,670,140,480,446,731,130,622,736,685,200,362,37,431,335,718,591,95,104,54,701,82,679,88,739,193,726,498,429,208,589,14,60,160,738,696,249,331,148,730,684,105,214,746,131,43,223,169,165,53,408,92,368,443,451,715,119,44,3,587,626,340,152,159,305,254,486,638,377,542,733,255,355,356,661,190,438,134,174,384,271,199,61,402,489,694,115,386,474,592,247,514,50,196,668,124,260,698,697,137,293,700,672,352,337,437,297,479,194,252,649,314,339,46,494,550,226,122,709,522,261,564,225,309,232,11,358,647,99,256,86,512,264,117,405,396,306,389,278,459,634,298,222,153,375,530,617,266,536,390,598,574,478,215,81,16,381,346,669,392,367,421,30,503,500,93,745,276,248,103,641,665,299,27,385,259,677,17,100,643,688,211,420,554,84,251,296,274,374,639,490,395,376,383,20,195,121,529,566,52,544,436,651,584,510,717,209,253,107,19,182,70,344,191,313,315,588,188,348,483,615,22,265,560,7,4,531,185,523,287,168,637,318,56,139,38,689,120,583,692,76,577,491,33,308,413,363,708,485,650,91,541,18,326,90,110,179,40,328,654,569,680,558,606,595,333,533,693,96,521,725,239,74,283,481,135,513,13,155,430,511,201,538,539,706,526,216,192,126,423,412,419,270,34,682,495,21,559,645,656,465,540,235,422,468,518,212,250,578,77,15,310,618,123,36,492,740,635,611,676,435,128,388,63,744,281,41,549,509,364,316,627,162,719,609,613,58,9,197,150,166,62,180,570,334,42,707,504,671,517,660,607,602,445,743,244,178,499,312,206,433,78,416,460,728,217,464,322,230,373,161,427,534,455,372,49,219,361,67,417,320,6,241,424,158,229,452,742,5,72,704,234,242,85,466,712,453,80,354,272,467,378,240,365,291,394,98,527,109,221,450,729,338,640,1,198,284,714,401,497,675,143,398,65,237,295,257,288,311,289,177,444,71,686,632,51,0,231,227,735,142,440,687,286,556,441,737,555,625,636,154,236,210,79,553,332,469,243,563,699,605,695,630,648,562,246,68,411,301,599,484,406,48,496,520,581,644,380,426,133,300,59,277,565,439,146,608,488,561,114,304,202,674,741,454,473,722,151,505,329,87,616,579,32,721,702,399,262,659,623,2,470,184,596,164,302,658,434,545,371,397,662,409,597,448,576,145,330,678,350,586,25,125,24,89,653,101,181,275,508,75,303,403,204,601,546,238,582,144,407,269,127,393,382,475,663,55,108,132,400,507,620,370,594,593,149,172,170,493,45,535,102,610,657,732,220,319,203,442,681,575,624,39,23,713,425,646,690,655,268,673,428,280,515,129,73,410,263,447,157,35,189,667,716,633,97,727,360,472,387,186,734,336,29,294,456,349,547,156,366,703,629,273,524,10,345,292,321,
576,270.47682523727417,161235.11369408172,156655.69530405666,477,691,572,147,590,66,94,183,603,8,567,471,749,258,720,324,64,628,359,476,31,585,519,557,353,323,224,683,723,724,163,501,207,342,619,516,141,551,449,652,325,111,69,171,705,187,12,218,379,228,461,113,537,548,580,506,552,213,543,369,614,357,173,341,267,748,47,118,167,83,414,347,462,528,432,710,415,711,482,28,666,307,175,343,116,600,463,664,138,571,487,621,404,604,747,205,418,285,136,568,573,502,612,290,233,525,457,351,112,279,176,106,631,57,317,532,245,282,327,642,26,391,458,670,140,480,446,731,130,622,736,685,200,362,37,431,335,718,591,95,104,54,701,82,679,88,739,193,726,498,429,208,589,14,60,160,738,696,249,331,148,730,684,105,214,746,131,43,223,169,165,53,408,92,368,443,451,715,119,44,3,587,626,340,152,159,305,254,486,638,377,542,733,255,355,356,661,190,438,134,174,384,271,199,61,402,489,694,115,386,474,592,247,514,50,196,668,124,260,698,697,137,293,700,672,352,337,437,297,479,194,252,649,314,339,46,494,550,226,122,709,522,261,564,225,309,232,11,358,647,99,256,86,512,264,117,405,396,306,389,278,459,634,298,222,153,375,530,617,266,536,390,598,574,478,215,81,16,381,346,669,392,367,421,30,503,500,93,745,276,248,103,641,665,299,27,385,259,677,17,100,643,688,211,420,554,84,251,296,274,374,639,490,395,376,383,20,195,121,529,566,52,544,436,651,584,510,717,209,253,107,19,182,70,344,191,313,315,588,188,348,483,615,22,265,560,7,4,531,185,523,287,168,637,318,56,139,38,689,120,583,692,76,577,491,33,308,413,363,708,485,650,91,541,18,326,90,110,179,40,328,654,569,680,558,606,595,333,533,693,96,521,725,239,74,283,481,135,513,13,155,430,511,201,538,539,706,526,216,192,126,423,412,419,270,34,682,495,21,559,645,656,465,540,235,422,468,518,212,250,578,77,15,310,618,123,36,492,740,635,611,676,435,128,388,63,744,281,41,549,509,364,316,627,162,719,609,613,58,9,197,150,166,62,180,570,334,42,707,504,671,517,660,607,602,445,743,244,178,499,312,206,433,78,416,460,728,217,464,322,230,373,161,427,534,455,372,49,219,361,67,417,320,6,241,424,158,229,452,742,5,72,704,234,242,85,466,712,453,80,354,272,467,378,240,365,291,394,98,527,109,221,450,729,338,640,1,198,284,714,401,497,675,143,398,65,237,295,257,288,311,289,177,444,71,686,632,51,0,231,227,735,142,440,687,286,556,441,737,555,625,636,154,236,210,79,553,332,469,243,563,699,605,695,630,648,562,246,68,411,301,599,484,406,48,496,520,581,644,380,426,133,300,59,277,565,439,146,608,488,561,114,304,202,674,741,454,473,722,151,505,329,87,616,579,32,721,702,399,262,659,623,2,470,184,596,164,302,658,434,545,371,397,662,409,597,448,576,145,330,678,350,586,25,125,24,89,653,101,181,275,508,75,303,403,204,601,546,238,582,144,407,269,127,393,382,475,663,55,108,132,400,507,620,370,594,593,149,172,170,493,45,535,102,610,657,732,220,319,203,442,681,575,624,39,23,713,425,646,690,655,268,673,428,280,515,129,73,410,263,447,157,35,189,667,716,633,97,727,360,472,387,186,734,336,29,294,456,349,547,156,366,703,629,273,524,10,345,292,321,
577,270.9919376373291,160182.48281170038,156655.69530405666,477,691,572,147,590,66,94,183,603,8,567,471,749,258,720,324,64,628,359,476,31,585,519,557,353,323,224,683,723,724,163,501,207,342,619,516,141,551,449,652,325,111,69,171,705,187,12,218,379,228,461,113,537,548,580,506,552,213,543,369,614,357,173,341,267,748,47,118,167,83,414,347,462,528,432,710,415,711,482,28,666,307,175,343,116,600,463,664,138,571,487,621,404,604,747,205,418,285,136,568,573,502,612,290,233,525,457,351,112,279,176,106,631,57,317,532,245,282,327,642,26,391,458,670,140,480,446,731,130,622,736,685,200,362,37,431,335,718,591,95,104,54,701,82,679,88,739,193,726,498,429,208,589,14,60,160,738,696,249,331,148,730,684,105,214,746,131,43,223,169,165,53,408,92,368,443,451,715,119,44,3,587,626,340,152,159,305,254,486,638,377,542,733,255,355,356,661,190,438,134,174,384,271,199,61,402,489,694,115,386,474,592,247,514,50,196,668,124,260,698,697,137,293,700,672,352,337,437,297,479,194,252,649,314,339,46,494,550,226,122,709,522,261,564,225,309,232,11,358,647,99,256,86,512,264,117,405,396,306,389,278,459,634,298,222,153,375,530,617,266,536,390,598,574,478,215,81,16,381,346,669,392,367,421,30,503,500,93,745,276,248,103,641,665,299,27,385,259,677,17,100,643,688,211,420,554,84,251,296,274,374,639,490,395,376,383,20,195,121,529,566,52,544,436,651,584,510,717,209,253,107,19,182,70,344,191,313,315,588,188,348,483,615,22,265,560,7,4,531,185,523,287,168,637,318,56,139,38,689,120,583,692,76,577,491,33,308,413,363,708,485,650,91,541,18,326,90,110,179,40,328,654,569,680,558,606,595,333,533,693,96,521,725,239,74,283,481,135,513,13,155,430,511,201,538,539,706,526,216,192,126,423,412,419,270,34,682,495,21,559,645,656,465,540,235,422,468,518,212,250,578,77,15,310,618,123,36,492,740,635,611,676,435,128,388,63,744,281,41,549,509,364,316,627,162,719,609,613,58,9,197,150,166,62,180,570,334,42,707,504,671,517,660,607,602,445,743,244,178,499,312,206,433,78,416,460,728,217,464,322,230,373,161,427,534,455,372,49,219,361,67,417,320,6,241,424,158,229,452,742,5,72,704,234,242,85,466,712,453,80,354,272,467,378,240,365,291,394,98,527,109,221,450,729,338,640,1,198,284,714,401,497,675,143,398,65,237,295,257,288,311,289,177,444,71,686,632,51,0,231,227,735,142,440,687,286,556,441,737,555,625,636,154,236,210,79,553,332,469,243,563,699,605,695,630,648,562,246,68,411,301,599,484,406,48,496,520,581,644,380,426,133,300,59,277,565,439,146,608,488,561,114,304,202,674,741,454,473,722,151,505,329,87,616,579,32,721,702,399,262,659,623,2,470,184,596,164,302,658,434,545,371,397,662,409,597,448,576,145,330,678,350,586,25,125,24,89,653,101,181,275,508,75,303,403,204,601,546,238,582,144,407,269,127,393,382,475,663,55,108,132,400,507,620,370,594,593,149,172,170,493,45,535,102,610,657,732,220,319,203,442,681,575,624,39,23,713,425,646,690,655,268,673,428,280,515,129,73,410,263,447,157,35,189,667,716,633,97,727,360,472,387,186,734,336,29,294,456,349,547,156,366,703,629,273,524,10,345,292,321,
578,271.6184129714966,160899.87477567658,156655.69530405666,477,691,572,147,590,66,94,183,603,8,567,471,749,258,720,324,64,628,359,476,31,585,519,557,353,323,224,683,723,724,163,501,207,342,619,516,141,551,449,652,325,111,69,171,705,187,12,218,379,228,461,113,537,548,580,506,552,213,543,369,614,357,173,341,267,748,47,118,167,83,414,347,462,528,432,710,415,711,482,28,666,307,175,343,116,600,463,664,138,571,487,621,404,604,747,205,418,285,136,568,573,502,612,290,233,525,457,351,112,279,176,106,631,57,317,532,245,282,327,642,26,391,458,670,140,480,446,731,130,622,736,685,200,362,37,431,335,718,591,95,104,54,701,82,679,88,739,193,726,498,429,208,589,14,60,160,738,696,249,331,148,730,684,105,214,746,131,43,223,169,165,53,408,92,368,443,451,715,119,44,3,587,626,340,152,159,305,254,486,638,377,542,733,255,355,356,661,190,438,134,174,384,271,199,61,402,489,694,115,386,474,592,247,514,50,196,668,124,260,698,697,137,293,700,672,352,337,437,297,479,194,252,649,314,339,46,494,550,226,122,709,522,261,564,225,309,232,11,358,647,99,256,86,512,264,117,405,396,306,389,278,459,634,298,222,153,375,530,617,266,536,390,598,574,478,215,81,16,381,346,669,392,367,421,30,503,500,93,745,276,248,103,641,665,299,27,385,259,677,17,100,643,688,211,420,554,84,251,296,274,374,639,490,395,376,383,20,195,121,529,566,52,544,436,651,584,510,717,209,253,107,19,182,70,344,191,313,315,588,188,348,483,615,22,265,560,7,4,531,185,523,287,168,637,318,56,139,38,689,120,583,692,76,577,491,33,308,413,363,708,485,650,91,541,18,326,90,110,179,40,328,654,569,680,558,606,595,333,533,693,96,521,725,239,74,283,481,135,513,13,155,430,511,201,538,539,706,526,216,192,126,423,412,419,270,34,682,495,21,559,645,656,465,540,235,422,468,518,212,250,578,77,15,310,618,123,36,492,740,635,611,676,435,128,388,63,744,281,41,549,509,364,316,627,162,719,609,613,58,9,197,150,166,62,180,570,334,42,707,504,671,517,660,607,602,445,743,244,178,499,312,206,433,78,416,460,728,217,464,322,230,373,161,427,534,455,372,49,219,361,67,417,320,6,241,424,158,229,452,742,5,72,704,234,242,85,466,712,453,80,354,272,467,378,240,365,291,394,98,527,109,221,450,729,338,640,1,198,284,714,401,497,675,143,398,65,237,295,257,288,311,289,177,444,71,686,632,51,0,231,227,735,142,440,687,286,556,441,737,555,625,636,154,236,210,79,553,332,469,243,563,699,605,695,630,648,562,246,68,411,301,599,484,406,48,496,520,581,644,380,426,133,300,59,277,565,439,146,608,488,561,114,304,202,674,741,454,473,722,151,505,329,87,616,579,32,721,702,399,262,659,623,2,470,184,596,164,302,658,434,545,371,397,662,409,597,448,576,145,330,678,350,586,25,125,24,89,653,101,181,275,508,75,303,403,204,601,546,238,582,144,407,269,127,393,382,475,663,55,108,132,400,507,620,370,594,593,149,172,170,493,45,535,102,610,657,732,220,319,203,442,681,575,624,39,23,713,425,646,690,655,268,673,428,280,515,129,73,410,263,447,157,35,189,667,716,633,97,727,360,472,387,186,734,336,29,294,456,349,547,156,366,703,629,273,524,10,345,292,321,
579,272.05731749534607,160089.97735993404,156655.69530405666,477,691,572,147,590,66,94,183,603,8,567,471,749,258,720,324,64,628,359,476,31,585,519,557,353,323,224,683,723,724,163,501,207,342,619,516,141,551,449,652,325,111,69,171,705,187,12,218,379,228,461,113,537,548,580,506,552,213,543,369,614,357,173,341,267,748,47,118,167,83,414,347,462,528,432,710,415,711,482,28,666,307,175,343,116,600,463,664,138,571,487,621,404,604,747,205,418,285,136,568,573,502,612,290,233,525,457,351,112,279,176,106,631,57,317,532,245,282,327,642,26,391,458,670,140,480,446,731,130,622,736,685,200,362,37,431,335,718,591,95,104,54,701,82,679,88,739,193,726,498,429,208,589,14,60,160,738,696,249,331,148,730,684,105,214,746,131,43,223,169,165,53,408,92,368,443,451,715,119,44,3,587,626,340,152,159,305,254,486,638,377,542,733,255,355,356,661,190,438,134,174,384,271,199,61,402,489,694,115,386,474,592,247,514,50,196,668,124,260,698,697,137,293,700,672,352,337,437,297,479,194,252,649,314,339,46,494,550,226,122,709,522,261,564,225,309,232,11,358,647,99,256,86,512,264,117,405,396,306,389,278,459,634,298,222,153,375,530,617,266,536,390,598,574,478,215,81,16,381,346,669,392,367,421,30,503,500,93,745,276,248,103,641,665,299,27,385,259,677,17,100,643,688,211,420,554,84,251,296,274,374,639,490,395,376,383,20,195,121,529,566,52,544,436,651,584,510,717,209,253,107,19,182,70,344,191,313,315,588,188,348,483,615,22,265,560,7,4,531,185,523,287,168,637,318,56,139,38,689,120,583,692,76,577,491,33,308,413,363,708,485,650,91,541,18,326,90,110,179,40,328,654,569,680,558,606,595,333,533,693,96,521,725,239,74,283,481,135,513,13,155,430,511,201,538,539,706,526,216,192,126,423,412,419,270,34,682,495,21,559,645,656,465,540,235,422,468,518,212,250,578,77,15,310,618,123,36,492,740,635,611,676,435,128,388,63,744,281,41,549,509,364,316,627,162,719,609,613,58,9,197,150,166,62,180,570,334,42,707,504,671,517,660,607,602,445,743,244,178,499,312,206,433,78,416,460,728,217,464,322,230,373,161,427,534,455,372,49,219,361,67,417,320,6,241,424,158,229,452,742,5,72,704,234,242,85,466,712,453,80,354,272,467,378,240,365,291,394,98,527,109,221,450,729,338,640,1,198,284,714,401,497,675,143,398,65,237,295,257,288,311,289,177,444,71,686,632,51,0,231,227,735,142,440,687,286,556,441,737,555,625,636,154,236,210,79,553,332,469,243,563,699,605,695,630,648,562,246,68,411,301,599,484,406,48,496,520,581,644,380,426,133,300,59,277,565,439,146,608,488,561,114,304,202,674,741,454,473,722,151,505,329,87,616,579,32,721,702,399,262,659,623,2,470,184,596,164,302,658,434,545,371,397,662,409,597,448,576,145,330,678,350,586,25,125,24,89,653,101,181,275,508,75,303,403,204,601,546,238,582,144,407,269,127,393,382,475,663,55,108,132,400,507,620,370,594,593,149,172,170,493,45,535,102,610,657,732,220,319,203,442,681,575,624,39,23,713,425,646,690,655,268,673,428,280,515,129,73,410,263,447,157,35,189,667,716,633,97,727,360,472,387,186,734,336,29,294,456,349,547,156,366,703,629,273,524,10,345,292,321,
580,272.6982011795044,159657.6866918206,156655.69530405666,477,691,572,147,590,66,94,183,603,8,567,471,749,258,720,324,64,628,359,476,31,585,519,557,353,323,224,683,723,724,163,501,207,342,619,516,141,551,449,652,325,111,69,171,705,187,12,218,379,228,461,113,537,548,580,506,552,213,543,369,614,357,173,341,267,748,47,118,167,83,414,347,462,528,432,710,415,711,482,28,666,307,175,343,116,600,463,664,138,571,487,621,404,604,747,205,418,285,136,568,573,502,612,290,233,525,457,351,112,279,176,106,631,57,317,532,245,282,327,642,26,391,458,670,140,480,446,731,130,622,736,685,200,362,37,431,335,718,591,95,104,54,701,82,679,88,739,193,726,498,429,208,589,14,60,160,738,696,249,331,148,730,684,105,214,746,131,43,223,169,165,53,408,92,368,443,451,715,119,44,3,587,626,340,152,159,305,254,486,638,377,542,733,255,355,356,661,190,438,134,174,384,271,199,61,402,489,694,115,386,474,592,247,514,50,196,668,124,260,698,697,137,293,700,672,352,337,437,297,479,194,252,649,314,339,46,494,550,226,122,709,522,261,564,225,309,232,11,358,647,99,256,86,512,264,117,405,396,306,389,278,459,634,298,222,153,375,530,617,266,536,390,598,574,478,215,81,16,381,346,669,392,367,421,30,503,500,93,745,276,248,103,641,665,299,27,385,259,677,17,100,643,688,211,420,554,84,251,296,274,374,639,490,395,376,383,20,195,121,529,566,52,544,436,651,584,510,717,209,253,107,19,182,70,344,191,313,315,588,188,348,483,615,22,265,560,7,4,531,185,523,287,168,637,318,56,139,38,689,120,583,692,76,577,491,33,308,413,363,708,485,650,91,541,18,326,90,110,179,40,328,654,569,680,558,606,595,333,533,693,96,521,725,239,74,283,481,135,513,13,155,430,511,201,538,539,706,526,216,192,126,423,412,419,270,34,682,495,21,559,645,656,465,540,235,422,468,518,212,250,578,77,15,310,618,123,36,492,740,635,611,676,435,128,388,63,744,281,41,549,509,364,316,627,162,719,609,613,58,9,197,150,166,62,180,570,334,42,707,504,671,517,660,607,602,445,743,244,178,499,312,206,433,78,416,460,728,217,464,322,230,373,161,427,534,455,372,49,219,361,67,417,320,6,241,424,158,229,452,742,5,72,704,234,242,85,466,712,453,80,354,272,467,378,240,365,291,394,98,527,109,221,450,729,338,640,1,198,284,714,401,497,675,143,398,65,237,295,257,288,311,289,177,444,71,686,632,51,0,231,227,735,142,440,687,286,556,441,737,555,625,636,154,236,210,79,553,332,469,243,563,699,605,695,630,648,562,246,68,411,301,599,484,406,48,496,520,581,644,380,426,133,300,59,277,565,439,146,608,488,561,114,304,202,674,741,454,473,722,151,505,329,87,616,579,32,721,702,399,262,659,623,2,470,184,596,164,302,658,434,545,371,397,662,409,597,448,576,145,330,678,350,586,25,125,24,89,653,101,181,275,508,75,303,403,204,601,546,238,582,144,407,269,127,393,382,475,663,55,108,132,400,507,620,370,594,593,149,172,170,493,45,535,102,610,657,732,220,319,203,442,681,575,624,39,23,713,425,646,690,655,268,673,428,280,515,129,73,410,263,447,157,35,189,667,716,633,97,727,360,472,387,186,734,336,29,294,456,349,547,156,366,703,629,273,524,10,345,292,321,
581,273.3417329788208,160940.73323209607,156655.69530405666,477,691,572,147,590,66,94,183,603,8,567,471,749,258,720,324,64,628,359,476,31,585,519,557,353,323,224,683,723,724,163,501,207,342,619,516,141,551,449,652,325,111,69,171,705,187,12,218,379,228,461,113,537,548,580,506,552,213,543,369,614,357,173,341,267,748,47,118,167,83,414,347,462,528,432,710,415,711,482,28,666,307,175,343,116,600,463,664,138,571,487,621,404,604,747,205,418,285,136,568,573,502,612,290,233,525,457,351,112,279,176,106,631,57,317,532,245,282,327,642,26,391,458,670,140,480,446,731,130,622,736,685,200,362,37,431,335,718,591,95,104,54,701,82,679,88,739,193,726,498,429,208,589,14,60,160,738,696,249,331,148,730,684,105,214,746,131,43,223,169,165,53,408,92,368,443,451,715,119,44,3,587,626,340,152,159,305,254,486,638,377,542,733,255,355,356,661,190,438,134,174,384,271,199,61,402,489,694,115,386,474,592,247,514,50,196,668,124,260,698,697,137,293,700,672,352,337,437,297,479,194,252,649,314,339,46,494,550,226,122,709,522,261,564,225,309,232,11,358,647,99,256,86,512,264,117,405,396,306,389,278,459,634,298,222,153,375,530,617,266,536,390,598,574,478,215,81,16,381,346,669,392,367,421,30,503,500,93,745,276,248,103,641,665,299,27,385,259,677,17,100,643,688,211,420,554,84,251,296,274,374,639,490,395,376,383,20,195,121,529,566,52,544,436,651,584,510,717,209,253,107,19,182,70,344,191,313,315,588,188,348,483,615,22,265,560,7,4,531,185,523,287,168,637,318,56,139,38,689,120,583,692,76,577,491,33,308,413,363,708,485,650,91,541,18,326,90,110,179,40,328,654,569,680,558,606,595,333,533,693,96,521,725,239,74,283,481,135,513,13,155,430,511,201,538,539,706,526,216,192,126,423,412,419,270,34,682,495,21,559,645,656,465,540,235,422,468,518,212,250,578,77,15,310,618,123,36,492,740,635,611,676,435,128,388,63,744,281,41,549,509,364,316,627,162,719,609,613,58,9,197,150,166,62,180,570,334,42,707,504,671,517,660,607,602,445,743,244,178,499,312,206,433,78,416,460,728,217,464,322,230,373,161,427,534,455,372,49,219,361,67,417,320,6,241,424,158,229,452,742,5,72,704,234,242,85,466,712,453,80,354,272,467,378,240,365,291,394,98,527,109,221,450,729,338,640,1,198,284,714,401,497,675,143,398,65,237,295,257,288,311,289,177,444,71,686,632,51,0,231,227,735,142,440,687,286,556,441,737,555,625,636,154,236,210,79,553,332,469,243,563,699,605,695,630,648,562,246,68,411,301,599,484,406,48,496,520,581,644,380,426,133,300,59,277,565,439,146,608,488,561,114,304,202,674,741,454,473,722,151,505,329,87,616,579,32,721,702,399,262,659,623,2,470,184,596,164,302,658,434,545,371,397,662,409,597,448,576,145,330,678,350,586,25,125,24,89,653,101,181,275,508,75,303,403,204,601,546,238,582,144,407,269,127,393,382,475,663,55,108,132,400,507,620,370,594,593,149,172,170,493,45,535,102,610,657,732,220,319,203,442,681,575,624,39,23,713,425,646,690,655,268,673,428,280,515,129,73,410,263,447,157,35,189,667,716,633,97,727,360,472,387,186,734,336,29,294,456,349,547,156,366,703,629,273,524,10,345,292,321,
582,273.9612329006195,161328.36953770416,156655.69530405666,477,691,572,147,590,66,94,183,603,8,567,471,749,258,720,324,64,628,359,476,31,585,519,557,353,323,224,683,723,724,163,501,207,342,619,516,141,551,449,652,325,111,69,171,705,187,12,218,379,228,461,113,537,548,580,506,552,213,543,369,614,357,173,341,267,748,47,118,167,83,414,347,462,528,432,710,415,711,482,28,666,307,175,343,116,600,463,664,138,571,487,621,404,604,747,205,418,285,136,568,573,502,612,290,233,525,457,351,112,279,176,106,631,57,317,532,245,282,327,642,26,391,458,670,140,480,446,731,130,622,736,685,200,362,37,431,335,718,591,95,104,54,701,82,679,88,739,193,726,498,429,208,589,14,60,160,738,696,249,331,148,730,684,105,214,746,131,43,223,169,165,53,408,92,368,443,451,715,119,44,3,587,626,340,152,159,305,254,486,638,377,542,733,255,355,356,661,190,438,134,174,384,271,199,61,402,489,694,115,386,474,592,247,514,50,196,668,124,260,698,697,137,293,700,672,352,337,437,297,479,194,252,649,314,339,46,494,550,226,122,709,522,261,564,225,309,232,11,358,647,99,256,86,512,264,117,405,396,306,389,278,459,634,298,222,153,375,530,617,266,536,390,598,574,478,215,81,16,381,346,669,392,367,421,30,503,500,93,745,276,248,103,641,665,299,27,385,259,677,17,100,643,688,211,420,554,84,251,296,274,374,639,490,395,376,383,20,195,121,529,566,52,544,436,651,584,510,717,209,253,107,19,182,70,344,191,313,315,588,188,348,483,615,22,265,560,7,4,531,185,523,287,168,637,318,56,139,38,689,120,583,692,76,577,491,33,308,413,363,708,485,650,91,541,18,326,90,110,179,40,328,654,569,680,558,606,595,333,533,693,96,521,725,239,74,283,481,135,513,13,155,430,511,201,538,539,706,526,216,192,126,423,412,419,270,34,682,495,21,559,645,656,465,540,235,422,468,518,212,250,578,77,15,310,618,123,36,492,740,635,611,676,435,128,388,63,744,281,41,549,509,364,316,627,162,719,609,613,58,9,197,150,166,62,180,570,334,42,707,504,671,517,660,607,602,445,743,244,178,499,312,206,433,78,416,460,728,217,464,322,230,373,161,427,534,455,372,49,219,361,67,417,320,6,241,424,158,229,452,742,5,72,704,234,242,85,466,712,453,80,354,272,467,378,240,365,291,394,98,527,109,221,450,729,338,640,1,198,284,714,401,497,675,143,398,65,237,295,257,288,311,289,177,444,71,686,632,51,0,231,227,735,142,440,687,286,556,441,737,555,625,636,154,236,210,79,553,332,469,243,563,699,605,695,630,648,562,246,68,411,301,599,484,406,48,496,520,581,644,380,426,133,300,59,277,565,439,146,608,488,561,114,304,202,674,741,454,473,722,151,505,329,87,616,579,32,721,702,399,262,659,623,2,470,184,596,164,302,658,434,545,371,397,662,409,597,448,576,145,330,678,350,586,25,125,24,89,653,101,181,275,508,75,303,403,204,601,546,238,582,144,407,269,127,393,382,475,663,55,108,132,400,507,620,370,594,593,149,172,170,493,45,535,102,610,657,732,220,319,203,442,681,575,624,39,23,713,425,646,690,655,268,673,428,280,515,129,73,410,263,447,157,35,189,667,716,633,97,727,360,472,387,186,734,336,29,294,456,349,547,156,366,703,629,273,524,10,345,292,321,
583,274.6634316444397,161752.09487584644,156655.69530405666,477,691,572,147,590,66,94,183,603,8,567,471,749,258,720,324,64,628,359,476,31,585,519,557,353,323,224,683,723,724,163,501,207,342,619,516,141,551,449,652,325,111,69,171,705,187,12,218,379,228,461,113,537,548,580,506,552,213,543,369,614,357,173,341,267,748,47,118,167,83,414,347,462,528,432,710,415,711,482,28,666,307,175,343,116,600,463,664,138,571,487,621,404,604,747,205,418,285,136,568,573,502,612,290,233,525,457,351,112,279,176,106,631,57,317,532,245,282,327,642,26,391,458,670,140,480,446,731,130,622,736,685,200,362,37,431,335,718,591,95,104,54,701,82,679,88,739,193,726,498,429,208,589,14,60,160,738,696,249,331,148,730,684,105,214,746,131,43,223,169,165,53,408,92,368,443,451,715,119,44,3,587,626,340,152,159,305,254,486,638,377,542,733,255,355,356,661,190,438,134,174,384,271,199,61,402,489,694,115,386,474,592,247,514,50,196,668,124,260,698,697,137,293,700,672,352,337,437,297,479,194,252,649,314,339,46,494,550,226,122,709,522,261,564,225,309,232,11,358,647,99,256,86,512,264,117,405,396,306,389,278,459,634,298,222,153,375,530,617,266,536,390,598,574,478,215,81,16,381,346,669,392,367,421,30,503,500,93,745,276,248,103,641,665,299,27,385,259,677,17,100,643,688,211,420,554,84,251,296,274,374,639,490,395,376,383,20,195,121,529,566,52,544,436,651,584,510,717,209,253,107,19,182,70,344,191,313,315,588,188,348,483,615,22,265,560,7,4,531,185,523,287,168,637,318,56,139,38,689,120,583,692,76,577,491,33,308,413,363,708,485,650,91,541,18,326,90,110,179,40,328,654,569,680,558,606,595,333,533,693,96,521,725,239,74,283,481,135,513,13,155,430,511,201,538,539,706,526,216,192,126,423,412,419,270,34,682,495,21,559,645,656,465,540,235,422,468,518,212,250,578,77,15,310,618,123,36,492,740,635,611,676,435,128,388,63,744,281,41,549,509,364,316,627,162,719,609,613,58,9,197,150,166,62,180,570,334,42,707,504,671,517,660,607,602,445,743,244,178,499,312,206,433,78,416,460,728,217,464,322,230,373,161,427,534,455,372,49,219,361,67,417,320,6,241,424,158,229,452,742,5,72,704,234,242,85,466,712,453,80,354,272,467,378,240,365,291,394,98,527,109,221,450,729,338,640,1,198,284,714,401,497,675,143,398,65,237,295,257,288,311,289,177,444,71,686,632,51,0,231,227,735,142,440,687,286,556,441,737,555,625,636,154,236,210,79,553,332,469,243,563,699,605,695,630,648,562,246,68,411,301,599,484,406,48,496,520,581,644,380,426,133,300,59,277,565,439,146,608,488,561,114,304,202,674,741,454,473,722,151,505,329,87,616,579,32,721,702,399,262,659,623,2,470,184,596,164,302,658,434,545,371,397,662,409,597,448,576,145,330,678,350,586,25,125,24,89,653,101,181,275,508,75,303,403,204,601,546,238,582,144,407,269,127,393,382,475,663,55,108,132,400,507,620,370,594,593,149,172,170,493,45,535,102,610,657,732,220,319,203,442,681,575,624,39,23,713,425,646,690,655,268,673,428,280,515,129,73,410,263,447,157,35,189,667,716,633,97,727,360,472,387,186,734,336,29,294,456,349,547,156,366,703,629,273,524,10,345,292,321,
584,275.1592719554901,161456.90952149432,156655.69530405666,477,691,572,147,590,66,94,183,603,8,567,471,749,258,720,324,64,628,359,476,31,585,519,557,353,323,224,683,723,724,163,501,207,342,619,516,141,551,449,652,325,111,69,171,705,187,12,218,379,228,461,113,537,548,580,506,552,213,543,369,614,357,173,341,267,748,47,118,167,83,414,347,462,528,432,710,415,711,482,28,666,307,175,343,116,600,463,664,138,571,487,621,404,604,747,205,418,285,136,568,573,502,612,290,233,525,457,351,112,279,176,106,631,57,317,532,245,282,327,642,26,391,458,670,140,480,446,731,130,622,736,685,200,362,37,431,335,718,591,95,104,54,701,82,679,88,739,193,726,498,429,208,589,14,60,160,738,696,249,331,148,730,684,105,214,746,131,43,223,169,165,53,408,92,368,443,451,715,119,44,3,587,626,340,152,159,305,254,486,638,377,542,733,255,355,356,661,190,438,134,174,384,271,199,61,402,489,694,115,386,474,592,247,514,50,196,668,124,260,698,697,137,293,700,672,352,337,437,297,479,194,252,649,314,339,46,494,550,226,122,709,522,261,564,225,309,232,11,358,647,99,256,86,512,264,117,405,396,306,389,278,459,634,298,222,153,375,530,617,266,536,390,598,574,478,215,81,16,381,346,669,392,367,421,30,503,500,93,745,276,248,103,641,665,299,27,385,259,677,17,100,643,688,211,420,554,84,251,296,274,374,639,490,395,376,383,20,195,121,529,566,52,544,436,651,584,510,717,209,253,107,19,182,70,344,191,313,315,588,188,348,483,615,22,265,560,7,4,531,185,523,287,168,637,318,56,139,38,689,120,583,692,76,577,491,33,308,413,363,708,485,650,91,541,18,326,90,110,179,40,328,654,569,680,558,606,595,333,533,693,96,521,725,239,74,283,481,135,513,13,155,430,511,201,538,539,706,526,216,192,126,423,412,419,270,34,682,495,21,559,645,656,465,540,235,422,468,518,212,250,578,77,15,310,618,123,36,492,740,635,611,676,435,128,388,63,744,281,41,549,509,364,316,627,162,719,609,613,58,9,197,150,166,62,180,570,334,42,707,504,671,517,660,607,602,445,743,244,178,499,312,206,433,78,416,460,728,217,464,322,230,373,161,427,534,455,372,49,219,361,67,417,320,6,241,424,158,229,452,742,5,72,704,234,242,85,466,712,453,80,354,272,467,378,240,365,291,394,98,527,109,221,450,729,338,640,1,198,284,714,401,497,675,143,398,65,237,295,257,288,311,289,177,444,71,686,632,51,0,231,227,735,142,440,687,286,556,441,737,555,625,636,154,236,210,79,553,332,469,243,563,699,605,695,630,648,562,246,68,411,301,599,484,406,48,496,520,581,644,380,426,133,300,59,277,565,439,146,608,488,561,114,304,202,674,741,454,473,722,151,505,329,87,616,579,32,721,702,399,262,659,623,2,470,184,596,164,302,658,434,545,371,397,662,409,597,448,576,145,330,678,350,586,25,125,24,89,653,101,181,275,508,75,303,403,204,601,546,238,582,144,407,269,127,393,382,475,663,55,108,132,400,507,620,370,594,593,149,172,170,493,45,535,102,610,657,732,220,319,203,442,681,575,624,39,23,713,425,646,690,655,268,673,428,280,515,129,73,410,263,447,157,35,189,667,716,633,97,727,360,472,387,186,734,336,29,294,456,349,547,156,366,703,629,273,524,10,345,292,321,
585,275.8168535232544,161908.25570844862,156655.69530405666,477,691,572,147,590,66,94,183,603,8,567,471,749,258,720,324,64,628,359,476,31,585,519,557,353,323,224,683,723,724,163,501,207,342,619,516,141,551,449,652,325,111,69,171,705,187,12,218,379,228,461,113,537,548,580,506,552,213,543,369,614,357,173,341,267,748,47,118,167,83,414,347,462,528,432,710,415,711,482,28,666,307,175,343,116,600,463,664,138,571,487,621,404,604,747,205,418,285,136,568,573,502,612,290,233,525,457,351,112,279,176,106,631,57,317,532,245,282,327,642,26,391,458,670,140,480,446,731,130,622,736,685,200,362,37,431,335,718,591,95,104,54,701,82,679,88,739,193,726,498,429,208,589,14,60,160,738,696,249,331,148,730,684,105,214,746,131,43,223,169,165,53,408,92,368,443,451,715,119,44,3,587,626,340,152,159,305,254,486,638,377,542,733,255,355,356,661,190,438,134,174,384,271,199,61,402,489,694,115,386,474,592,247,514,50,196,668,124,260,698,697,137,293,700,672,352,337,437,297,479,194,252,649,314,339,46,494,550,226,122,709,522,261,564,225,309,232,11,358,647,99,256,86,512,264,117,405,396,306,389,278,459,634,298,222,153,375,530,617,266,536,390,598,574,478,215,81,16,381,346,669,392,367,421,30,503,500,93,745,276,248,103,641,665,299,27,385,259,677,17,100,643,688,211,420,554,84,251,296,274,374,639,490,395,376,383,20,195,121,529,566,52,544,436,651,584,510,717,209,253,107,19,182,70,344,191,313,315,588,188,348,483,615,22,265,560,7,4,531,185,523,287,168,637,318,56,139,38,689,120,583,692,76,577,491,33,308,413,363,708,485,650,91,541,18,326,90,110,179,40,328,654,569,680,558,606,595,333,533,693,96,521,725,239,74,283,481,135,513,13,155,430,511,201,538,539,706,526,216,192,126,423,412,419,270,34,682,495,21,559,645,656,465,540,235,422,468,518,212,250,578,77,15,310,618,123,36,492,740,635,611,676,435,128,388,63,744,281,41,549,509,364,316,627,162,719,609,613,58,9,197,150,166,62,180,570,334,42,707,504,671,517,660,607,602,445,743,244,178,499,312,206,433,78,416,460,728,217,464,322,230,373,161,427,534,455,372,49,219,361,67,417,320,6,241,424,158,229,452,742,5,72,704,234,242,85,466,712,453,80,354,272,467,378,240,365,291,394,98,527,109,221,450,729,338,640,1,198,284,714,401,497,675,143,398,65,237,295,257,288,311,289,177,444,71,686,632,51,0,231,227,735,142,440,687,286,556,441,737,555,625,636,154,236,210,79,553,332,469,243,563,699,605,695,630,648,562,246,68,411,301,599,484,406,48,496,520,581,644,380,426,133,300,59,277,565,439,146,608,488,561,114,304,202,674,741,454,473,722,151,505,329,87,616,579,32,721,702,399,262,659,623,2,470,184,596,164,302,658,434,545,371,397,662,409,597,448,576,145,330,678,350,586,25,125,24,89,653,101,181,275,508,75,303,403,204,601,546,238,582,144,407,269,127,393,382,475,663,55,108,132,400,507,620,370,594,593,149,172,170,493,45,535,102,610,657,732,220,319,203,442,681,575,624,39,23,713,425,646,690,655,268,673,428,280,515,129,73,410,263,447,157,35,189,667,716,633,97,727,360,472,387,186,734,336,29,294,456,349,547,156,366,703,629,273,524,10,345,292,321,
586,276.3948655128479,161925.40144328657,156655.69530405666,477,691,572,147,590,66,94,183,603,8,567,471,749,258,720,324,64,628,359,476,31,585,519,557,353,323,224,683,723,724,163,501,207,342,619,516,141,551,449,652,325,111,69,171,705,187,12,218,379,228,461,113,537,548,580,506,552,213,543,369,614,357,173,341,267,748,47,118,167,83,414,347,462,528,432,710,415,711,482,28,666,307,175,343,116,600,463,664,138,571,487,621,404,604,747,205,418,285,136,568,573,502,612,290,233,525,457,351,112,279,176,106,631,57,317,532,245,282,327,642,26,391,458,670,140,480,446,731,130,622,736,685,200,362,37,431,335,718,591,95,104,54,701,82,679,88,739,193,726,498,429,208,589,14,60,160,738,696,249,331,148,730,684,105,214,746,131,43,223,169,165,53,408,92,368,443,451,715,119,44,3,587,626,340,152,159,305,254,486,638,377,542,733,255,355,356,661,190,438,134,174,384,271,199,61,402,489,694,115,386,474,592,247,514,50,196,668,124,260,698,697,137,293,700,672,352,337,437,297,479,194,252,649,314,339,46,494,550,226,122,709,522,261,564,225,309,232,11,358,647,99,256,86,512,264,117,405,396,306,389,278,459,634,298,222,153,375,530,617,266,536,390,598,574,478,215,81,16,381,346,669,392,367,421,30,503,500,93,745,276,248,103,641,665,299,27,385,259,677,17,100,643,688,211,420,554,84,251,296,274,374,639,490,395,376,383,20,195,121,529,566,52,544,436,651,584,510,717,209,253,107,19,182,70,344,191,313,315,588,188,348,483,615,22,265,560,7,4,531,185,523,287,168,637,318,56,139,38,689,120,583,692,76,577,491,33,308,413,363,708,485,650,91,541,18,326,90,110,179,40,328,654,569,680,558,606,595,333,533,693,96,521,725,239,74,283,481,135,513,13,155,430,511,201,538,539,706,526,216,192,126,423,412,419,270,34,682,495,21,559,645,656,465,540,235,422,468,518,212,250,578,77,15,310,618,123,36,492,740,635,611,676,435,128,388,63,744,281,41,549,509,364,316,627,162,719,609,613,58,9,197,150,166,62,180,570,334,42,707,504,671,517,660,607,602,445,743,244,178,499,312,206,433,78,416,460,728,217,464,322,230,373,161,427,534,455,372,49,219,361,67,417,320,6,241,424,158,229,452,742,5,72,704,234,242,85,466,712,453,80,354,272,467,378,240,365,291,394,98,527,109,221,450,729,338,640,1,198,284,714,401,497,675,143,398,65,237,295,257,288,311,289,177,444,71,686,632,51,0,231,227,735,142,440,687,286,556,441,737,555,625,636,154,236,210,79,553,332,469,243,563,699,605,695,630,648,562,246,68,411,301,599,484,406,48,496,520,581,644,380,426,133,300,59,277,565,439,146,608,488,561,114,304,202,674,741,454,473,722,151,505,329,87,616,579,32,721,702,399,262,659,623,2,470,184,596,164,302,658,434,545,371,397,662,409,597,448,576,145,330,678,350,586,25,125,24,89,653,101,181,275,508,75,303,403,204,601,546,238,582,144,407,269,127,393,382,475,663,55,108,132,400,507,620,370,594,593,149,172,170,493,45,535,102,610,657,732,220,319,203,442,681,575,624,39,23,713,425,646,690,655,268,673,428,280,515,129,73,410,263,447,157,35,189,667,716,633,97,727,360,472,387,186,734,336,29,294,456,349,547,156,366,703,629,273,524,10,345,292,321,
587,276.95575499534607,inf,156655.69530405666,477,691,572,147,590,66,94,183,603,8,567,471,749,258,720,324,64,628,359,476,31,585,519,557,353,323,224,683,723,724,163,501,207,342,619,516,141,551,449,652,325,111,69,171,705,187,12,218,379,228,461,113,537,548,580,506,552,213,543,369,614,357,173,341,267,748,47,118,167,83,414,347,462,528,432,710,415,711,482,28,666,307,175,343,116,600,463,664,138,571,487,621,404,604,747,205,418,285,136,568,573,502,612,290,233,525,457,351,112,279,176,106,631,57,317,532,245,282,327,642,26,391,458,670,140,480,446,731,130,622,736,685,200,362,37,431,335,718,591,95,104,54,701,82,679,88,739,193,726,498,429,208,589,14,60,160,738,696,249,331,148,730,684,105,214,746,131,43,223,169,165,53,408,92,368,443,451,715,119,44,3,587,626,340,152,159,305,254,486,638,377,542,733,255,355,356,661,190,438,134,174,384,271,199,61,402,489,694,115,386,474,592,247,514,50,196,668,124,260,698,697,137,293,700,672,352,337,437,297,479,194,252,649,314,339,46,494,550,226,122,709,522,261,564,225,309,232,11,358,647,99,256,86,512,264,117,405,396,306,389,278,459,634,298,222,153,375,530,617,266,536,390,598,574,478,215,81,16,381,346,669,392,367,421,30,503,500,93,745,276,248,103,641,665,299,27,385,259,677,17,100,643,688,211,420,554,84,251,296,274,374,639,490,395,376,383,20,195,121,529,566,52,544,436,651,584,510,717,209,253,107,19,182,70,344,191,313,315,588,188,348,483,615,22,265,560,7,4,531,185,523,287,168,637,318,56,139,38,689,120,583,692,76,577,491,33,308,413,363,708,485,650,91,541,18,326,90,110,179,40,328,654,569,680,558,606,595,333,533,693,96,521,725,239,74,283,481,135,513,13,155,430,511,201,538,539,706,526,216,192,126,423,412,419,270,34,682,495,21,559,645,656,465,540,235,422,468,518,212,250,578,77,15,310,618,123,36,492,740,635,611,676,435,128,388,63,744,281,41,549,509,364,316,627,162,719,609,613,58,9,197,150,166,62,180,570,334,42,707,504,671,517,660,607,602,445,743,244,178,499,312,206,433,78,416,460,728,217,464,322,230,373,161,427,534,455,372,49,219,361,67,417,320,6,241,424,158,229,452,742,5,72,704,234,242,85,466,712,453,80,354,272,467,378,240,365,291,394,98,527,109,221,450,729,338,640,1,198,284,714,401,497,675,143,398,65,237,295,257,288,311,289,177,444,71,686,632,51,0,231,227,735,142,440,687,286,556,441,737,555,625,636,154,236,210,79,553,332,469,243,563,699,605,695,630,648,562,246,68,411,301,599,484,406,48,496,520,581,644,380,426,133,300,59,277,565,439,146,608,488,561,114,304,202,674,741,454,473,722,151,505,329,87,616,579,32,721,702,399,262,659,623,2,470,184,596,164,302,658,434,545,371,397,662,409,597,448,576,145,330,678,350,586,25,125,24,89,653,101,181,275,508,75,303,403,204,601,546,238,582,144,407,269,127,393,382,475,663,55,108,132,400,507,620,370,594,593,149,172,170,493,45,535,102,610,657,732,220,319,203,442,681,575,624,39,23,713,425,646,690,655,268,673,428,280,515,129,73,410,263,447,157,35,189,667,716,633,97,727,360,472,387,186,734,336,29,294,456,349,547,156,366,703,629,273,524,10,345,292,321,
588,277.42600440979004,161499.22236741107,156655.69530405666,477,691,572,147,590,66,94,183,603,8,567,471,749,258,720,324,64,628,359,476,31,585,519,557,353,323,224,683,723,724,163,501,207,342,619,516,141,551,449,652,325,111,69,171,705,187,12,218,379,228,461,113,537,548,580,506,552,213,543,369,614,357,173,341,267,748,47,118,167,83,414,347,462,528,432,710,415,711,482,28,666,307,175,343,116,600,463,664,138,571,487,621,404,604,747,205,418,285,136,568,573,502,612,290,233,525,457,351,112,279,176,106,631,57,317,532,245,282,327,642,26,391,458,670,140,480,446,731,130,622,736,685,200,362,37,431,335,718,591,95,104,54,701,82,679,88,739,193,726,498,429,208,589,14,60,160,738,696,249,331,148,730,684,105,214,746,131,43,223,169,165,53,408,92,368,443,451,715,119,44,3,587,626,340,152,159,305,254,486,638,377,542,733,255,355,356,661,190,438,134,174,384,271,199,61,402,489,694,115,386,474,592,247,514,50,196,668,124,260,698,697,137,293,700,672,352,337,437,297,479,194,252,649,314,339,46,494,550,226,122,709,522,261,564,225,309,232,11,358,647,99,256,86,512,264,117,405,396,306,389,278,459,634,298,222,153,375,530,617,266,536,390,598,574,478,215,81,16,381,346,669,392,367,421,30,503,500,93,745,276,248,103,641,665,299,27,385,259,677,17,100,643,688,211,420,554,84,251,296,274,374,639,490,395,376,383,20,195,121,529,566,52,544,436,651,584,510,717,209,253,107,19,182,70,344,191,313,315,588,188,348,483,615,22,265,560,7,4,531,185,523,287,168,637,318,56,139,38,689,120,583,692,76,577,491,33,308,413,363,708,485,650,91,541,18,326,90,110,179,40,328,654,569,680,558,606,595,333,533,693,96,521,725,239,74,283,481,135,513,13,155,430,511,201,538,539,706,526,216,192,126,423,412,419,270,34,682,495,21,559,645,656,465,540,235,422,468,518,212,250,578,77,15,310,618,123,36,492,740,635,611,676,435,128,388,63,744,281,41,549,509,364,316,627,162,719,609,613,58,9,197,150,166,62,180,570,334,42,707,504,671,517,660,607,602,445,743,244,178,499,312,206,433,78,416,460,728,217,464,322,230,373,161,427,534,455,372,49,219,361,67,417,320,6,241,424,158,229,452,742,5,72,704,234,242,85,466,712,453,80,354,272,467,378,240,365,291,394,98,527,109,221,450,729,338,640,1,198,284,714,401,497,675,143,398,65,237,295,257,288,311,289,177,444,71,686,632,51,0,231,227,735,142,440,687,286,556,441,737,555,625,636,154,236,210,79,553,332,469,243,563,699,605,695,630,648,562,246,68,411,301,599,484,406,48,496,520,581,644,380,426,133,300,59,277,565,439,146,608,488,561,114,304,202,674,741,454,473,722,151,505,329,87,616,579,32,721,702,399,262,659,623,2,470,184,596,164,302,658,434,545,371,397,662,409,597,448,576,145,330,678,350,586,25,125,24,89,653,101,181,275,508,75,303,403,204,601,546,238,582,144,407,269,127,393,382,475,663,55,108,132,400,507,620,370,594,593,149,172,170,493,45,535,102,610,657,732,220,319,203,442,681,575,624,39,23,713,425,646,690,655,268,673,428,280,515,129,73,410,263,447,157,35,189,667,716,633,97,727,360,472,387,186,734,336,29,294,456,349,547,156,366,703,629,273,524,10,345,292,321,
589,277.95968198776245,161664.2376714034,156655.69530405666,477,691,572,147,590,66,94,183,603,8,567,471,749,258,720,324,64,628,359,476,31,585,519,557,353,323,224,683,723,724,163,501,207,342,619,516,141,551,449,652,325,111,69,171,705,187,12,218,379,228,461,113,537,548,580,506,552,213,543,369,614,357,173,341,267,748,47,118,167,83,414,347,462,528,432,710,415,711,482,28,666,307,175,343,116,600,463,664,138,571,487,621,404,604,747,205,418,285,136,568,573,502,612,290,233,525,457,351,112,279,176,106,631,57,317,532,245,282,327,642,26,391,458,670,140,480,446,731,130,622,736,685,200,362,37,431,335,718,591,95,104,54,701,82,679,88,739,193,726,498,429,208,589,14,60,160,738,696,249,331,148,730,684,105,214,746,131,43,223,169,165,53,408,92,368,443,451,715,119,44,3,587,626,340,152,159,305,254,486,638,377,542,733,255,355,356,661,190,438,134,174,384,271,199,61,402,489,694,115,386,474,592,247,514,50,196,668,124,260,698,697,137,293,700,672,352,337,437,297,479,194,252,649,314,339,46,494,550,226,122,709,522,261,564,225,309,232,11,358,647,99,256,86,512,264,117,405,396,306,389,278,459,634,298,222,153,375,530,617,266,536,390,598,574,478,215,81,16,381,346,669,392,367,421,30,503,500,93,745,276,248,103,641,665,299,27,385,259,677,17,100,643,688,211,420,554,84,251,296,274,374,639,490,395,376,383,20,195,121,529,566,52,544,436,651,584,510,717,209,253,107,19,182,70,344,191,313,315,588,188,348,483,615,22,265,560,7,4,531,185,523,287,168,637,318,56,139,38,689,120,583,692,76,577,491,33,308,413,363,708,485,650,91,541,18,326,90,110,179,40,328,654,569,680,558,606,595,333,533,693,96,521,725,239,74,283,481,135,513,13,155,430,511,201,538,539,706,526,216,192,126,423,412,419,270,34,682,495,21,559,645,656,465,540,235,422,468,518,212,250,578,77,15,310,618,123,36,492,740,635,611,676,435,128,388,63,744,281,41,549,509,364,316,627,162,719,609,613,58,9,197,150,166,62,180,570,334,42,707,504,671,517,660,607,602,445,743,244,178,499,312,206,433,78,416,460,728,217,464,322,230,373,161,427,534,455,372,49,219,361,67,417,320,6,241,424,158,229,452,742,5,72,704,234,242,85,466,712,453,80,354,272,467,378,240,365,291,394,98,527,109,221,450,729,338,640,1,198,284,714,401,497,675,143,398,65,237,295,257,288,311,289,177,444,71,686,632,51,0,231,227,735,142,440,687,286,556,441,737,555,625,636,154,236,210,79,553,332,469,243,563,699,605,695,630,648,562,246,68,411,301,599,484,406,48,496,520,581,644,380,426,133,300,59,277,565,439,146,608,488,561,114,304,202,674,741,454,473,722,151,505,329,87,616,579,32,721,702,399,262,659,623,2,470,184,596,164,302,658,434,545,371,397,662,409,597,448,576,145,330,678,350,586,25,125,24,89,653,101,181,275,508,75,303,403,204,601,546,238,582,144,407,269,127,393,382,475,663,55,108,132,400,507,620,370,594,593,149,172,170,493,45,535,102,610,657,732,220,319,203,442,681,575,624,39,23,713,425,646,690,655,268,673,428,280,515,129,73,410,263,447,157,35,189,667,716,633,97,727,360,472,387,186,734,336,29,294,456,349,547,156,366,703,629,273,524,10,345,292,321,
590,278.46071600914,inf,156631.33114830687,690,655,268,673,428,280,515,129,73,410,263,447,157,35,189,667,716,633,97,727,360,472,387,186,734,336,29,294,456,349,547,156,366,703,629,273,524,10,345,292,321,477,691,572,147,590,66,94,183,603,8,567,471,749,258,720,324,64,628,359,476,31,585,519,557,353,323,224,683,723,724,163,501,218,187,12,207,342,619,516,141,551,449,652,325,111,69,171,705,612,502,573,568,290,233,525,457,351,112,279,176,106,631,57,317,532,245,282,327,642,26,391,458,670,140,480,446,731,130,622,736,685,200,362,37,431,335,718,591,95,104,54,600,463,664,138,571,487,621,404,604,747,205,418,285,379,228,461,113,537,548,580,506,552,213,614,369,543,676,435,357,173,341,267,748,47,118,167,83,414,347,462,528,432,710,415,711,482,28,666,307,175,343,116,701,82,679,88,739,193,726,498,136,429,208,589,14,60,160,738,696,249,331,148,730,684,105,214,746,131,43,223,169,165,53,408,92,368,443,451,715,119,44,3,587,626,340,152,159,305,254,486,638,377,542,733,255,355,356,661,190,438,134,174,384,271,199,61,402,489,694,115,386,474,592,247,514,50,196,668,124,260,698,697,137,293,700,672,352,337,437,297,479,194,252,649,314,339,46,494,550,226,122,709,522,261,564,225,309,232,11,358,647,99,256,86,512,264,117,405,396,306,389,278,459,634,298,222,153,375,530,617,266,536,390,598,574,478,215,81,16,381,346,669,392,367,421,30,503,500,93,745,276,248,103,641,665,299,27,385,259,677,17,100,643,688,211,420,554,84,251,296,274,374,639,490,395,376,383,20,195,121,529,566,52,544,436,651,584,510,717,209,253,107,19,182,70,344,191,313,315,588,188,348,483,615,22,265,560,7,4,531,185,523,287,168,637,318,56,139,38,689,120,583,692,76,577,491,33,308,413,363,708,485,650,91,541,18,326,90,110,179,40,328,654,569,680,558,606,595,333,533,693,96,521,725,239,74,283,481,135,513,13,155,430,511,201,538,539,706,526,216,192,126,423,412,419,270,34,682,495,21,559,645,656,465,540,235,422,468,518,212,250,578,77,15,310,618,123,36,492,740,635,611,128,388,63,744,281,41,549,509,364,316,627,162,719,609,613,58,9,197,150,166,62,180,570,334,42,707,504,671,517,660,607,602,445,743,244,178,499,312,206,433,78,416,460,728,217,464,322,230,373,161,427,534,455,372,49,219,361,67,417,320,6,241,424,158,229,452,742,5,72,704,234,242,85,466,712,453,80,354,272,467,378,240,365,291,394,98,527,109,221,450,729,338,640,1,198,284,714,401,497,675,143,398,65,237,295,257,288,311,289,177,444,71,686,632,51,0,231,227,735,142,440,687,286,556,441,737,555,553,79,625,636,154,236,210,332,469,243,563,699,605,695,630,648,562,246,68,411,301,599,484,406,48,496,520,581,644,380,426,133,300,59,277,565,439,146,608,488,561,114,304,202,674,741,454,473,722,151,505,329,87,616,579,32,721,702,399,262,659,623,2,470,184,596,164,302,658,434,545,371,397,662,409,597,448,576,145,330,678,350,586,25,125,24,89,653,101,181,275,508,75,303,403,204,601,546,238,582,144,407,269,127,393,382,475,663,55,108,132,400,507,620,370,594,593,149,172,170,493,45,535,102,610,657,732,220,319,203,442,681,575,624,39,23,713,425,646,
591,279.00471115112305,160163.21533370166,156631.33114830687,690,655,268,673,428,280,515,129,73,410,263,447,157,35,189,667,716,633,97,727,360,472,387,186,734,336,29,294,456,349,547,156,366,703,629,273,524,10,345,292,321,477,691,572,147,590,66,94,183,603,8,567,471,749,258,720,324,64,628,359,476,31,585,519,557,353,323,224,683,723,724,163,501,218,187,12,207,342,619,516,141,551,449,652,325,111,69,171,705,612,502,573,568,290,233,525,457,351,112,279,176,106,631,57,317,532,245,282,327,642,26,391,458,670,140,480,446,731,130,622,736,685,200,362,37,431,335,718,591,95,104,54,600,463,664,138,571,487,621,404,604,747,205,418,285,379,228,461,113,537,548,580,506,552,213,614,369,543,676,435,357,173,341,267,748,47,118,167,83,414,347,462,528,432,710,415,711,482,28,666,307,175,343,116,701,82,679,88,739,193,726,498,136,429,208,589,14,60,160,738,696,249,331,148,730,684,105,214,746,131,43,223,169,165,53,408,92,368,443,451,715,119,44,3,587,626,340,152,159,305,254,486,638,377,542,733,255,355,356,661,190,438,134,174,384,271,199,61,402,489,694,115,386,474,592,247,514,50,196,668,124,260,698,697,137,293,700,672,352,337,437,297,479,194,252,649,314,339,46,494,550,226,122,709,522,261,564,225,309,232,11,358,647,99,256,86,512,264,117,405,396,306,389,278,459,634,298,222,153,375,530,617,266,536,390,598,574,478,215,81,16,381,346,669,392,367,421,30,503,500,93,745,276,248,103,641,665,299,27,385,259,677,17,100,643,688,211,420,554,84,251,296,274,374,639,490,395,376,383,20,195,121,529,566,52,544,436,651,584,510,717,209,253,107,19,182,70,344,191,313,315,588,188,348,483,615,22,265,560,7,4,531,185,523,287,168,637,318,56,139,38,689,120,583,692,76,577,491,33,308,413,363,708,485,650,91,541,18,326,90,110,179,40,328,654,569,680,558,606,595,333,533,693,96,521,725,239,74,283,481,135,513,13,155,430,511,201,538,539,706,526,216,192,126,423,412,419,270,34,682,495,21,559,645,656,465,540,235,422,468,518,212,250,578,77,15,310,618,123,36,492,740,635,611,128,388,63,744,281,41,549,509,364,316,627,162,719,609,613,58,9,197,150,166,62,180,570,334,42,707,504,671,517,660,607,602,445,743,244,178,499,312,206,433,78,416,460,728,217,464,322,230,373,161,427,534,455,372,49,219,361,67,417,320,6,241,424,158,229,452,742,5,72,704,234,242,85,466,712,453,80,354,272,467,378,240,365,291,394,98,527,109,221,450,729,338,640,1,198,284,714,401,497,675,143,398,65,237,295,257,288,311,289,177,444,71,686,632,51,0,231,227,735,142,440,687,286,556,441,737,555,553,79,625,636,154,236,210,332,469,243,563,699,605,695,630,648,562,246,68,411,301,599,484,406,48,496,520,581,644,380,426,133,300,59,277,565,439,146,608,488,561,114,304,202,674,741,454,473,722,151,505,329,87,616,579,32,721,702,399,262,659,623,2,470,184,596,164,302,658,434,545,371,397,662,409,597,448,576,145,330,678,350,586,25,125,24,89,653,101,181,275,508,75,303,403,204,601,546,238,582,144,407,269,127,393,382,475,663,55,108,132,400,507,620,370,594,593,149,172,170,493,45,535,102,610,657,732,220,319,203,442,681,575,624,39,23,713,425,646,
592,279.509694814682,160117.56546351503,156631.33114830687,690,655,268,673,428,280,515,129,73,410,263,447,157,35,189,667,716,633,97,727,360,472,387,186,734,336,29,294,456,349,547,156,366,703,629,273,524,10,345,292,321,477,691,572,147,590,66,94,183,603,8,567,471,749,258,720,324,64,628,359,476,31,585,519,557,353,323,224,683,723,724,163,501,218,187,12,207,342,619,516,141,551,449,652,325,111,69,171,705,612,502,573,568,290,233,525,457,351,112,279,176,106,631,57,317,532,245,282,327,642,26,391,458,670,140,480,446,731,130,622,736,685,200,362,37,431,335,718,591,95,104,54,600,463,664,138,571,487,621,404,604,747,205,418,285,379,228,461,113,537,548,580,506,552,213,614,369,543,676,435,357,173,341,267,748,47,118,167,83,414,347,462,528,432,710,415,711,482,28,666,307,175,343,116,701,82,679,88,739,193,726,498,136,429,208,589,14,60,160,738,696,249,331,148,730,684,105,214,746,131,43,223,169,165,53,408,92,368,443,451,715,119,44,3,587,626,340,152,159,305,254,486,638,377,542,733,255,355,356,661,190,438,134,174,384,271,199,61,402,489,694,115,386,474,592,247,514,50,196,668,124,260,698,697,137,293,700,672,352,337,437,297,479,194,252,649,314,339,46,494,550,226,122,709,522,261,564,225,309,232,11,358,647,99,256,86,512,264,117,405,396,306,389,278,459,634,298,222,153,375,530,617,266,536,390,598,574,478,215,81,16,381,346,669,392,367,421,30,503,500,93,745,276,248,103,641,665,299,27,385,259,677,17,100,643,688,211,420,554,84,251,296,274,374,639,490,395,376,383,20,195,121,529,566,52,544,436,651,584,510,717,209,253,107,19,182,70,344,191,313,315,588,188,348,483,615,22,265,560,7,4,531,185,523,287,168,637,318,56,139,38,689,120,583,692,76,577,491,33,308,413,363,708,485,650,91,541,18,326,90,110,179,40,328,654,569,680,558,606,595,333,533,693,96,521,725,239,74,283,481,135,513,13,155,430,511,201,538,539,706,526,216,192,126,423,412,419,270,34,682,495,21,559,645,656,465,540,235,422,468,518,212,250,578,77,15,310,618,123,36,492,740,635,611,128,388,63,744,281,41,549,509,364,316,627,162,719,609,613,58,9,197,150,166,62,180,570,334,42,707,504,671,517,660,607,602,445,743,244,178,499,312,206,433,78,416,460,728,217,464,322,230,373,161,427,534,455,372,49,219,361,67,417,320,6,241,424,158,229,452,742,5,72,704,234,242,85,466,712,453,80,354,272,467,378,240,365,291,394,98,527,109,221,450,729,338,640,1,198,284,714,401,497,675,143,398,65,237,295,257,288,311,289,177,444,71,686,632,51,0,231,227,735,142,440,687,286,556,441,737,555,553,79,625,636,154,236,210,332,469,243,563,699,605,695,630,648,562,246,68,411,301,599,484,406,48,496,520,581,644,380,426,133,300,59,277,565,439,146,608,488,561,114,304,202,674,741,454,473,722,151,505,329,87,616,579,32,721,702,399,262,659,623,2,470,184,596,164,302,658,434,545,371,397,662,409,597,448,576,145,330,678,350,586,25,125,24,89,653,101,181,275,508,75,303,403,204,601,546,238,582,144,407,269,127,393,382,475,663,55,108,132,400,507,620,370,594,593,149,172,170,493,45,535,102,610,657,732,220,319,203,442,681,575,624,39,23,713,425,646,
593,279.92532110214233,160269.7214391802,156631.33114830687,690,655,268,673,428,280,515,129,73,410,263,447,157,35,189,667,716,633,97,727,360,472,387,186,734,336,29,294,456,349,547,156,366,703,629,273,524,10,345,292,321,477,691,572,147,590,66,94,183,603,8,567,471,749,258,720,324,64,628,359,476,31,585,519,557,353,323,224,683,723,724,163,501,218,187,12,207,342,619,516,141,551,449,652,325,111,69,171,705,612,502,573,568,290,233,525,457,351,112,279,176,106,631,57,317,532,245,282,327,642,26,391,458,670,140,480,446,731,130,622,736,685,200,362,37,431,335,718,591,95,104,54,600,463,664,138,571,487,621,404,604,747,205,418,285,379,228,461,113,537,548,580,506,552,213,614,369,543,676,435,357,173,341,267,748,47,118,167,83,414,347,462,528,432,710,415,711,482,28,666,307,175,343,116,701,82,679,88,739,193,726,498,136,429,208,589,14,60,160,738,696,249,331,148,730,684,105,214,746,131,43,223,169,165,53,408,92,368,443,451,715,119,44,3,587,626,340,152,159,305,254,486,638,377,542,733,255,355,356,661,190,438,134,174,384,271,199,61,402,489,694,115,386,474,592,247,514,50,196,668,124,260,698,697,137,293,700,672,352,337,437,297,479,194,252,649,314,339,46,494,550,226,122,709,522,261,564,225,309,232,11,358,647,99,256,86,512,264,117,405,396,306,389,278,459,634,298,222,153,375,530,617,266,536,390,598,574,478,215,81,16,381,346,669,392,367,421,30,503,500,93,745,276,248,103,641,665,299,27,385,259,677,17,100,643,688,211,420,554,84,251,296,274,374,639,490,395,376,383,20,195,121,529,566,52,544,436,651,584,510,717,209,253,107,19,182,70,344,191,313,315,588,188,348,483,615,22,265,560,7,4,531,185,523,287,168,637,318,56,139,38,689,120,583,692,76,577,491,33,308,413,363,708,485,650,91,541,18,326,90,110,179,40,328,654,569,680,558,606,595,333,533,693,96,521,725,239,74,283,481,135,513,13,155,430,511,201,538,539,706,526,216,192,126,423,412,419,270,34,682,495,21,559,645,656,465,540,235,422,468,518,212,250,578,77,15,310,618,123,36,492,740,635,611,128,388,63,744,281,41,549,509,364,316,627,162,719,609,613,58,9,197,150,166,62,180,570,334,42,707,504,671,517,660,607,602,445,743,244,178,499,312,206,433,78,416,460,728,217,464,322,230,373,161,427,534,455,372,49,219,361,67,417,320,6,241,424,158,229,452,742,5,72,704,234,242,85,466,712,453,80,354,272,467,378,240,365,291,394,98,527,109,221,450,729,338,640,1,198,284,714,401,497,675,143,398,65,237,295,257,288,311,289,177,444,71,686,632,51,0,231,227,735,142,440,687,286,556,441,737,555,553,79,625,636,154,236,210,332,469,243,563,699,605,695,630,648,562,246,68,411,301,599,484,406,48,496,520,581,644,380,426,133,300,59,277,565,439,146,608,488,561,114,304,202,674,741,454,473,722,151,505,329,87,616,579,32,721,702,399,262,659,623,2,470,184,596,164,302,658,434,545,371,397,662,409,597,448,576,145,330,678,350,586,25,125,24,89,653,101,181,275,508,75,303,403,204,601,546,238,582,144,407,269,127,393,382,475,663,55,108,132,400,507,620,370,594,593,149,172,170,493,45,535,102,610,657,732,220,319,203,442,681,575,624,39,23,713,425,646,
594,280.4290826320648,159930.02081121987,156631.33114830687,690,655,268,673,428,280,515,129,73,410,263,447,157,35,189,667,716,633,97,727,360,472,387,186,734,336,29,294,456,349,547,156,366,703,629,273,524,10,345,292,321,477,691,572,147,590,66,94,183,603,8,567,471,749,258,720,324,64,628,359,476,31,585,519,557,353,323,224,683,723,724,163,501,218,187,12,207,342,619,516,141,551,449,652,325,111,69,171,705,612,502,573,568,290,233,525,457,351,112,279,176,106,631,57,317,532,245,282,327,642,26,391,458,670,140,480,446,731,130,622,736,685,200,362,37,431,335,718,591,95,104,54,600,463,664,138,571,487,621,404,604,747,205,418,285,379,228,461,113,537,548,580,506,552,213,614,369,543,676,435,357,173,341,267,748,47,118,167,83,414,347,462,528,432,710,415,711,482,28,666,307,175,343,116,701,82,679,88,739,193,726,498,136,429,208,589,14,60,160,738,696,249,331,148,730,684,105,214,746,131,43,223,169,165,53,408,92,368,443,451,715,119,44,3,587,626,340,152,159,305,254,486,638,377,542,733,255,355,356,661,190,438,134,174,384,271,199,61,402,489,694,115,386,474,592,247,514,50,196,668,124,260,698,697,137,293,700,672,352,337,437,297,479,194,252,649,314,339,46,494,550,226,122,709,522,261,564,225,309,232,11,358,647,99,256,86,512,264,117,405,396,306,389,278,459,634,298,222,153,375,530,617,266,536,390,598,574,478,215,81,16,381,346,669,392,367,421,30,503,500,93,745,276,248,103,641,665,299,27,385,259,677,17,100,643,688,211,420,554,84,251,296,274,374,639,490,395,376,383,20,195,121,529,566,52,544,436,651,584,510,717,209,253,107,19,182,70,344,191,313,315,588,188,348,483,615,22,265,560,7,4,531,185,523,287,168,637,318,56,139,38,689,120,583,692,76,577,491,33,308,413,363,708,485,650,91,541,18,326,90,110,179,40,328,654,569,680,558,606,595,333,533,693,96,521,725,239,74,283,481,135,513,13,155,430,511,201,538,539,706,526,216,192,126,423,412,419,270,34,682,495,21,559,645,656,465,540,235,422,468,518,212,250,578,77,15,310,618,123,36,492,740,635,611,128,388,63,744,281,41,549,509,364,316,627,162,719,609,613,58,9,197,150,166,62,180,570,334,42,707,504,671,517,660,607,602,445,743,244,178,499,312,206,433,78,416,460,728,217,464,322,230,373,161,427,534,455,372,49,219,361,67,417,320,6,241,424,158,229,452,742,5,72,704,234,242,85,466,712,453,80,354,272,467,378,240,365,291,394,98,527,109,221,450,729,338,640,1,198,284,714,401,497,675,143,398,65,237,295,257,288,311,289,177,444,71,686,632,51,0,231,227,735,142,440,687,286,556,441,737,555,553,79,625,636,154,236,210,332,469,243,563,699,605,695,630,648,562,246,68,411,301,599,484,406,48,496,520,581,644,380,426,133,300,59,277,565,439,146,608,488,561,114,304,202,674,741,454,473,722,151,505,329,87,616,579,32,721,702,399,262,659,623,2,470,184,596,164,302,658,434,545,371,397,662,409,597,448,576,145,330,678,350,586,25,125,24,89,653,101,181,275,508,75,303,403,204,601,546,238,582,144,407,269,127,393,382,475,663,55,108,132,400,507,620,370,594,593,149,172,170,493,45,535,102,610,657,732,220,319,203,442,681,575,624,39,23,713,425,646,
595,280.86894726753235,160691.13657298803,156631.33114830687,690,655,268,673,428,280,515,129,73,410,263,447,157,35,189,667,716,633,97,727,360,472,387,186,734,336,29,294,456,349,547,156,366,703,629,273,524,10,345,292,321,477,691,572,147,590,66,94,183,603,8,567,471,749,258,720,324,64,628,359,476,31,585,519,557,353,323,224,683,723,724,163,501,218,187,12,207,342,619,516,141,551,449,652,325,111,69,171,705,612,502,573,568,290,233,525,457,351,112,279,176,106,631,57,317,532,245,282,327,642,26,391,458,670,140,480,446,731,130,622,736,685,200,362,37,431,335,718,591,95,104,54,600,463,664,138,571,487,621,404,604,747,205,418,285,379,228,461,113,537,548,580,506,552,213,614,369,543,676,435,357,173,341,267,748,47,118,167,83,414,347,462,528,432,710,415,711,482,28,666,307,175,343,116,701,82,679,88,739,193,726,498,136,429,208,589,14,60,160,738,696,249,331,148,730,684,105,214,746,131,43,223,169,165,53,408,92,368,443,451,715,119,44,3,587,626,340,152,159,305,254,486,638,377,542,733,255,355,356,661,190,438,134,174,384,271,199,61,402,489,694,115,386,474,592,247,514,50,196,668,124,260,698,697,137,293,700,672,352,337,437,297,479,194,252,649,314,339,46,494,550,226,122,709,522,261,564,225,309,232,11,358,647,99,256,86,512,264,117,405,396,306,389,278,459,634,298,222,153,375,530,617,266,536,390,598,574,478,215,81,16,381,346,669,392,367,421,30,503,500,93,745,276,248,103,641,665,299,27,385,259,677,17,100,643,688,211,420,554,84,251,296,274,374,639,490,395,376,383,20,195,121,529,566,52,544,436,651,584,510,717,209,253,107,19,182,70,344,191,313,315,588,188,348,483,615,22,265,560,7,4,531,185,523,287,168,637,318,56,139,38,689,120,583,692,76,577,491,33,308,413,363,708,485,650,91,541,18,326,90,110,179,40,328,654,569,680,558,606,595,333,533,693,96,521,725,239,74,283,481,135,513,13,155,430,511,201,538,539,706,526,216,192,126,423,412,419,270,34,682,495,21,559,645,656,465,540,235,422,468,518,212,250,578,77,15,310,618,123,36,492,740,635,611,128,388,63,744,281,41,549,509,364,316,627,162,719,609,613,58,9,197,150,166,62,180,570,334,42,707,504,671,517,660,607,602,445,743,244,178,499,312,206,433,78,416,460,728,217,464,322,230,373,161,427,534,455,372,49,219,361,67,417,320,6,241,424,158,229,452,742,5,72,704,234,242,85,466,712,453,80,354,272,467,378,240,365,291,394,98,527,109,221,450,729,338,640,1,198,284,714,401,497,675,143,398,65,237,295,257,288,311,289,177,444,71,686,632,51,0,231,227,735,142,440,687,286,556,441,737,555,553,79,625,636,154,236,210,332,469,243,563,699,605,695,630,648,562,246,68,411,301,599,484,406,48,496,520,581,644,380,426,133,300,59,277,565,439,146,608,488,561,114,304,202,674,741,454,473,722,151,505,329,87,616,579,32,721,702,399,262,659,623,2,470,184,596,164,302,658,434,545,371,397,662,409,597,448,576,145,330,678,350,586,25,125,24,89,653,101,181,275,508,75,303,403,204,601,546,238,582,144,407,269,127,393,382,475,663,55,108,132,400,507,620,370,594,593,149,172,170,493,45,535,102,610,657,732,220,319,203,442,681,575,624,39,23,713,425,646,
596,281.316180229187,160811.02259565194,156631.33114830687,690,655,268,673,428,280,515,129,73,410,263,447,157,35,189,667,716,633,97,727,360,472,387,186,734,336,29,294,456,349,547,156,366,703,629,273,524,10,345,292,321,477,691,572,147,590,66,94,183,603,8,567,471,749,258,720,324,64,628,359,476,31,585,519,557,353,323,224,683,723,724,163,501,218,187,12,207,342,619,516,141,551,449,652,325,111,69,171,705,612,502,573,568,290,233,525,457,351,112,279,176,106,631,57,317,532,245,282,327,642,26,391,458,670,140,480,446,731,130,622,736,685,200,362,37,431,335,718,591,95,104,54,600,463,664,138,571,487,621,404,604,747,205,418,285,379,228,461,113,537,548,580,506,552,213,614,369,543,676,435,357,173,341,267,748,47,118,167,83,414,347,462,528,432,710,415,711,482,28,666,307,175,343,116,701,82,679,88,739,193,726,498,136,429,208,589,14,60,160,738,696,249,331,148,730,684,105,214,746,131,43,223,169,165,53,408,92,368,443,451,715,119,44,3,587,626,340,152,159,305,254,486,638,377,542,733,255,355,356,661,190,438,134,174,384,271,199,61,402,489,694,115,386,474,592,247,514,50,196,668,124,260,698,697,137,293,700,672,352,337,437,297,479,194,252,649,314,339,46,494,550,226,122,709,522,261,564,225,309,232,11,358,647,99,256,86,512,264,117,405,396,306,389,278,459,634,298,222,153,375,530,617,266,536,390,598,574,478,215,81,16,381,346,669,392,367,421,30,503,500,93,745,276,248,103,641,665,299,27,385,259,677,17,100,643,688,211,420,554,84,251,296,274,374,639,490,395,376,383,20,195,121,529,566,52,544,436,651,584,510,717,209,253,107,19,182,70,344,191,313,315,588,188,348,483,615,22,265,560,7,4,531,185,523,287,168,637,318,56,139,38,689,120,583,692,76,577,491,33,308,413,363,708,485,650,91,541,18,326,90,110,179,40,328,654,569,680,558,606,595,333,533,693,96,521,725,239,74,283,481,135,513,13,155,430,511,201,538,539,706,526,216,192,126,423,412,419,270,34,682,495,21,559,645,656,465,540,235,422,468,518,212,250,578,77,15,310,618,123,36,492,740,635,611,128,388,63,744,281,41,549,509,364,316,627,162,719,609,613,58,9,197,150,166,62,180,570,334,42,707,504,671,517,660,607,602,445,743,244,178,499,312,206,433,78,416,460,728,217,464,322,230,373,161,427,534,455,372,49,219,361,67,417,320,6,241,424,158,229,452,742,5,72,704,234,242,85,466,712,453,80,354,272,467,378,240,365,291,394,98,527,109,221,450,729,338,640,1,198,284,714,401,497,675,143,398,65,237,295,257,288,311,289,177,444,71,686,632,51,0,231,227,735,142,440,687,286,556,441,737,555,553,79,625,636,154,236,210,332,469,243,563,699,605,695,630,648,562,246,68,411,301,599,484,406,48,496,520,581,644,380,426,133,300,59,277,565,439,146,608,488,561,114,304,202,674,741,454,473,722,151,505,329,87,616,579,32,721,702,399,262,659,623,2,470,184,596,164,302,658,434,545,371,397,662,409,597,448,576,145,330,678,350,586,25,125,24,89,653,101,181,275,508,75,303,403,204,601,546,238,582,144,407,269,127,393,382,475,663,55,108,132,400,507,620,370,594,593,149,172,170,493,45,535,102,610,657,732,220,319,203,442,681,575,624,39,23,713,425,646,
597,281.7701950073242,161509.68799286048,156631.33114830687,690,655,268,673,428,280,515,129,73,410,263,447,157,35,189,667,716,633,97,727,360,472,387,186,734,336,29,294,456,349,547,156,366,703,629,273,524,10,345,292,321,477,691,572,147,590,66,94,183,603,8,567,471,749,258,720,324,64,628,359,476,31,585,519,557,353,323,224,683,723,724,163,501,218,187,12,207,342,619,516,141,551,449,652,325,111,69,171,705,612,502,573,568,290,233,525,457,351,112,279,176,106,631,57,317,532,245,282,327,642,26,391,458,670,140,480,446,731,130,622,736,685,200,362,37,431,335,718,591,95,104,54,600,463,664,138,571,487,621,404,604,747,205,418,285,379,228,461,113,537,548,580,506,552,213,614,369,543,676,435,357,173,341,267,748,47,118,167,83,414,347,462,528,432,710,415,711,482,28,666,307,175,343,116,701,82,679,88,739,193,726,498,136,429,208,589,14,60,160,738,696,249,331,148,730,684,105,214,746,131,43,223,169,165,53,408,92,368,443,451,715,119,44,3,587,626,340,152,159,305,254,486,638,377,542,733,255,355,356,661,190,438,134,174,384,271,199,61,402,489,694,115,386,474,592,247,514,50,196,668,124,260,698,697,137,293,700,672,352,337,437,297,479,194,252,649,314,339,46,494,550,226,122,709,522,261,564,225,309,232,11,358,647,99,256,86,512,264,117,405,396,306,389,278,459,634,298,222,153,375,530,617,266,536,390,598,574,478,215,81,16,381,346,669,392,367,421,30,503,500,93,745,276,248,103,641,665,299,27,385,259,677,17,100,643,688,211,420,554,84,251,296,274,374,639,490,395,376,383,20,195,121,529,566,52,544,436,651,584,510,717,209,253,107,19,182,70,344,191,313,315,588,188,348,483,615,22,265,560,7,4,531,185,523,287,168,637,318,56,139,38,689,120,583,692,76,577,491,33,308,413,363,708,485,650,91,541,18,326,90,110,179,40,328,654,569,680,558,606,595,333,533,693,96,521,725,239,74,283,481,135,513,13,155,430,511,201,538,539,706,526,216,192,126,423,412,419,270,34,682,495,21,559,645,656,465,540,235,422,468,518,212,250,578,77,15,310,618,123,36,492,740,635,611,128,388,63,744,281,41,549,509,364,316,627,162,719,609,613,58,9,197,150,166,62,180,570,334,42,707,504,671,517,660,607,602,445,743,244,178,499,312,206,433,78,416,460,728,217,464,322,230,373,161,427,534,455,372,49,219,361,67,417,320,6,241,424,158,229,452,742,5,72,704,234,242,85,466,712,453,80,354,272,467,378,240,365,291,394,98,527,109,221,450,729,338,640,1,198,284,714,401,497,675,143,398,65,237,295,257,288,311,289,177,444,71,686,632,51,0,231,227,735,142,440,687,286,556,441,737,555,553,79,625,636,154,236,210,332,469,243,563,699,605,695,630,648,562,246,68,411,301,599,484,406,48,496,520,581,644,380,426,133,300,59,277,565,439,146,608,488,561,114,304,202,674,741,454,473,722,151,505,329,87,616,579,32,721,702,399,262,659,623,2,470,184,596,164,302,658,434,545,371,397,662,409,597,448,576,145,330,678,350,586,25,125,24,89,653,101,181,275,508,75,303,403,204,601,546,238,582,144,407,269,127,393,382,475,663,55,108,132,400,507,620,370,594,593,149,172,170,493,45,535,102,610,657,732,220,319,203,442,681,575,624,39,23,713,425,646,
598,282.19617438316345,160200.6094259815,156631.33114830687,690,655,268,673,428,280,515,129,73,410,263,447,157,35,189,667,716,633,97,727,360,472,387,186,734,336,29,294,456,349,547,156,366,703,629,273,524,10,345,292,321,477,691,572,147,590,66,94,183,603,8,567,471,749,258,720,324,64,628,359,476,31,585,519,557,353,323,224,683,723,724,163,501,218,187,12,207,342,619,516,141,551,449,652,325,111,69,171,705,612,502,573,568,290,233,525,457,351,112,279,176,106,631,57,317,532,245,282,327,642,26,391,458,670,140,480,446,731,130,622,736,685,200,362,37,431,335,718,591,95,104,54,600,463,664,138,571,487,621,404,604,747,205,418,285,379,228,461,113,537,548,580,506,552,213,614,369,543,676,435,357,173,341,267,748,47,118,167,83,414,347,462,528,432,710,415,711,482,28,666,307,175,343,116,701,82,679,88,739,193,726,498,136,429,208,589,14,60,160,738,696,249,331,148,730,684,105,214,746,131,43,223,169,165,53,408,92,368,443,451,715,119,44,3,587,626,340,152,159,305,254,486,638,377,542,733,255,355,356,661,190,438,134,174,384,271,199,61,402,489,694,115,386,474,592,247,514,50,196,668,124,260,698,697,137,293,700,672,352,337,437,297,479,194,252,649,314,339,46,494,550,226,122,709,522,261,564,225,309,232,11,358,647,99,256,86,512,264,117,405,396,306,389,278,459,634,298,222,153,375,530,617,266,536,390,598,574,478,215,81,16,381,346,669,392,367,421,30,503,500,93,745,276,248,103,641,665,299,27,385,259,677,17,100,643,688,211,420,554,84,251,296,274,374,639,490,395,376,383,20,195,121,529,566,52,544,436,651,584,510,717,209,253,107,19,182,70,344,191,313,315,588,188,348,483,615,22,265,560,7,4,531,185,523,287,168,637,318,56,139,38,689,120,583,692,76,577,491,33,308,413,363,708,485,650,91,541,18,326,90,110,179,40,328,654,569,680,558,606,595,333,533,693,96,521,725,239,74,283,481,135,513,13,155,430,511,201,538,539,706,526,216,192,126,423,412,419,270,34,682,495,21,559,645,656,465,540,235,422,468,518,212,250,578,77,15,310,618,123,36,492,740,635,611,128,388,63,744,281,41,549,509,364,316,627,162,719,609,613,58,9,197,150,166,62,180,570,334,42,707,504,671,517,660,607,602,445,743,244,178,499,312,206,433,78,416,460,728,217,464,322,230,373,161,427,534,455,372,49,219,361,67,417,320,6,241,424,158,229,452,742,5,72,704,234,242,85,466,712,453,80,354,272,467,378,240,365,291,394,98,527,109,221,450,729,338,640,1,198,284,714,401,497,675,143,398,65,237,295,257,288,311,289,177,444,71,686,632,51,0,231,227,735,142,440,687,286,556,441,737,555,553,79,625,636,154,236,210,332,469,243,563,699,605,695,630,648,562,246,68,411,301,599,484,406,48,496,520,581,644,380,426,133,300,59,277,565,439,146,608,488,561,114,304,202,674,741,454,473,722,151,505,329,87,616,579,32,721,702,399,262,659,623,2,470,184,596,164,302,658,434,545,371,397,662,409,597,448,576,145,330,678,350,586,25,125,24,89,653,101,181,275,508,75,303,403,204,601,546,238,582,144,407,269,127,393,382,475,663,55,108,132,400,507,620,370,594,593,149,172,170,493,45,535,102,610,657,732,220,319,203,442,681,575,624,39,23,713,425,646,
599,282.7142746448517,161159.9155559195,156631.33114830687,690,655,268,673,428,280,515,129,73,410,263,447,157,35,189,667,716,633,97,727,360,472,387,186,734,336,29,294,456,349,547,156,366,703,629,273,524,10,345,292,321,477,691,572,147,590,66,94,183,603,8,567,471,749,258,720,324,64,628,359,476,31,585,519,557,353,323,224,683,723,724,163,501,218,187,12,207,342,619,516,141,551,449,652,325,111,69,171,705,612,502,573,568,290,233,525,457,351,112,279,176,106,631,57,317,532,245,282,327,642,26,391,458,670,140,480,446,731,130,622,736,685,200,362,37,431,335,718,591,95,104,54,600,463,664,138,571,487,621,404,604,747,205,418,285,379,228,461,113,537,548,580,506,552,213,614,369,543,676,435,357,173,341,267,748,47,118,167,83,414,347,462,528,432,710,415,711,482,28,666,307,175,343,116,701,82,679,88,739,193,726,498,136,429,208,589,14,60,160,738,696,249,331,148,730,684,105,214,746,131,43,223,169,165,53,408,92,368,443,451,715,119,44,3,587,626,340,152,159,305,254,486,638,377,542,733,255,355,356,661,190,438,134,174,384,271,199,61,402,489,694,115,386,474,592,247,514,50,196,668,124,260,698,697,137,293,700,672,352,337,437,297,479,194,252,649,314,339,46,494,550,226,122,709,522,261,564,225,309,232,11,358,647,99,256,86,512,264,117,405,396,306,389,278,459,634,298,222,153,375,530,617,266,536,390,598,574,478,215,81,16,381,346,669,392,367,421,30,503,500,93,745,276,248,103,641,665,299,27,385,259,677,17,100,643,688,211,420,554,84,251,296,274,374,639,490,395,376,383,20,195,121,529,566,52,544,436,651,584,510,717,209,253,107,19,182,70,344,191,313,315,588,188,348,483,615,22,265,560,7,4,531,185,523,287,168,637,318,56,139,38,689,120,583,692,76,577,491,33,308,413,363,708,485,650,91,541,18,326,90,110,179,40,328,654,569,680,558,606,595,333,533,693,96,521,725,239,74,283,481,135,513,13,155,430,511,201,538,539,706,526,216,192,126,423,412,419,270,34,682,495,21,559,645,656,465,540,235,422,468,518,212,250,578,77,15,310,618,123,36,492,740,635,611,128,388,63,744,281,41,549,509,364,316,627,162,719,609,613,58,9,197,150,166,62,180,570,334,42,707,504,671,517,660,607,602,445,743,244,178,499,312,206,433,78,416,460,728,217,464,322,230,373,161,427,534,455,372,49,219,361,67,417,320,6,241,424,158,229,452,742,5,72,704,234,242,85,466,712,453,80,354,272,467,378,240,365,291,394,98,527,109,221,450,729,338,640,1,198,284,714,401,497,675,143,398,65,237,295,257,288,311,289,177,444,71,686,632,51,0,231,227,735,142,440,687,286,556,441,737,555,553,79,625,636,154,236,210,332,469,243,563,699,605,695,630,648,562,246,68,411,301,599,484,406,48,496,520,581,644,380,426,133,300,59,277,565,439,146,608,488,561,114,304,202,674,741,454,473,722,151,505,329,87,616,579,32,721,702,399,262,659,623,2,470,184,596,164,302,658,434,545,371,397,662,409,597,448,576,145,330,678,350,586,25,125,24,89,653,101,181,275,508,75,303,403,204,601,546,238,582,144,407,269,127,393,382,475,663,55,108,132,400,507,620,370,594,593,149,172,170,493,45,535,102,610,657,732,220,319,203,442,681,575,624,39,23,713,425,646,
600,283.17004585266113,159827.26962714185,156599.31675766024,705,612,502,573,568,290,233,525,457,351,112,279,176,106,631,57,317,532,245,282,327,642,26,391,458,670,140,480,446,731,130,622,736,685,200,362,37,431,335,718,591,95,104,54,600,463,664,138,571,487,621,404,604,747,205,418,285,379,228,461,113,537,548,580,506,552,213,543,369,614,357,173,341,267,748,47,118,167,83,414,347,462,528,432,710,415,711,482,28,666,307,175,343,116,701,82,679,88,739,193,726,498,136,429,208,589,14,60,160,738,696,249,331,148,730,684,105,214,746,131,43,223,169,165,53,408,92,368,443,451,715,119,44,3,587,626,340,152,159,305,254,486,638,377,542,733,255,355,356,661,190,438,134,174,384,271,199,61,402,489,694,115,386,474,592,247,514,50,196,668,124,260,698,697,137,293,700,672,352,337,437,297,479,194,252,649,314,339,46,494,550,226,122,709,522,261,564,225,309,232,11,358,647,99,256,86,512,264,117,405,396,306,389,278,459,634,298,222,153,375,530,617,266,536,390,598,574,478,215,81,16,381,346,669,392,367,421,30,503,500,93,745,276,248,103,641,665,299,27,385,259,677,17,100,643,688,211,420,554,84,251,296,274,374,639,490,395,376,383,20,195,121,529,566,52,544,436,651,584,510,717,209,253,107,19,182,70,344,191,313,315,588,188,348,483,615,22,265,560,7,4,531,185,523,287,168,637,318,56,139,38,689,120,583,692,76,577,491,33,308,413,363,708,485,650,91,541,18,326,90,110,179,40,328,654,569,680,558,606,595,333,533,693,96,521,725,239,74,283,481,135,513,13,155,430,511,201,538,539,706,526,216,192,126,423,412,419,270,34,682,495,21,559,645,656,465,540,235,422,468,518,212,250,578,77,15,310,618,123,36,492,740,635,611,676,435,128,388,63,744,281,41,549,509,364,316,627,162,719,609,613,58,9,197,150,166,62,180,570,334,42,707,504,671,517,660,607,602,445,743,244,178,499,312,206,433,78,416,460,728,217,464,322,230,373,161,427,534,455,372,49,219,361,67,417,320,6,241,424,158,229,452,742,5,72,704,234,242,85,466,712,453,80,354,272,467,378,240,365,291,394,98,527,109,221,450,729,338,640,1,198,284,714,401,497,675,143,398,65,237,295,257,288,311,289,177,444,71,686,632,51,0,231,227,735,142,440,687,286,556,441,737,555,553,79,625,636,154,236,210,332,469,243,563,699,605,695,630,648,562,246,68,411,301,599,484,406,48,496,520,581,644,380,426,133,300,59,277,565,439,146,608,488,561,114,304,202,674,741,454,473,722,151,505,329,87,616,579,32,721,702,399,262,659,623,2,470,184,596,164,302,658,434,545,371,397,662,409,597,448,576,145,330,678,350,586,25,125,24,89,653,101,181,275,508,75,303,403,204,601,546,238,582,144,407,269,127,393,382,475,663,55,108,132,400,507,620,370,594,593,149,172,170,493,45,535,102,610,657,732,220,319,203,442,681,575,624,39,23,713,425,646,690,655,268,673,428,280,515,129,73,410,263,447,157,35,189,667,716,633,97,727,360,472,387,186,734,336,29,294,456,349,547,156,366,703,629,273,524,10,345,292,321,477,691,572,147,590,66,94,183,603,8,567,471,749,258,720,324,64,628,359,476,31,585,519,557,353,323,224,683,723,724,163,501,218,187,12,207,342,619,516,141,551,449,652,325,111,69,171,
601,283.6269919872284,160792.3956323753,156599.31675766024,705,612,502,573,568,290,233,525,457,351,112,279,176,106,631,57,317,532,245,282,327,642,26,391,458,670,140,480,446,731,130,622,736,685,200,362,37,431,335,718,591,95,104,54,600,463,664,138,571,487,621,404,604,747,205,418,285,379,228,461,113,537,548,580,506,552,213,543,369,614,357,173,341,267,748,47,118,167,83,414,347,462,528,432,710,415,711,482,28,666,307,175,343,116,701,82,679,88,739,193,726,498,136,429,208,589,14,60,160,738,696,249,331,148,730,684,105,214,746,131,43,223,169,165,53,408,92,368,443,451,715,119,44,3,587,626,340,152,159,305,254,486,638,377,542,733,255,355,356,661,190,438,134,174,384,271,199,61,402,489,694,115,386,474,592,247,514,50,196,668,124,260,698,697,137,293,700,672,352,337,437,297,479,194,252,649,314,339,46,494,550,226,122,709,522,261,564,225,309,232,11,358,647,99,256,86,512,264,117,405,396,306,389,278,459,634,298,222,153,375,530,617,266,536,390,598,574,478,215,81,16,381,346,669,392,367,421,30,503,500,93,745,276,248,103,641,665,299,27,385,259,677,17,100,643,688,211,420,554,84,251,296,274,374,639,490,395,376,383,20,195,121,529,566,52,544,436,651,584,510,717,209,253,107,19,182,70,344,191,313,315,588,188,348,483,615,22,265,560,7,4,531,185,523,287,168,637,318,56,139,38,689,120,583,692,76,577,491,33,308,413,363,708,485,650,91,541,18,326,90,110,179,40,328,654,569,680,558,606,595,333,533,693,96,521,725,239,74,283,481,135,513,13,155,430,511,201,538,539,706,526,216,192,126,423,412,419,270,34,682,495,21,559,645,656,465,540,235,422,468,518,212,250,578,77,15,310,618,123,36,492,740,635,611,676,435,128,388,63,744,281,41,549,509,364,316,627,162,719,609,613,58,9,197,150,166,62,180,570,334,42,707,504,671,517,660,607,602,445,743,244,178,499,312,206,433,78,416,460,728,217,464,322,230,373,161,427,534,455,372,49,219,361,67,417,320,6,241,424,158,229,452,742,5,72,704,234,242,85,466,712,453,80,354,272,467,378,240,365,291,394,98,527,109,221,450,729,338,640,1,198,284,714,401,497,675,143,398,65,237,295,257,288,311,289,177,444,71,686,632,51,0,231,227,735,142,440,687,286,556,441,737,555,553,79,625,636,154,236,210,332,469,243,563,699,605,695,630,648,562,246,68,411,301,599,484,406,48,496,520,581,644,380,426,133,300,59,277,565,439,146,608,488,561,114,304,202,674,741,454,473,722,151,505,329,87,616,579,32,721,702,399,262,659,623,2,470,184,596,164,302,658,434,545,371,397,662,409,597,448,576,145,330,678,350,586,25,125,24,89,653,101,181,275,508,75,303,403,204,601,546,238,582,144,407,269,127,393,382,475,663,55,108,132,400,507,620,370,594,593,149,172,170,493,45,535,102,610,657,732,220,319,203,442,681,575,624,39,23,713,425,646,690,655,268,673,428,280,515,129,73,410,263,447,157,35,189,667,716,633,97,727,360,472,387,186,734,336,29,294,456,349,547,156,366,703,629,273,524,10,345,292,321,477,691,572,147,590,66,94,183,603,8,567,471,749,258,720,324,64,628,359,476,31,585,519,557,353,323,224,683,723,724,163,501,218,187,12,207,342,619,516,141,551,449,652,325,111,69,171,
602,284.0725107192993,159880.86984148255,156599.31675766024,705,612,502,573,568,290,233,525,457,351,112,279,176,106,631,57,317,532,245,282,327,642,26,391,458,670,140,480,446,731,130,622,736,685,200,362,37,431,335,718,591,95,104,54,600,463,664,138,571,487,621,404,604,747,205,418,285,379,228,461,113,537,548,580,506,552,213,543,369,614,357,173,341,267,748,47,118,167,83,414,347,462,528,432,710,415,711,482,28,666,307,175,343,116,701,82,679,88,739,193,726,498,136,429,208,589,14,60,160,738,696,249,331,148,730,684,105,214,746,131,43,223,169,165,53,408,92,368,443,451,715,119,44,3,587,626,340,152,159,305,254,486,638,377,542,733,255,355,356,661,190,438,134,174,384,271,199,61,402,489,694,115,386,474,592,247,514,50,196,668,124,260,698,697,137,293,700,672,352,337,437,297,479,194,252,649,314,339,46,494,550,226,122,709,522,261,564,225,309,232,11,358,647,99,256,86,512,264,117,405,396,306,389,278,459,634,298,222,153,375,530,617,266,536,390,598,574,478,215,81,16,381,346,669,392,367,421,30,503,500,93,745,276,248,103,641,665,299,27,385,259,677,17,100,643,688,211,420,554,84,251,296,274,374,639,490,395,376,383,20,195,121,529,566,52,544,436,651,584,510,717,209,253,107,19,182,70,344,191,313,315,588,188,348,483,615,22,265,560,7,4,531,185,523,287,168,637,318,56,139,38,689,120,583,692,76,577,491,33,308,413,363,708,485,650,91,541,18,326,90,110,179,40,328,654,569,680,558,606,595,333,533,693,96,521,725,239,74,283,481,135,513,13,155,430,511,201,538,539,706,526,216,192,126,423,412,419,270,34,682,495,21,559,645,656,465,540,235,422,468,518,212,250,578,77,15,310,618,123,36,492,740,635,611,676,435,128,388,63,744,281,41,549,509,364,316,627,162,719,609,613,58,9,197,150,166,62,180,570,334,42,707,504,671,517,660,607,602,445,743,244,178,499,312,206,433,78,416,460,728,217,464,322,230,373,161,427,534,455,372,49,219,361,67,417,320,6,241,424,158,229,452,742,5,72,704,234,242,85,466,712,453,80,354,272,467,378,240,365,291,394,98,527,109,221,450,729,338,640,1,198,284,714,401,497,675,143,398,65,237,295,257,288,311,289,177,444,71,686,632,51,0,231,227,735,142,440,687,286,556,441,737,555,553,79,625,636,154,236,210,332,469,243,563,699,605,695,630,648,562,246,68,411,301,599,484,406,48,496,520,581,644,380,426,133,300,59,277,565,439,146,608,488,561,114,304,202,674,741,454,473,722,151,505,329,87,616,579,32,721,702,399,262,659,623,2,470,184,596,164,302,658,434,545,371,397,662,409,597,448,576,145,330,678,350,586,25,125,24,89,653,101,181,275,508,75,303,403,204,601,546,238,582,144,407,269,127,393,382,475,663,55,108,132,400,507,620,370,594,593,149,172,170,493,45,535,102,610,657,732,220,319,203,442,681,575,624,39,23,713,425,646,690,655,268,673,428,280,515,129,73,410,263,447,157,35,189,667,716,633,97,727,360,472,387,186,734,336,29,294,456,349,547,156,366,703,629,273,524,10,345,292,321,477,691,572,147,590,66,94,183,603,8,567,471,749,258,720,324,64,628,359,476,31,585,519,557,353,323,224,683,723,724,163,501,218,187,12,207,342,619,516,141,551,449,652,325,111,69,171,
603,284.4929132461548,160661.67304640432,156599.31675766024,705,612,502,573,568,290,233,525,457,351,112,279,176,106,631,57,317,532,245,282,327,642,26,391,458,670,140,480,446,731,130,622,736,685,200,362,37,431,335,718,591,95,104,54,600,463,664,138,571,487,621,404,604,747,205,418,285,379,228,461,113,537,548,580,506,552,213,543,369,614,357,173,341,267,748,47,118,167,83,414,347,462,528,432,710,415,711,482,28,666,307,175,343,116,701,82,679,88,739,193,726,498,136,429,208,589,14,60,160,738,696,249,331,148,730,684,105,214,746,131,43,223,169,165,53,408,92,368,443,451,715,119,44,3,587,626,340,152,159,305,254,486,638,377,542,733,255,355,356,661,190,438,134,174,384,271,199,61,402,489,694,115,386,474,592,247,514,50,196,668,124,260,698,697,137,293,700,672,352,337,437,297,479,194,252,649,314,339,46,494,550,226,122,709,522,261,564,225,309,232,11,358,647,99,256,86,512,264,117,405,396,306,389,278,459,634,298,222,153,375,530,617,266,536,390,598,574,478,215,81,16,381,346,669,392,367,421,30,503,500,93,745,276,248,103,641,665,299,27,385,259,677,17,100,643,688,211,420,554,84,251,296,274,374,639,490,395,376,383,20,195,121,529,566,52,544,436,651,584,510,717,209,253,107,19,182,70,344,191,313,315,588,188,348,483,615,22,265,560,7,4,531,185,523,287,168,637,318,56,139,38,689,120,583,692,76,577,491,33,308,413,363,708,485,650,91,541,18,326,90,110,179,40,328,654,569,680,558,606,595,333,533,693,96,521,725,239,74,283,481,135,513,13,155,430,511,201,538,539,706,526,216,192,126,423,412,419,270,34,682,495,21,559,645,656,465,540,235,422,468,518,212,250,578,77,15,310,618,123,36,492,740,635,611,676,435,128,388,63,744,281,41,549,509,364,316,627,162,719,609,613,58,9,197,150,166,62,180,570,334,42,707,504,671,517,660,607,602,445,743,244,178,499,312,206,433,78,416,460,728,217,464,322,230,373,161,427,534,455,372,49,219,361,67,417,320,6,241,424,158,229,452,742,5,72,704,234,242,85,466,712,453,80,354,272,467,378,240,365,291,394,98,527,109,221,450,729,338,640,1,198,284,714,401,497,675,143,398,65,237,295,257,288,311,289,177,444,71,686,632,51,0,231,227,735,142,440,687,286,556,441,737,555,553,79,625,636,154,236,210,332,469,243,563,699,605,695,630,648,562,246,68,411,301,599,484,406,48,496,520,581,644,380,426,133,300,59,277,565,439,146,608,488,561,114,304,202,674,741,454,473,722,151,505,329,87,616,579,32,721,702,399,262,659,623,2,470,184,596,164,302,658,434,545,371,397,662,409,597,448,576,145,330,678,350,586,25,125,24,89,653,101,181,275,508,75,303,403,204,601,546,238,582,144,407,269,127,393,382,475,663,55,108,132,400,507,620,370,594,593,149,172,170,493,45,535,102,610,657,732,220,319,203,442,681,575,624,39,23,713,425,646,690,655,268,673,428,280,515,129,73,410,263,447,157,35,189,667,716,633,97,727,360,472,387,186,734,336,29,294,456,349,547,156,366,703,629,273,524,10,345,292,321,477,691,572,147,590,66,94,183,603,8,567,471,749,258,720,324,64,628,359,476,31,585,519,557,353,323,224,683,723,724,163,501,218,187,12,207,342,619,516,141,551,449,652,325,111,69,171,
604,284.91758394241333,160444.5515064276,156599.31675766024,705,612,502,573,568,290,233,525,457,351,112,279,176,106,631,57,317,532,245,282,327,642,26,391,458,670,140,480,446,731,130,622,736,685,200,362,37,431,335,718,591,95,104,54,600,463,664,138,571,487,621,404,604,747,205,418,285,379,228,461,113,537,548,580,506,552,213,543,369,614,357,173,341,267,748,47,118,167,83,414,347,462,528,432,710,415,711,482,28,666,307,175,343,116,701,82,679,88,739,193,726,498,136,429,208,589,14,60,160,738,696,249,331,148,730,684,105,214,746,131,43,223,169,165,53,408,92,368,443,451,715,119,44,3,587,626,340,152,159,305,254,486,638,377,542,733,255,355,356,661,190,438,134,174,384,271,199,61,402,489,694,115,386,474,592,247,514,50,196,668,124,260,698,697,137,293,700,672,352,337,437,297,479,194,252,649,314,339,46,494,550,226,122,709,522,261,564,225,309,232,11,358,647,99,256,86,512,264,117,405,396,306,389,278,459,634,298,222,153,375,530,617,266,536,390,598,574,478,215,81,16,381,346,669,392,367,421,30,503,500,93,745,276,248,103,641,665,299,27,385,259,677,17,100,643,688,211,420,554,84,251,296,274,374,639,490,395,376,383,20,195,121,529,566,52,544,436,651,584,510,717,209,253,107,19,182,70,344,191,313,315,588,188,348,483,615,22,265,560,7,4,531,185,523,287,168,637,318,56,139,38,689,120,583,692,76,577,491,33,308,413,363,708,485,650,91,541,18,326,90,110,179,40,328,654,569,680,558,606,595,333,533,693,96,521,725,239,74,283,481,135,513,13,155,430,511,201,538,539,706,526,216,192,126,423,412,419,270,34,682,495,21,559,645,656,465,540,235,422,468,518,212,250,578,77,15,310,618,123,36,492,740,635,611,676,435,128,388,63,744,281,41,549,509,364,316,627,162,719,609,613,58,9,197,150,166,62,180,570,334,42,707,504,671,517,660,607,602,445,743,244,178,499,312,206,433,78,416,460,728,217,464,322,230,373,161,427,534,455,372,49,219,361,67,417,320,6,241,424,158,229,452,742,5,72,704,234,242,85,466,712,453,80,354,272,467,378,240,365,291,394,98,527,109,221,450,729,338,640,1,198,284,714,401,497,675,143,398,65,237,295,257,288,311,289,177,444,71,686,632,51,0,231,227,735,142,440,687,286,556,441,737,555,553,79,625,636,154,236,210,332,469,243,563,699,605,695,630,648,562,246,68,411,301,599,484,406,48,496,520,581,644,380,426,133,300,59,277,565,439,146,608,488,561,114,304,202,674,741,454,473,722,151,505,329,87,616,579,32,721,702,399,262,659,623,2,470,184,596,164,302,658,434,545,371,397,662,409,597,448,576,145,330,678,350,586,25,125,24,89,653,101,181,275,508,75,303,403,204,601,546,238,582,144,407,269,127,393,382,475,663,55,108,132,400,507,620,370,594,593,149,172,170,493,45,535,102,610,657,732,220,319,203,442,681,575,624,39,23,713,425,646,690,655,268,673,428,280,515,129,73,410,263,447,157,35,189,667,716,633,97,727,360,472,387,186,734,336,29,294,456,349,547,156,366,703,629,273,524,10,345,292,321,477,691,572,147,590,66,94,183,603,8,567,471,749,258,720,324,64,628,359,476,31,585,519,557,353,323,224,683,723,724,163,501,218,187,12,207,342,619,516,141,551,449,652,325,111,69,171,
605,285.428804397583,160985.1956752829,156513.0796066116,345,292,321,477,691,572,147,590,66,94,183,603,8,567,471,749,258,720,324,64,628,359,476,31,585,519,557,353,323,224,683,723,724,163,501,207,342,619,516,141,551,449,652,325,111,69,171,705,187,12,218,379,228,461,113,537,548,580,506,552,213,614,369,543,676,435,357,173,341,267,748,47,118,167,83,414,347,462,528,432,710,415,711,482,28,666,307,175,343,116,600,463,664,138,571,487,621,404,604,747,205,418,285,136,568,573,502,612,290,233,525,457,351,112,279,176,106,631,57,317,532,245,282,327,642,26,391,458,670,140,480,446,731,130,622,736,685,200,362,37,431,335,718,591,95,104,54,701,82,679,88,739,193,726,498,429,208,589,14,60,160,738,696,249,331,148,730,684,105,214,746,131,43,223,169,165,53,408,92,368,443,451,715,119,44,3,587,626,340,152,159,305,254,486,638,377,542,733,255,355,356,661,190,438,134,174,384,271,199,61,402,489,694,115,386,474,592,247,514,50,196,668,124,260,698,697,137,293,700,672,352,337,437,297,479,194,252,649,314,339,46,494,550,226,122,709,522,261,564,225,309,232,11,358,647,99,256,86,512,264,117,405,396,306,389,278,459,634,298,222,153,375,530,617,266,536,390,598,574,478,215,81,16,381,346,669,392,367,421,30,503,500,93,745,276,248,103,641,665,299,27,385,259,677,17,100,643,688,211,420,554,84,251,296,274,374,639,490,395,376,383,20,195,121,529,566,52,544,436,651,584,510,717,209,253,107,19,182,70,344,191,313,315,588,188,348,483,615,22,265,560,7,4,531,185,523,287,168,637,318,56,139,38,689,120,583,692,76,577,491,33,308,413,363,708,485,650,91,541,18,326,90,110,179,40,328,654,569,680,558,606,595,333,533,693,96,521,725,239,74,283,481,135,513,13,155,430,511,201,538,539,706,526,216,192,126,423,412,419,270,34,682,495,21,559,645,656,465,540,235,422,468,518,212,250,578,77,15,310,618,123,36,492,740,635,611,128,388,63,744,281,41,549,509,364,316,627,162,719,609,613,58,9,197,150,166,62,180,570,334,42,707,504,671,517,660,607,602,445,743,244,178,499,312,206,433,78,416,460,728,217,464,322,230,373,161,427,534,455,372,49,219,361,67,417,320,6,241,424,158,229,452,742,5,72,704,234,242,85,466,712,453,80,354,272,467,378,240,365,291,394,98,527,109,221,450,729,338,640,1,198,284,714,401,497,675,143,398,65,237,295,257,288,311,289,177,444,71,686,632,51,0,231,227,735,142,440,687,286,556,441,737,555,553,79,625,636,154,236,210,332,469,243,563,699,605,695,630,648,562,246,68,411,301,599,484,406,48,496,520,581,644,380,426,133,300,59,277,565,439,146,608,488,561,114,304,202,674,741,454,473,722,151,505,329,87,616,579,32,721,702,399,262,659,623,2,470,184,596,164,302,658,434,545,371,397,662,409,597,448,576,145,330,678,350,586,25,125,24,89,653,101,181,275,508,75,303,403,204,601,546,238,582,144,407,269,127,393,382,475,663,55,108,132,400,507,620,370,594,593,149,172,170,493,45,535,102,610,657,732,220,319,203,442,681,575,624,39,23,713,425,646,690,655,268,673,428,280,515,129,73,410,263,447,157,35,189,667,716,633,97,727,360,472,387,186,734,336,29,294,456,349,547,156,366,703,629,273,524,10,
606,285.89958691596985,inf,156513.0796066116,345,292,321,477,691,572,147,590,66,94,183,603,8,567,471,749,258,720,324,64,628,359,476,31,585,519,557,353,323,224,683,723,724,163,501,207,342,619,516,141,551,449,652,325,111,69,171,705,187,12,218,379,228,461,113,537,548,580,506,552,213,614,369,543,676,435,357,173,341,267,748,47,118,167,83,414,347,462,528,432,710,415,711,482,28,666,307,175,343,116,600,463,664,138,571,487,621,404,604,747,205,418,285,136,568,573,502,612,290,233,525,457,351,112,279,176,106,631,57,317,532,245,282,327,642,26,391,458,670,140,480,446,731,130,622,736,685,200,362,37,431,335,718,591,95,104,54,701,82,679,88,739,193,726,498,429,208,589,14,60,160,738,696,249,331,148,730,684,105,214,746,131,43,223,169,165,53,408,92,368,443,451,715,119,44,3,587,626,340,152,159,305,254,486,638,377,542,733,255,355,356,661,190,438,134,174,384,271,199,61,402,489,694,115,386,474,592,247,514,50,196,668,124,260,698,697,137,293,700,672,352,337,437,297,479,194,252,649,314,339,46,494,550,226,122,709,522,261,564,225,309,232,11,358,647,99,256,86,512,264,117,405,396,306,389,278,459,634,298,222,153,375,530,617,266,536,390,598,574,478,215,81,16,381,346,669,392,367,421,30,503,500,93,745,276,248,103,641,665,299,27,385,259,677,17,100,643,688,211,420,554,84,251,296,274,374,639,490,395,376,383,20,195,121,529,566,52,544,436,651,584,510,717,209,253,107,19,182,70,344,191,313,315,588,188,348,483,615,22,265,560,7,4,531,185,523,287,168,637,318,56,139,38,689,120,583,692,76,577,491,33,308,413,363,708,485,650,91,541,18,326,90,110,179,40,328,654,569,680,558,606,595,333,533,693,96,521,725,239,74,283,481,135,513,13,155,430,511,201,538,539,706,526,216,192,126,423,412,419,270,34,682,495,21,559,645,656,465,540,235,422,468,518,212,250,578,77,15,310,618,123,36,492,740,635,611,128,388,63,744,281,41,549,509,364,316,627,162,719,609,613,58,9,197,150,166,62,180,570,334,42,707,504,671,517,660,607,602,445,743,244,178,499,312,206,433,78,416,460,728,217,464,322,230,373,161,427,534,455,372,49,219,361,67,417,320,6,241,424,158,229,452,742,5,72,704,234,242,85,466,712,453,80,354,272,467,378,240,365,291,394,98,527,109,221,450,729,338,640,1,198,284,714,401,497,675,143,398,65,237,295,257,288,311,289,177,444,71,686,632,51,0,231,227,735,142,440,687,286,556,441,737,555,553,79,625,636,154,236,210,332,469,243,563,699,605,695,630,648,562,246,68,411,301,599,484,406,48,496,520,581,644,380,426,133,300,59,277,565,439,146,608,488,561,114,304,202,674,741,454,473,722,151,505,329,87,616,579,32,721,702,399,262,659,623,2,470,184,596,164,302,658,434,545,371,397,662,409,597,448,576,145,330,678,350,586,25,125,24,89,653,101,181,275,508,75,303,403,204,601,546,238,582,144,407,269,127,393,382,475,663,55,108,132,400,507,620,370,594,593,149,172,170,493,45,535,102,610,657,732,220,319,203,442,681,575,624,39,23,713,425,646,690,655,268,673,428,280,515,129,73,410,263,447,157,35,189,667,716,633,97,727,360,472,387,186,734,336,29,294,456,349,547,156,366,703,629,273,524,10,
607,286.30216002464294,159803.40772667856,156513.0796066116,345,292,321,477,691,572,147,590,66,94,183,603,8,567,471,749,258,720,324,64,628,359,476,31,585,519,557,353,323,224,683,723,724,163,501,207,342,619,516,141,551,449,652,325,111,69,171,705,187,12,218,379,228,461,113,537,548,580,506,552,213,614,369,543,676,435,357,173,341,267,748,47,118,167,83,414,347,462,528,432,710,415,711,482,28,666,307,175,343,116,600,463,664,138,571,487,621,404,604,747,205,418,285,136,568,573,502,612,290,233,525,457,351,112,279,176,106,631,57,317,532,245,282,327,642,26,391,458,670,140,480,446,731,130,622,736,685,200,362,37,431,335,718,591,95,104,54,701,82,679,88,739,193,726,498,429,208,589,14,60,160,738,696,249,331,148,730,684,105,214,746,131,43,223,169,165,53,408,92,368,443,451,715,119,44,3,587,626,340,152,159,305,254,486,638,377,542,733,255,355,356,661,190,438,134,174,384,271,199,61,402,489,694,115,386,474,592,247,514,50,196,668,124,260,698,697,137,293,700,672,352,337,437,297,479,194,252,649,314,339,46,494,550,226,122,709,522,261,564,225,309,232,11,358,647,99,256,86,512,264,117,405,396,306,389,278,459,634,298,222,153,375,530,617,266,536,390,598,574,478,215,81,16,381,346,669,392,367,421,30,503,500,93,745,276,248,103,641,665,299,27,385,259,677,17,100,643,688,211,420,554,84,251,296,274,374,639,490,395,376,383,20,195,121,529,566,52,544,436,651,584,510,717,209,253,107,19,182,70,344,191,313,315,588,188,348,483,615,22,265,560,7,4,531,185,523,287,168,637,318,56,139,38,689,120,583,692,76,577,491,33,308,413,363,708,485,650,91,541,18,326,90,110,179,40,328,654,569,680,558,606,595,333,533,693,96,521,725,239,74,283,481,135,513,13,155,430,511,201,538,539,706,526,216,192,126,423,412,419,270,34,682,495,21,559,645,656,465,540,235,422,468,518,212,250,578,77,15,310,618,123,36,492,740,635,611,128,388,63,744,281,41,549,509,364,316,627,162,719,609,613,58,9,197,150,166,62,180,570,334,42,707,504,671,517,660,607,602,445,743,244,178,499,312,206,433,78,416,460,728,217,464,322,230,373,161,427,534,455,372,49,219,361,67,417,320,6,241,424,158,229,452,742,5,72,704,234,242,85,466,712,453,80,354,272,467,378,240,365,291,394,98,527,109,221,450,729,338,640,1,198,284,714,401,497,675,143,398,65,237,295,257,288,311,289,177,444,71,686,632,51,0,231,227,735,142,440,687,286,556,441,737,555,553,79,625,636,154,236,210,332,469,243,563,699,605,695,630,648,562,246,68,411,301,599,484,406,48,496,520,581,644,380,426,133,300,59,277,565,439,146,608,488,561,114,304,202,674,741,454,473,722,151,505,329,87,616,579,32,721,702,399,262,659,623,2,470,184,596,164,302,658,434,545,371,397,662,409,597,448,576,145,330,678,350,586,25,125,24,89,653,101,181,275,508,75,303,403,204,601,546,238,582,144,407,269,127,393,382,475,663,55,108,132,400,507,620,370,594,593,149,172,170,493,45,535,102,610,657,732,220,319,203,442,681,575,624,39,23,713,425,646,690,655,268,673,428,280,515,129,73,410,263,447,157,35,189,667,716,633,97,727,360,472,387,186,734,336,29,294,456,349,547,156,366,703,629,273,524,10,
608,286.71652126312256,159262.96673036396,156513.0796066116,345,292,321,477,691,572,147,590,66,94,183,603,8,567,471,749,258,720,324,64,628,359,476,31,585,519,557,353,323,224,683,723,724,163,501,207,342,619,516,141,551,449,652,325,111,69,171,705,187,12,218,379,228,461,113,537,548,580,506,552,213,614,369,543,676,435,357,173,341,267,748,47,118,167,83,414,347,462,528,432,710,415,711,482,28,666,307,175,343,116,600,463,664,138,571,487,621,404,604,747,205,418,285,136,568,573,502,612,290,233,525,457,351,112,279,176,106,631,57,317,532,245,282,327,642,26,391,458,670,140,480,446,731,130,622,736,685,200,362,37,431,335,718,591,95,104,54,701,82,679,88,739,193,726,498,429,208,589,14,60,160,738,696,249,331,148,730,684,105,214,746,131,43,223,169,165,53,408,92,368,443,451,715,119,44,3,587,626,340,152,159,305,254,486,638,377,542,733,255,355,356,661,190,438,134,174,384,271,199,61,402,489,694,115,386,474,592,247,514,50,196,668,124,260,698,697,137,293,700,672,352,337,437,297,479,194,252,649,314,339,46,494,550,226,122,709,522,261,564,225,309,232,11,358,647,99,256,86,512,264,117,405,396,306,389,278,459,634,298,222,153,375,530,617,266,536,390,598,574,478,215,81,16,381,346,669,392,367,421,30,503,500,93,745,276,248,103,641,665,299,27,385,259,677,17,100,643,688,211,420,554,84,251,296,274,374,639,490,395,376,383,20,195,121,529,566,52,544,436,651,584,510,717,209,253,107,19,182,70,344,191,313,315,588,188,348,483,615,22,265,560,7,4,531,185,523,287,168,637,318,56,139,38,689,120,583,692,76,577,491,33,308,413,363,708,485,650,91,541,18,326,90,110,179,40,328,654,569,680,558,606,595,333,533,693,96,521,725,239,74,283,481,135,513,13,155,430,511,201,538,539,706,526,216,192,126,423,412,419,270,34,682,495,21,559,645,656,465,540,235,422,468,518,212,250,578,77,15,310,618,123,36,492,740,635,611,128,388,63,744,281,41,549,509,364,316,627,162,719,609,613,58,9,197,150,166,62,180,570,334,42,707,504,671,517,660,607,602,445,743,244,178,499,312,206,433,78,416,460,728,217,464,322,230,373,161,427,534,455,372,49,219,361,67,417,320,6,241,424,158,229,452,742,5,72,704,234,242,85,466,712,453,80,354,272,467,378,240,365,291,394,98,527,109,221,450,729,338,640,1,198,284,714,401,497,675,143,398,65,237,295,257,288,311,289,177,444,71,686,632,51,0,231,227,735,142,440,687,286,556,441,737,555,553,79,625,636,154,236,210,332,469,243,563,699,605,695,630,648,562,246,68,411,301,599,484,406,48,496,520,581,644,380,426,133,300,59,277,565,439,146,608,488,561,114,304,202,674,741,454,473,722,151,505,329,87,616,579,32,721,702,399,262,659,623,2,470,184,596,164,302,658,434,545,371,397,662,409,597,448,576,145,330,678,350,586,25,125,24,89,653,101,181,275,508,75,303,403,204,601,546,238,582,144,407,269,127,393,382,475,663,55,108,132,400,507,620,370,594,593,149,172,170,493,45,535,102,610,657,732,220,319,203,442,681,575,624,39,23,713,425,646,690,655,268,673,428,280,515,129,73,410,263,447,157,35,189,667,716,633,97,727,360,472,387,186,734,336,29,294,456,349,547,156,366,703,629,273,524,10,
609,287.2110984325409,159475.23865349102,156513.0796066116,345,292,321,477,691,572,147,590,66,94,183,603,8,567,471,749,258,720,324,64,628,359,476,31,585,519,557,353,323,224,683,723,724,163,501,207,342,619,516,141,551,449,652,325,111,69,171,705,187,12,218,379,228,461,113,537,548,580,506,552,213,614,369,543,676,435,357,173,341,267,748,47,118,167,83,414,347,462,528,432,710,415,711,482,28,666,307,175,343,116,600,463,664,138,571,487,621,404,604,747,205,418,285,136,568,573,502,612,290,233,525,457,351,112,279,176,106,631,57,317,532,245,282,327,642,26,391,458,670,140,480,446,731,130,622,736,685,200,362,37,431,335,718,591,95,104,54,701,82,679,88,739,193,726,498,429,208,589,14,60,160,738,696,249,331,148,730,684,105,214,746,131,43,223,169,165,53,408,92,368,443,451,715,119,44,3,587,626,340,152,159,305,254,486,638,377,542,733,255,355,356,661,190,438,134,174,384,271,199,61,402,489,694,115,386,474,592,247,514,50,196,668,124,260,698,697,137,293,700,672,352,337,437,297,479,194,252,649,314,339,46,494,550,226,122,709,522,261,564,225,309,232,11,358,647,99,256,86,512,264,117,405,396,306,389,278,459,634,298,222,153,375,530,617,266,536,390,598,574,478,215,81,16,381,346,669,392,367,421,30,503,500,93,745,276,248,103,641,665,299,27,385,259,677,17,100,643,688,211,420,554,84,251,296,274,374,639,490,395,376,383,20,195,121,529,566,52,544,436,651,584,510,717,209,253,107,19,182,70,344,191,313,315,588,188,348,483,615,22,265,560,7,4,531,185,523,287,168,637,318,56,139,38,689,120,583,692,76,577,491,33,308,413,363,708,485,650,91,541,18,326,90,110,179,40,328,654,569,680,558,606,595,333,533,693,96,521,725,239,74,283,481,135,513,13,155,430,511,201,538,539,706,526,216,192,126,423,412,419,270,34,682,495,21,559,645,656,465,540,235,422,468,518,212,250,578,77,15,310,618,123,36,492,740,635,611,128,388,63,744,281,41,549,509,364,316,627,162,719,609,613,58,9,197,150,166,62,180,570,334,42,707,504,671,517,660,607,602,445,743,244,178,499,312,206,433,78,416,460,728,217,464,322,230,373,161,427,534,455,372,49,219,361,67,417,320,6,241,424,158,229,452,742,5,72,704,234,242,85,466,712,453,80,354,272,467,378,240,365,291,394,98,527,109,221,450,729,338,640,1,198,284,714,401,497,675,143,398,65,237,295,257,288,311,289,177,444,71,686,632,51,0,231,227,735,142,440,687,286,556,441,737,555,553,79,625,636,154,236,210,332,469,243,563,699,605,695,630,648,562,246,68,411,301,599,484,406,48,496,520,581,644,380,426,133,300,59,277,565,439,146,608,488,561,114,304,202,674,741,454,473,722,151,505,329,87,616,579,32,721,702,399,262,659,623,2,470,184,596,164,302,658,434,545,371,397,662,409,597,448,576,145,330,678,350,586,25,125,24,89,653,101,181,275,508,75,303,403,204,601,546,238,582,144,407,269,127,393,382,475,663,55,108,132,400,507,620,370,594,593,149,172,170,493,45,535,102,610,657,732,220,319,203,442,681,575,624,39,23,713,425,646,690,655,268,673,428,280,515,129,73,410,263,447,157,35,189,667,716,633,97,727,360,472,387,186,734,336,29,294,456,349,547,156,366,703,629,273,524,10,
610,287.7013394832611,160736.38809767077,156513.0796066116,345,292,321,477,691,572,147,590,66,94,183,603,8,567,471,749,258,720,324,64,628,359,476,31,585,519,557,353,323,224,683,723,724,163,501,207,342,619,516,141,551,449,652,325,111,69,171,705,187,12,218,379,228,461,113,537,548,580,506,552,213,614,369,543,676,435,357,173,341,267,748,47,118,167,83,414,347,462,528,432,710,415,711,482,28,666,307,175,343,116,600,463,664,138,571,487,621,404,604,747,205,418,285,136,568,573,502,612,290,233,525,457,351,112,279,176,106,631,57,317,532,245,282,327,642,26,391,458,670,140,480,446,731,130,622,736,685,200,362,37,431,335,718,591,95,104,54,701,82,679,88,739,193,726,498,429,208,589,14,60,160,738,696,249,331,148,730,684,105,214,746,131,43,223,169,165,53,408,92,368,443,451,715,119,44,3,587,626,340,152,159,305,254,486,638,377,542,733,255,355,356,661,190,438,134,174,384,271,199,61,402,489,694,115,386,474,592,247,514,50,196,668,124,260,698,697,137,293,700,672,352,337,437,297,479,194,252,649,314,339,46,494,550,226,122,709,522,261,564,225,309,232,11,358,647,99,256,86,512,264,117,405,396,306,389,278,459,634,298,222,153,375,530,617,266,536,390,598,574,478,215,81,16,381,346,669,392,367,421,30,503,500,93,745,276,248,103,641,665,299,27,385,259,677,17,100,643,688,211,420,554,84,251,296,274,374,639,490,395,376,383,20,195,121,529,566,52,544,436,651,584,510,717,209,253,107,19,182,70,344,191,313,315,588,188,348,483,615,22,265,560,7,4,531,185,523,287,168,637,318,56,139,38,689,120,583,692,76,577,491,33,308,413,363,708,485,650,91,541,18,326,90,110,179,40,328,654,569,680,558,606,595,333,533,693,96,521,725,239,74,283,481,135,513,13,155,430,511,201,538,539,706,526,216,192,126,423,412,419,270,34,682,495,21,559,645,656,465,540,235,422,468,518,212,250,578,77,15,310,618,123,36,492,740,635,611,128,388,63,744,281,41,549,509,364,316,627,162,719,609,613,58,9,197,150,166,62,180,570,334,42,707,504,671,517,660,607,602,445,743,244,178,499,312,206,433,78,416,460,728,217,464,322,230,373,161,427,534,455,372,49,219,361,67,417,320,6,241,424,158,229,452,742,5,72,704,234,242,85,466,712,453,80,354,272,467,378,240,365,291,394,98,527,109,221,450,729,338,640,1,198,284,714,401,497,675,143,398,65,237,295,257,288,311,289,177,444,71,686,632,51,0,231,227,735,142,440,687,286,556,441,737,555,553,79,625,636,154,236,210,332,469,243,563,699,605,695,630,648,562,246,68,411,301,599,484,406,48,496,520,581,644,380,426,133,300,59,277,565,439,146,608,488,561,114,304,202,674,741,454,473,722,151,505,329,87,616,579,32,721,702,399,262,659,623,2,470,184,596,164,302,658,434,545,371,397,662,409,597,448,576,145,330,678,350,586,25,125,24,89,653,101,181,275,508,75,303,403,204,601,546,238,582,144,407,269,127,393,382,475,663,55,108,132,400,507,620,370,594,593,149,172,170,493,45,535,102,610,657,732,220,319,203,442,681,575,624,39,23,713,425,646,690,655,268,673,428,280,515,129,73,410,263,447,157,35,189,667,716,633,97,727,360,472,387,186,734,336,29,294,456,349,547,156,366,703,629,273,524,10,
611,288.23892426490784,160714.47190064614,156513.0796066116,345,292,321,477,691,572,147,590,66,94,183,603,8,567,471,749,258,720,324,64,628,359,476,31,585,519,557,353,323,224,683,723,724,163,501,207,342,619,516,141,551,449,652,325,111,69,171,705,187,12,218,379,228,461,113,537,548,580,506,552,213,614,369,543,676,435,357,173,341,267,748,47,118,167,83,414,347,462,528,432,710,415,711,482,28,666,307,175,343,116,600,463,664,138,571,487,621,404,604,747,205,418,285,136,568,573,502,612,290,233,525,457,351,112,279,176,106,631,57,317,532,245,282,327,642,26,391,458,670,140,480,446,731,130,622,736,685,200,362,37,431,335,718,591,95,104,54,701,82,679,88,739,193,726,498,429,208,589,14,60,160,738,696,249,331,148,730,684,105,214,746,131,43,223,169,165,53,408,92,368,443,451,715,119,44,3,587,626,340,152,159,305,254,486,638,377,542,733,255,355,356,661,190,438,134,174,384,271,199,61,402,489,694,115,386,474,592,247,514,50,196,668,124,260,698,697,137,293,700,672,352,337,437,297,479,194,252,649,314,339,46,494,550,226,122,709,522,261,564,225,309,232,11,358,647,99,256,86,512,264,117,405,396,306,389,278,459,634,298,222,153,375,530,617,266,536,390,598,574,478,215,81,16,381,346,669,392,367,421,30,503,500,93,745,276,248,103,641,665,299,27,385,259,677,17,100,643,688,211,420,554,84,251,296,274,374,639,490,395,376,383,20,195,121,529,566,52,544,436,651,584,510,717,209,253,107,19,182,70,344,191,313,315,588,188,348,483,615,22,265,560,7,4,531,185,523,287,168,637,318,56,139,38,689,120,583,692,76,577,491,33,308,413,363,708,485,650,91,541,18,326,90,110,179,40,328,654,569,680,558,606,595,333,533,693,96,521,725,239,74,283,481,135,513,13,155,430,511,201,538,539,706,526,216,192,126,423,412,419,270,34,682,495,21,559,645,656,465,540,235,422,468,518,212,250,578,77,15,310,618,123,36,492,740,635,611,128,388,63,744,281,41,549,509,364,316,627,162,719,609,613,58,9,197,150,166,62,180,570,334,42,707,504,671,517,660,607,602,445,743,244,178,499,312,206,433,78,416,460,728,217,464,322,230,373,161,427,534,455,372,49,219,361,67,417,320,6,241,424,158,229,452,742,5,72,704,234,242,85,466,712,453,80,354,272,467,378,240,365,291,394,98,527,109,221,450,729,338,640,1,198,284,714,401,497,675,143,398,65,237,295,257,288,311,289,177,444,71,686,632,51,0,231,227,735,142,440,687,286,556,441,737,555,553,79,625,636,154,236,210,332,469,243,563,699,605,695,630,648,562,246,68,411,301,599,484,406,48,496,520,581,644,380,426,133,300,59,277,565,439,146,608,488,561,114,304,202,674,741,454,473,722,151,505,329,87,616,579,32,721,702,399,262,659,623,2,470,184,596,164,302,658,434,545,371,397,662,409,597,448,576,145,330,678,350,586,25,125,24,89,653,101,181,275,508,75,303,403,204,601,546,238,582,144,407,269,127,393,382,475,663,55,108,132,400,507,620,370,594,593,149,172,170,493,45,535,102,610,657,732,220,319,203,442,681,575,624,39,23,713,425,646,690,655,268,673,428,280,515,129,73,410,263,447,157,35,189,667,716,633,97,727,360,472,387,186,734,336,29,294,456,349,547,156,366,703,629,273,524,10,
612,288.75574564933777,160633.10583108873,156513.0796066116,345,292,321,477,691,572,147,590,66,94,183,603,8,567,471,749,258,720,324,64,628,359,476,31,585,519,557,353,323,224,683,723,724,163,501,207,342,619,516,141,551,449,652,325,111,69,171,705,187,12,218,379,228,461,113,537,548,580,506,552,213,614,369,543,676,435,357,173,341,267,748,47,118,167,83,414,347,462,528,432,710,415,711,482,28,666,307,175,343,116,600,463,664,138,571,487,621,404,604,747,205,418,285,136,568,573,502,612,290,233,525,457,351,112,279,176,106,631,57,317,532,245,282,327,642,26,391,458,670,140,480,446,731,130,622,736,685,200,362,37,431,335,718,591,95,104,54,701,82,679,88,739,193,726,498,429,208,589,14,60,160,738,696,249,331,148,730,684,105,214,746,131,43,223,169,165,53,408,92,368,443,451,715,119,44,3,587,626,340,152,159,305,254,486,638,377,542,733,255,355,356,661,190,438,134,174,384,271,199,61,402,489,694,115,386,474,592,247,514,50,196,668,124,260,698,697,137,293,700,672,352,337,437,297,479,194,252,649,314,339,46,494,550,226,122,709,522,261,564,225,309,232,11,358,647,99,256,86,512,264,117,405,396,306,389,278,459,634,298,222,153,375,530,617,266,536,390,598,574,478,215,81,16,381,346,669,392,367,421,30,503,500,93,745,276,248,103,641,665,299,27,385,259,677,17,100,643,688,211,420,554,84,251,296,274,374,639,490,395,376,383,20,195,121,529,566,52,544,436,651,584,510,717,209,253,107,19,182,70,344,191,313,315,588,188,348,483,615,22,265,560,7,4,531,185,523,287,168,637,318,56,139,38,689,120,583,692,76,577,491,33,308,413,363,708,485,650,91,541,18,326,90,110,179,40,328,654,569,680,558,606,595,333,533,693,96,521,725,239,74,283,481,135,513,13,155,430,511,201,538,539,706,526,216,192,126,423,412,419,270,34,682,495,21,559,645,656,465,540,235,422,468,518,212,250,578,77,15,310,618,123,36,492,740,635,611,128,388,63,744,281,41,549,509,364,316,627,162,719,609,613,58,9,197,150,166,62,180,570,334,42,707,504,671,517,660,607,602,445,743,244,178,499,312,206,433,78,416,460,728,217,464,322,230,373,161,427,534,455,372,49,219,361,67,417,320,6,241,424,158,229,452,742,5,72,704,234,242,85,466,712,453,80,354,272,467,378,240,365,291,394,98,527,109,221,450,729,338,640,1,198,284,714,401,497,675,143,398,65,237,295,257,288,311,289,177,444,71,686,632,51,0,231,227,735,142,440,687,286,556,441,737,555,553,79,625,636,154,236,210,332,469,243,563,699,605,695,630,648,562,246,68,411,301,599,484,406,48,496,520,581,644,380,426,133,300,59,277,565,439,146,608,488,561,114,304,202,674,741,454,473,722,151,505,329,87,616,579,32,721,702,399,262,659,623,2,470,184,596,164,302,658,434,545,371,397,662,409,597,448,576,145,330,678,350,586,25,125,24,89,653,101,181,275,508,75,303,403,204,601,546,238,582,144,407,269,127,393,382,475,663,55,108,132,400,507,620,370,594,593,149,172,170,493,45,535,102,610,657,732,220,319,203,442,681,575,624,39,23,713,425,646,690,655,268,673,428,280,515,129,73,410,263,447,157,35,189,667,716,633,97,727,360,472,387,186,734,336,29,294,456,349,547,156,366,703,629,273,524,10,
613,289.2577028274536,161310.45336372373,156513.0796066116,345,292,321,477,691,572,147,590,66,94,183,603,8,567,471,749,258,720,324,64,628,359,476,31,585,519,557,353,323,224,683,723,724,163,501,207,342,619,516,141,551,449,652,325,111,69,171,705,187,12,218,379,228,461,113,537,548,580,506,552,213,614,369,543,676,435,357,173,341,267,748,47,118,167,83,414,347,462,528,432,710,415,711,482,28,666,307,175,343,116,600,463,664,138,571,487,621,404,604,747,205,418,285,136,568,573,502,612,290,233,525,457,351,112,279,176,106,631,57,317,532,245,282,327,642,26,391,458,670,140,480,446,731,130,622,736,685,200,362,37,431,335,718,591,95,104,54,701,82,679,88,739,193,726,498,429,208,589,14,60,160,738,696,249,331,148,730,684,105,214,746,131,43,223,169,165,53,408,92,368,443,451,715,119,44,3,587,626,340,152,159,305,254,486,638,377,542,733,255,355,356,661,190,438,134,174,384,271,199,61,402,489,694,115,386,474,592,247,514,50,196,668,124,260,698,697,137,293,700,672,352,337,437,297,479,194,252,649,314,339,46,494,550,226,122,709,522,261,564,225,309,232,11,358,647,99,256,86,512,264,117,405,396,306,389,278,459,634,298,222,153,375,530,617,266,536,390,598,574,478,215,81,16,381,346,669,392,367,421,30,503,500,93,745,276,248,103,641,665,299,27,385,259,677,17,100,643,688,211,420,554,84,251,296,274,374,639,490,395,376,383,20,195,121,529,566,52,544,436,651,584,510,717,209,253,107,19,182,70,344,191,313,315,588,188,348,483,615,22,265,560,7,4,531,185,523,287,168,637,318,56,139,38,689,120,583,692,76,577,491,33,308,413,363,708,485,650,91,541,18,326,90,110,179,40,328,654,569,680,558,606,595,333,533,693,96,521,725,239,74,283,481,135,513,13,155,430,511,201,538,539,706,526,216,192,126,423,412,419,270,34,682,495,21,559,645,656,465,540,235,422,468,518,212,250,578,77,15,310,618,123,36,492,740,635,611,128,388,63,744,281,41,549,509,364,316,627,162,719,609,613,58,9,197,150,166,62,180,570,334,42,707,504,671,517,660,607,602,445,743,244,178,499,312,206,433,78,416,460,728,217,464,322,230,373,161,427,534,455,372,49,219,361,67,417,320,6,241,424,158,229,452,742,5,72,704,234,242,85,466,712,453,80,354,272,467,378,240,365,291,394,98,527,109,221,450,729,338,640,1,198,284,714,401,497,675,143,398,65,237,295,257,288,311,289,177,444,71,686,632,51,0,231,227,735,142,440,687,286,556,441,737,555,553,79,625,636,154,236,210,332,469,243,563,699,605,695,630,648,562,246,68,411,301,599,484,406,48,496,520,581,644,380,426,133,300,59,277,565,439,146,608,488,561,114,304,202,674,741,454,473,722,151,505,329,87,616,579,32,721,702,399,262,659,623,2,470,184,596,164,302,658,434,545,371,397,662,409,597,448,576,145,330,678,350,586,25,125,24,89,653,101,181,275,508,75,303,403,204,601,546,238,582,144,407,269,127,393,382,475,663,55,108,132,400,507,620,370,594,593,149,172,170,493,45,535,102,610,657,732,220,319,203,442,681,575,624,39,23,713,425,646,690,655,268,673,428,280,515,129,73,410,263,447,157,35,189,667,716,633,97,727,360,472,387,186,734,336,29,294,456,349,547,156,366,703,629,273,524,10,
614,289.70560908317566,160620.45483096066,156513.0796066116,345,292,321,477,691,572,147,590,66,94,183,603,8,567,471,749,258,720,324,64,628,359,476,31,585,519,557,353,323,224,683,723,724,163,501,207,342,619,516,141,551,449,652,325,111,69,171,705,187,12,218,379,228,461,113,537,548,580,506,552,213,614,369,543,676,435,357,173,341,267,748,47,118,167,83,414,347,462,528,432,710,415,711,482,28,666,307,175,343,116,600,463,664,138,571,487,621,404,604,747,205,418,285,136,568,573,502,612,290,233,525,457,351,112,279,176,106,631,57,317,532,245,282,327,642,26,391,458,670,140,480,446,731,130,622,736,685,200,362,37,431,335,718,591,95,104,54,701,82,679,88,739,193,726,498,429,208,589,14,60,160,738,696,249,331,148,730,684,105,214,746,131,43,223,169,165,53,408,92,368,443,451,715,119,44,3,587,626,340,152,159,305,254,486,638,377,542,733,255,355,356,661,190,438,134,174,384,271,199,61,402,489,694,115,386,474,592,247,514,50,196,668,124,260,698,697,137,293,700,672,352,337,437,297,479,194,252,649,314,339,46,494,550,226,122,709,522,261,564,225,309,232,11,358,647,99,256,86,512,264,117,405,396,306,389,278,459,634,298,222,153,375,530,617,266,536,390,598,574,478,215,81,16,381,346,669,392,367,421,30,503,500,93,745,276,248,103,641,665,299,27,385,259,677,17,100,643,688,211,420,554,84,251,296,274,374,639,490,395,376,383,20,195,121,529,566,52,544,436,651,584,510,717,209,253,107,19,182,70,344,191,313,315,588,188,348,483,615,22,265,560,7,4,531,185,523,287,168,637,318,56,139,38,689,120,583,692,76,577,491,33,308,413,363,708,485,650,91,541,18,326,90,110,179,40,328,654,569,680,558,606,595,333,533,693,96,521,725,239,74,283,481,135,513,13,155,430,511,201,538,539,706,526,216,192,126,423,412,419,270,34,682,495,21,559,645,656,465,540,235,422,468,518,212,250,578,77,15,310,618,123,36,492,740,635,611,128,388,63,744,281,41,549,509,364,316,627,162,719,609,613,58,9,197,150,166,62,180,570,334,42,707,504,671,517,660,607,602,445,743,244,178,499,312,206,433,78,416,460,728,217,464,322,230,373,161,427,534,455,372,49,219,361,67,417,320,6,241,424,158,229,452,742,5,72,704,234,242,85,466,712,453,80,354,272,467,378,240,365,291,394,98,527,109,221,450,729,338,640,1,198,284,714,401,497,675,143,398,65,237,295,257,288,311,289,177,444,71,686,632,51,0,231,227,735,142,440,687,286,556,441,737,555,553,79,625,636,154,236,210,332,469,243,563,699,605,695,630,648,562,246,68,411,301,599,484,406,48,496,520,581,644,380,426,133,300,59,277,565,439,146,608,488,561,114,304,202,674,741,454,473,722,151,505,329,87,616,579,32,721,702,399,262,659,623,2,470,184,596,164,302,658,434,545,371,397,662,409,597,448,576,145,330,678,350,586,25,125,24,89,653,101,181,275,508,75,303,403,204,601,546,238,582,144,407,269,127,393,382,475,663,55,108,132,400,507,620,370,594,593,149,172,170,493,45,535,102,610,657,732,220,319,203,442,681,575,624,39,23,713,425,646,690,655,268,673,428,280,515,129,73,410,263,447,157,35,189,667,716,633,97,727,360,472,387,186,734,336,29,294,456,349,547,156,366,703,629,273,524,10,
615,290.1497175693512,161877.77589069362,156513.0796066116,345,292,321,477,691,572,147,590,66,94,183,603,8,567,471,749,258,720,324,64,628,359,476,31,585,519,557,353,323,224,683,723,724,163,501,207,342,619,516,141,551,449,652,325,111,69,171,705,187,12,218,379,228,461,113,537,548,580,506,552,213,614,369,543,676,435,357,173,341,267,748,47,118,167,83,414,347,462,528,432,710,415,711,482,28,666,307,175,343,116,600,463,664,138,571,487,621,404,604,747,205,418,285,136,568,573,502,612,290,233,525,457,351,112,279,176,106,631,57,317,532,245,282,327,642,26,391,458,670,140,480,446,731,130,622,736,685,200,362,37,431,335,718,591,95,104,54,701,82,679,88,739,193,726,498,429,208,589,14,60,160,738,696,249,331,148,730,684,105,214,746,131,43,223,169,165,53,408,92,368,443,451,715,119,44,3,587,626,340,152,159,305,254,486,638,377,542,733,255,355,356,661,190,438,134,174,384,271,199,61,402,489,694,115,386,474,592,247,514,50,196,668,124,260,698,697,137,293,700,672,352,337,437,297,479,194,252,649,314,339,46,494,550,226,122,709,522,261,564,225,309,232,11,358,647,99,256,86,512,264,117,405,396,306,389,278,459,634,298,222,153,375,530,617,266,536,390,598,574,478,215,81,16,381,346,669,392,367,421,30,503,500,93,745,276,248,103,641,665,299,27,385,259,677,17,100,643,688,211,420,554,84,251,296,274,374,639,490,395,376,383,20,195,121,529,566,52,544,436,651,584,510,717,209,253,107,19,182,70,344,191,313,315,588,188,348,483,615,22,265,560,7,4,531,185,523,287,168,637,318,56,139,38,689,120,583,692,76,577,491,33,308,413,363,708,485,650,91,541,18,326,90,110,179,40,328,654,569,680,558,606,595,333,533,693,96,521,725,239,74,283,481,135,513,13,155,430,511,201,538,539,706,526,216,192,126,423,412,419,270,34,682,495,21,559,645,656,465,540,235,422,468,518,212,250,578,77,15,310,618,123,36,492,740,635,611,128,388,63,744,281,41,549,509,364,316,627,162,719,609,613,58,9,197,150,166,62,180,570,334,42,707,504,671,517,660,607,602,445,743,244,178,499,312,206,433,78,416,460,728,217,464,322,230,373,161,427,534,455,372,49,219,361,67,417,320,6,241,424,158,229,452,742,5,72,704,234,242,85,466,712,453,80,354,272,467,378,240,365,291,394,98,527,109,221,450,729,338,640,1,198,284,714,401,497,675,143,398,65,237,295,257,288,311,289,177,444,71,686,632,51,0,231,227,735,142,440,687,286,556,441,737,555,553,79,625,636,154,236,210,332,469,243,563,699,605,695,630,648,562,246,68,411,301,599,484,406,48,496,520,581,644,380,426,133,300,59,277,565,439,146,608,488,561,114,304,202,674,741,454,473,722,151,505,329,87,616,579,32,721,702,399,262,659,623,2,470,184,596,164,302,658,434,545,371,397,662,409,597,448,576,145,330,678,350,586,25,125,24,89,653,101,181,275,508,75,303,403,204,601,546,238,582,144,407,269,127,393,382,475,663,55,108,132,400,507,620,370,594,593,149,172,170,493,45,535,102,610,657,732,220,319,203,442,681,575,624,39,23,713,425,646,690,655,268,673,428,280,515,129,73,410,263,447,157,35,189,667,716,633,97,727,360,472,387,186,734,336,29,294,456,349,547,156,366,703,629,273,524,10,
616,290.8620057106018,160419.3141322914,156513.0796066116,345,292,321,477,691,572,147,590,66,94,183,603,8,567,471,749,258,720,324,64,628,359,476,31,585,519,557,353,323,224,683,723,724,163,501,207,342,619,516,141,551,449,652,325,111,69,171,705,187,12,218,379,228,461,113,537,548,580,506,552,213,614,369,543,676,435,357,173,341,267,748,47,118,167,83,414,347,462,528,432,710,415,711,482,28,666,307,175,343,116,600,463,664,138,571,487,621,404,604,747,205,418,285,136,568,573,502,612,290,233,525,457,351,112,279,176,106,631,57,317,532,245,282,327,642,26,391,458,670,140,480,446,731,130,622,736,685,200,362,37,431,335,718,591,95,104,54,701,82,679,88,739,193,726,498,429,208,589,14,60,160,738,696,249,331,148,730,684,105,214,746,131,43,223,169,165,53,408,92,368,443,451,715,119,44,3,587,626,340,152,159,305,254,486,638,377,542,733,255,355,356,661,190,438,134,174,384,271,199,61,402,489,694,115,386,474,592,247,514,50,196,668,124,260,698,697,137,293,700,672,352,337,437,297,479,194,252,649,314,339,46,494,550,226,122,709,522,261,564,225,309,232,11,358,647,99,256,86,512,264,117,405,396,306,389,278,459,634,298,222,153,375,530,617,266,536,390,598,574,478,215,81,16,381,346,669,392,367,421,30,503,500,93,745,276,248,103,641,665,299,27,385,259,677,17,100,643,688,211,420,554,84,251,296,274,374,639,490,395,376,383,20,195,121,529,566,52,544,436,651,584,510,717,209,253,107,19,182,70,344,191,313,315,588,188,348,483,615,22,265,560,7,4,531,185,523,287,168,637,318,56,139,38,689,120,583,692,76,577,491,33,308,413,363,708,485,650,91,541,18,326,90,110,179,40,328,654,569,680,558,606,595,333,533,693,96,521,725,239,74,283,481,135,513,13,155,430,511,201,538,539,706,526,216,192,126,423,412,419,270,34,682,495,21,559,645,656,465,540,235,422,468,518,212,250,578,77,15,310,618,123,36,492,740,635,611,128,388,63,744,281,41,549,509,364,316,627,162,719,609,613,58,9,197,150,166,62,180,570,334,42,707,504,671,517,660,607,602,445,743,244,178,499,312,206,433,78,416,460,728,217,464,322,230,373,161,427,534,455,372,49,219,361,67,417,320,6,241,424,158,229,452,742,5,72,704,234,242,85,466,712,453,80,354,272,467,378,240,365,291,394,98,527,109,221,450,729,338,640,1,198,284,714,401,497,675,143,398,65,237,295,257,288,311,289,177,444,71,686,632,51,0,231,227,735,142,440,687,286,556,441,737,555,553,79,625,636,154,236,210,332,469,243,563,699,605,695,630,648,562,246,68,411,301,599,484,406,48,496,520,581,644,380,426,133,300,59,277,565,439,146,608,488,561,114,304,202,674,741,454,473,722,151,505,329,87,616,579,32,721,702,399,262,659,623,2,470,184,596,164,302,658,434,545,371,397,662,409,597,448,576,145,330,678,350,586,25,125,24,89,653,101,181,275,508,75,303,403,204,601,546,238,582,144,407,269,127,393,382,475,663,55,108,132,400,507,620,370,594,593,149,172,170,493,45,535,102,610,657,732,220,319,203,442,681,575,624,39,23,713,425,646,690,655,268,673,428,280,515,129,73,410,263,447,157,35,189,667,716,633,97,727,360,472,387,186,734,336,29,294,456,349,547,156,366,703,629,273,524,10,
617,291.3953649997711,160940.77759354573,156513.0796066116,345,292,321,477,691,572,147,590,66,94,183,603,8,567,471,749,258,720,324,64,628,359,476,31,585,519,557,353,323,224,683,723,724,163,501,207,342,619,516,141,551,449,652,325,111,69,171,705,187,12,218,379,228,461,113,537,548,580,506,552,213,614,369,543,676,435,357,173,341,267,748,47,118,167,83,414,347,462,528,432,710,415,711,482,28,666,307,175,343,116,600,463,664,138,571,487,621,404,604,747,205,418,285,136,568,573,502,612,290,233,525,457,351,112,279,176,106,631,57,317,532,245,282,327,642,26,391,458,670,140,480,446,731,130,622,736,685,200,362,37,431,335,718,591,95,104,54,701,82,679,88,739,193,726,498,429,208,589,14,60,160,738,696,249,331,148,730,684,105,214,746,131,43,223,169,165,53,408,92,368,443,451,715,119,44,3,587,626,340,152,159,305,254,486,638,377,542,733,255,355,356,661,190,438,134,174,384,271,199,61,402,489,694,115,386,474,592,247,514,50,196,668,124,260,698,697,137,293,700,672,352,337,437,297,479,194,252,649,314,339,46,494,550,226,122,709,522,261,564,225,309,232,11,358,647,99,256,86,512,264,117,405,396,306,389,278,459,634,298,222,153,375,530,617,266,536,390,598,574,478,215,81,16,381,346,669,392,367,421,30,503,500,93,745,276,248,103,641,665,299,27,385,259,677,17,100,643,688,211,420,554,84,251,296,274,374,639,490,395,376,383,20,195,121,529,566,52,544,436,651,584,510,717,209,253,107,19,182,70,344,191,313,315,588,188,348,483,615,22,265,560,7,4,531,185,523,287,168,637,318,56,139,38,689,120,583,692,76,577,491,33,308,413,363,708,485,650,91,541,18,326,90,110,179,40,328,654,569,680,558,606,595,333,533,693,96,521,725,239,74,283,481,135,513,13,155,430,511,201,538,539,706,526,216,192,126,423,412,419,270,34,682,495,21,559,645,656,465,540,235,422,468,518,212,250,578,77,15,310,618,123,36,492,740,635,611,128,388,63,744,281,41,549,509,364,316,627,162,719,609,613,58,9,197,150,166,62,180,570,334,42,707,504,671,517,660,607,602,445,743,244,178,499,312,206,433,78,416,460,728,217,464,322,230,373,161,427,534,455,372,49,219,361,67,417,320,6,241,424,158,229,452,742,5,72,704,234,242,85,466,712,453,80,354,272,467,378,240,365,291,394,98,527,109,221,450,729,338,640,1,198,284,714,401,497,675,143,398,65,237,295,257,288,311,289,177,444,71,686,632,51,0,231,227,735,142,440,687,286,556,441,737,555,553,79,625,636,154,236,210,332,469,243,563,699,605,695,630,648,562,246,68,411,301,599,484,406,48,496,520,581,644,380,426,133,300,59,277,565,439,146,608,488,561,114,304,202,674,741,454,473,722,151,505,329,87,616,579,32,721,702,399,262,659,623,2,470,184,596,164,302,658,434,545,371,397,662,409,597,448,576,145,330,678,350,586,25,125,24,89,653,101,181,275,508,75,303,403,204,601,546,238,582,144,407,269,127,393,382,475,663,55,108,132,400,507,620,370,594,593,149,172,170,493,45,535,102,610,657,732,220,319,203,442,681,575,624,39,23,713,425,646,690,655,268,673,428,280,515,129,73,410,263,447,157,35,189,667,716,633,97,727,360,472,387,186,734,336,29,294,456,349,547,156,366,703,629,273,524,10,
618,291.96281576156616,161047.28223358392,156513.0796066116,345,292,321,477,691,572,147,590,66,94,183,603,8,567,471,749,258,720,324,64,628,359,476,31,585,519,557,353,323,224,683,723,724,163,501,207,342,619,516,141,551,449,652,325,111,69,171,705,187,12,218,379,228,461,113,537,548,580,506,552,213,614,369,543,676,435,357,173,341,267,748,47,118,167,83,414,347,462,528,432,710,415,711,482,28,666,307,175,343,116,600,463,664,138,571,487,621,404,604,747,205,418,285,136,568,573,502,612,290,233,525,457,351,112,279,176,106,631,57,317,532,245,282,327,642,26,391,458,670,140,480,446,731,130,622,736,685,200,362,37,431,335,718,591,95,104,54,701,82,679,88,739,193,726,498,429,208,589,14,60,160,738,696,249,331,148,730,684,105,214,746,131,43,223,169,165,53,408,92,368,443,451,715,119,44,3,587,626,340,152,159,305,254,486,638,377,542,733,255,355,356,661,190,438,134,174,384,271,199,61,402,489,694,115,386,474,592,247,514,50,196,668,124,260,698,697,137,293,700,672,352,337,437,297,479,194,252,649,314,339,46,494,550,226,122,709,522,261,564,225,309,232,11,358,647,99,256,86,512,264,117,405,396,306,389,278,459,634,298,222,153,375,530,617,266,536,390,598,574,478,215,81,16,381,346,669,392,367,421,30,503,500,93,745,276,248,103,641,665,299,27,385,259,677,17,100,643,688,211,420,554,84,251,296,274,374,639,490,395,376,383,20,195,121,529,566,52,544,436,651,584,510,717,209,253,107,19,182,70,344,191,313,315,588,188,348,483,615,22,265,560,7,4,531,185,523,287,168,637,318,56,139,38,689,120,583,692,76,577,491,33,308,413,363,708,485,650,91,541,18,326,90,110,179,40,328,654,569,680,558,606,595,333,533,693,96,521,725,239,74,283,481,135,513,13,155,430,511,201,538,539,706,526,216,192,126,423,412,419,270,34,682,495,21,559,645,656,465,540,235,422,468,518,212,250,578,77,15,310,618,123,36,492,740,635,611,128,388,63,744,281,41,549,509,364,316,627,162,719,609,613,58,9,197,150,166,62,180,570,334,42,707,504,671,517,660,607,602,445,743,244,178,499,312,206,433,78,416,460,728,217,464,322,230,373,161,427,534,455,372,49,219,361,67,417,320,6,241,424,158,229,452,742,5,72,704,234,242,85,466,712,453,80,354,272,467,378,240,365,291,394,98,527,109,221,450,729,338,640,1,198,284,714,401,497,675,143,398,65,237,295,257,288,311,289,177,444,71,686,632,51,0,231,227,735,142,440,687,286,556,441,737,555,553,79,625,636,154,236,210,332,469,243,563,699,605,695,630,648,562,246,68,411,301,599,484,406,48,496,520,581,644,380,426,133,300,59,277,565,439,146,608,488,561,114,304,202,674,741,454,473,722,151,505,329,87,616,579,32,721,702,399,262,659,623,2,470,184,596,164,302,658,434,545,371,397,662,409,597,448,576,145,330,678,350,586,25,125,24,89,653,101,181,275,508,75,303,403,204,601,546,238,582,144,407,269,127,393,382,475,663,55,108,132,400,507,620,370,594,593,149,172,170,493,45,535,102,610,657,732,220,319,203,442,681,575,624,39,23,713,425,646,690,655,268,673,428,280,515,129,73,410,263,447,157,35,189,667,716,633,97,727,360,472,387,186,734,336,29,294,456,349,547,156,366,703,629,273,524,10,
619,292.51855421066284,inf,156513.0796066116,345,292,321,477,691,572,147,590,66,94,183,603,8,567,471,749,258,720,324,64,628,359,476,31,585,519,557,353,323,224,683,723,724,163,501,207,342,619,516,141,551,449,652,325,111,69,171,705,187,12,218,379,228,461,113,537,548,580,506,552,213,614,369,543,676,435,357,173,341,267,748,47,118,167,83,414,347,462,528,432,710,415,711,482,28,666,307,175,343,116,600,463,664,138,571,487,621,404,604,747,205,418,285,136,568,573,502,612,290,233,525,457,351,112,279,176,106,631,57,317,532,245,282,327,642,26,391,458,670,140,480,446,731,130,622,736,685,200,362,37,431,335,718,591,95,104,54,701,82,679,88,739,193,726,498,429,208,589,14,60,160,738,696,249,331,148,730,684,105,214,746,131,43,223,169,165,53,408,92,368,443,451,715,119,44,3,587,626,340,152,159,305,254,486,638,377,542,733,255,355,356,661,190,438,134,174,384,271,199,61,402,489,694,115,386,474,592,247,514,50,196,668,124,260,698,697,137,293,700,672,352,337,437,297,479,194,252,649,314,339,46,494,550,226,122,709,522,261,564,225,309,232,11,358,647,99,256,86,512,264,117,405,396,306,389,278,459,634,298,222,153,375,530,617,266,536,390,598,574,478,215,81,16,381,346,669,392,367,421,30,503,500,93,745,276,248,103,641,665,299,27,385,259,677,17,100,643,688,211,420,554,84,251,296,274,374,639,490,395,376,383,20,195,121,529,566,52,544,436,651,584,510,717,209,253,107,19,182,70,344,191,313,315,588,188,348,483,615,22,265,560,7,4,531,185,523,287,168,637,318,56,139,38,689,120,583,692,76,577,491,33,308,413,363,708,485,650,91,541,18,326,90,110,179,40,328,654,569,680,558,606,595,333,533,693,96,521,725,239,74,283,481,135,513,13,155,430,511,201,538,539,706,526,216,192,126,423,412,419,270,34,682,495,21,559,645,656,465,540,235,422,468,518,212,250,578,77,15,310,618,123,36,492,740,635,611,128,388,63,744,281,41,549,509,364,316,627,162,719,609,613,58,9,197,150,166,62,180,570,334,42,707,504,671,517,660,607,602,445,743,244,178,499,312,206,433,78,416,460,728,217,464,322,230,373,161,427,534,455,372,49,219,361,67,417,320,6,241,424,158,229,452,742,5,72,704,234,242,85,466,712,453,80,354,272,467,378,240,365,291,394,98,527,109,221,450,729,338,640,1,198,284,714,401,497,675,143,398,65,237,295,257,288,311,289,177,444,71,686,632,51,0,231,227,735,142,440,687,286,556,441,737,555,553,79,625,636,154,236,210,332,469,243,563,699,605,695,630,648,562,246,68,411,301,599,484,406,48,496,520,581,644,380,426,133,300,59,277,565,439,146,608,488,561,114,304,202,674,741,454,473,722,151,505,329,87,616,579,32,721,702,399,262,659,623,2,470,184,596,164,302,658,434,545,371,397,662,409,597,448,576,145,330,678,350,586,25,125,24,89,653,101,181,275,508,75,303,403,204,601,546,238,582,144,407,269,127,393,382,475,663,55,108,132,400,507,620,370,594,593,149,172,170,493,45,535,102,610,657,732,220,319,203,442,681,575,624,39,23,713,425,646,690,655,268,673,428,280,515,129,73,410,263,447,157,35,189,667,716,633,97,727,360,472,387,186,734,336,29,294,456,349,547,156,366,703,629,273,524,10,
620,293.05121183395386,159718.78206396644,156513.0796066116,345,292,321,477,691,572,147,590,66,94,183,603,8,567,471,749,258,720,324,64,628,359,476,31,585,519,557,353,323,224,683,723,724,163,501,207,342,619,516,141,551,449,652,325,111,69,171,705,187,12,218,379,228,461,113,537,548,580,506,552,213,614,369,543,676,435,357,173,341,267,748,47,118,167,83,414,347,462,528,432,710,415,711,482,28,666,307,175,343,116,600,463,664,138,571,487,621,404,604,747,205,418,285,136,568,573,502,612,290,233,525,457,351,112,279,176,106,631,57,317,532,245,282,327,642,26,391,458,670,140,480,446,731,130,622,736,685,200,362,37,431,335,718,591,95,104,54,701,82,679,88,739,193,726,498,429,208,589,14,60,160,738,696,249,331,148,730,684,105,214,746,131,43,223,169,165,53,408,92,368,443,451,715,119,44,3,587,626,340,152,159,305,254,486,638,377,542,733,255,355,356,661,190,438,134,174,384,271,199,61,402,489,694,115,386,474,592,247,514,50,196,668,124,260,698,697,137,293,700,672,352,337,437,297,479,194,252,649,314,339,46,494,550,226,122,709,522,261,564,225,309,232,11,358,647,99,256,86,512,264,117,405,396,306,389,278,459,634,298,222,153,375,530,617,266,536,390,598,574,478,215,81,16,381,346,669,392,367,421,30,503,500,93,745,276,248,103,641,665,299,27,385,259,677,17,100,643,688,211,420,554,84,251,296,274,374,639,490,395,376,383,20,195,121,529,566,52,544,436,651,584,510,717,209,253,107,19,182,70,344,191,313,315,588,188,348,483,615,22,265,560,7,4,531,185,523,287,168,637,318,56,139,38,689,120,583,692,76,577,491,33,308,413,363,708,485,650,91,541,18,326,90,110,179,40,328,654,569,680,558,606,595,333,533,693,96,521,725,239,74,283,481,135,513,13,155,430,511,201,538,539,706,526,216,192,126,423,412,419,270,34,682,495,21,559,645,656,465,540,235,422,468,518,212,250,578,77,15,310,618,123,36,492,740,635,611,128,388,63,744,281,41,549,509,364,316,627,162,719,609,613,58,9,197,150,166,62,180,570,334,42,707,504,671,517,660,607,602,445,743,244,178,499,312,206,433,78,416,460,728,217,464,322,230,373,161,427,534,455,372,49,219,361,67,417,320,6,241,424,158,229,452,742,5,72,704,234,242,85,466,712,453,80,354,272,467,378,240,365,291,394,98,527,109,221,450,729,338,640,1,198,284,714,401,497,675,143,398,65,237,295,257,288,311,289,177,444,71,686,632,51,0,231,227,735,142,440,687,286,556,441,737,555,553,79,625,636,154,236,210,332,469,243,563,699,605,695,630,648,562,246,68,411,301,599,484,406,48,496,520,581,644,380,426,133,300,59,277,565,439,146,608,488,561,114,304,202,674,741,454,473,722,151,505,329,87,616,579,32,721,702,399,262,659,623,2,470,184,596,164,302,658,434,545,371,397,662,409,597,448,576,145,330,678,350,586,25,125,24,89,653,101,181,275,508,75,303,403,204,601,546,238,582,144,407,269,127,393,382,475,663,55,108,132,400,507,620,370,594,593,149,172,170,493,45,535,102,610,657,732,220,319,203,442,681,575,624,39,23,713,425,646,690,655,268,673,428,280,515,129,73,410,263,447,157,35,189,667,716,633,97,727,360,472,387,186,734,336,29,294,456,349,547,156,366,703,629,273,524,10,
621,293.5196216106415,160512.99500055428,156481.06521596492,379,228,461,113,537,548,580,506,552,213,543,369,614,357,173,341,267,748,47,118,167,83,414,347,462,528,432,710,415,711,482,28,666,307,175,343,116,600,463,664,138,571,487,621,404,604,747,205,418,285,136,568,573,502,612,290,233,525,457,351,112,279,176,106,631,57,317,532,245,282,327,642,26,391,458,670,140,480,446,731,130,622,736,685,200,362,37,431,335,718,591,95,104,54,701,82,679,88,739,193,726,498,429,208,589,14,60,160,738,696,249,331,148,730,684,105,214,746,131,43,223,169,165,53,408,92,368,443,451,715,119,44,3,587,626,340,152,159,305,254,486,638,377,542,733,255,355,356,661,190,438,134,174,384,271,199,61,402,489,694,115,386,474,592,247,514,50,196,668,124,260,698,697,137,293,700,672,352,337,437,297,479,194,252,649,314,339,46,494,550,226,122,709,522,261,564,225,309,232,11,358,647,99,256,86,512,264,117,405,396,306,389,278,459,634,298,222,153,375,530,617,266,536,390,598,574,478,215,81,16,381,346,669,392,367,421,30,503,500,93,745,276,248,103,641,665,299,27,385,259,677,17,100,643,688,211,420,554,84,251,296,274,374,639,490,395,376,383,20,195,121,529,566,52,544,436,651,584,510,717,209,253,107,19,182,70,344,191,313,315,588,188,348,483,615,22,265,560,7,4,531,185,523,287,168,637,318,56,139,38,689,120,583,692,76,577,491,33,308,413,363,708,485,650,91,541,18,326,90,110,179,40,328,654,569,680,558,606,595,333,533,693,96,521,725,239,74,283,481,135,513,13,155,430,511,201,538,539,706,526,216,192,126,423,412,419,270,34,682,495,21,559,645,656,465,540,235,422,468,518,212,250,578,77,15,310,618,123,36,492,740,635,611,676,435,128,388,63,744,281,41,549,509,364,316,627,162,719,609,613,58,9,197,150,166,62,180,570,334,42,707,504,671,517,660,607,602,445,743,244,178,499,312,206,433,78,416,460,728,217,464,322,230,373,161,427,534,455,372,49,219,361,67,417,320,6,241,424,158,229,452,742,5,72,704,234,242,85,466,712,453,80,354,272,467,378,240,365,291,394,98,527,109,221,450,729,338,640,1,198,284,714,401,497,675,143,398,65,237,295,257,288,311,289,177,444,71,686,632,51,0,231,227,735,142,440,687,286,556,441,737,555,553,79,625,636,154,236,210,332,469,243,563,699,605,695,630,648,562,246,68,411,301,599,484,406,48,496,520,581,644,380,426,133,300,59,277,565,439,146,608,488,561,114,304,202,674,741,454,473,722,151,505,329,87,616,579,32,721,702,399,262,659,623,2,470,184,596,164,302,658,434,545,371,397,662,409,597,448,576,145,330,678,350,586,25,125,24,89,653,101,181,275,508,75,303,403,204,601,546,238,582,144,407,269,127,393,382,475,663,55,108,132,400,507,620,370,594,593,149,172,170,493,45,535,102,610,657,732,220,319,203,442,681,575,624,39,23,713,425,646,690,655,268,673,428,280,515,129,73,410,263,447,157,35,189,667,716,633,97,727,360,472,387,186,734,336,29,294,456,349,547,156,366,703,629,273,524,10,345,292,321,477,691,572,147,590,66,94,183,603,8,567,471,749,258,720,324,64,628,359,476,31,585,519,557,353,323,224,683,723,724,163,501,207,342,619,516,141,551,449,652,325,111,69,171,705,187,12,218,
622,293.970890045166,161262.20106588746,156481.06521596492,379,228,461,113,537,548,580,506,552,213,543,369,614,357,173,341,267,748,47,118,167,83,414,347,462,528,432,710,415,711,482,28,666,307,175,343,116,600,463,664,138,571,487,621,404,604,747,205,418,285,136,568,573,502,612,290,233,525,457,351,112,279,176,106,631,57,317,532,245,282,327,642,26,391,458,670,140,480,446,731,130,622,736,685,200,362,37,431,335,718,591,95,104,54,701,82,679,88,739,193,726,498,429,208,589,14,60,160,738,696,249,331,148,730,684,105,214,746,131,43,223,169,165,53,408,92,368,443,451,715,119,44,3,587,626,340,152,159,305,254,486,638,377,542,733,255,355,356,661,190,438,134,174,384,271,199,61,402,489,694,115,386,474,592,247,514,50,196,668,124,260,698,697,137,293,700,672,352,337,437,297,479,194,252,649,314,339,46,494,550,226,122,709,522,261,564,225,309,232,11,358,647,99,256,86,512,264,117,405,396,306,389,278,459,634,298,222,153,375,530,617,266,536,390,598,574,478,215,81,16,381,346,669,392,367,421,30,503,500,93,745,276,248,103,641,665,299,27,385,259,677,17,100,643,688,211,420,554,84,251,296,274,374,639,490,395,376,383,20,195,121,529,566,52,544,436,651,584,510,717,209,253,107,19,182,70,344,191,313,315,588,188,348,483,615,22,265,560,7,4,531,185,523,287,168,637,318,56,139,38,689,120,583,692,76,577,491,33,308,413,363,708,485,650,91,541,18,326,90,110,179,40,328,654,569,680,558,606,595,333,533,693,96,521,725,239,74,283,481,135,513,13,155,430,511,201,538,539,706,526,216,192,126,423,412,419,270,34,682,495,21,559,645,656,465,540,235,422,468,518,212,250,578,77,15,310,618,123,36,492,740,635,611,676,435,128,388,63,744,281,41,549,509,364,316,627,162,719,609,613,58,9,197,150,166,62,180,570,334,42,707,504,671,517,660,607,602,445,743,244,178,499,312,206,433,78,416,460,728,217,464,322,230,373,161,427,534,455,372,49,219,361,67,417,320,6,241,424,158,229,452,742,5,72,704,234,242,85,466,712,453,80,354,272,467,378,240,365,291,394,98,527,109,221,450,729,338,640,1,198,284,714,401,497,675,143,398,65,237,295,257,288,311,289,177,444,71,686,632,51,0,231,227,735,142,440,687,286,556,441,737,555,553,79,625,636,154,236,210,332,469,243,563,699,605,695,630,648,562,246,68,411,301,599,484,406,48,496,520,581,644,380,426,133,300,59,277,565,439,146,608,488,561,114,304,202,674,741,454,473,722,151,505,329,87,616,579,32,721,702,399,262,659,623,2,470,184,596,164,302,658,434,545,371,397,662,409,597,448,576,145,330,678,350,586,25,125,24,89,653,101,181,275,508,75,303,403,204,601,546,238,582,144,407,269,127,393,382,475,663,55,108,132,400,507,620,370,594,593,149,172,170,493,45,535,102,610,657,732,220,319,203,442,681,575,624,39,23,713,425,646,690,655,268,673,428,280,515,129,73,410,263,447,157,35,189,667,716,633,97,727,360,472,387,186,734,336,29,294,456,349,547,156,366,703,629,273,524,10,345,292,321,477,691,572,147,590,66,94,183,603,8,567,471,749,258,720,324,64,628,359,476,31,585,519,557,353,323,224,683,723,724,163,501,207,342,619,516,141,551,449,652,325,111,69,171,705,187,12,218,
623,294.34344577789307,160970.7845592827,156481.06521596492,379,228,461,113,537,548,580,506,552,213,543,369,614,357,173,341,267,748,47,118,167,83,414,347,462,528,432,710,415,711,482,28,666,307,175,343,116,600,463,664,138,571,487,621,404,604,747,205,418,285,136,568,573,502,612,290,233,525,457,351,112,279,176,106,631,57,317,532,245,282,327,642,26,391,458,670,140,480,446,731,130,622,736,685,200,362,37,431,335,718,591,95,104,54,701,82,679,88,739,193,726,498,429,208,589,14,60,160,738,696,249,331,148,730,684,105,214,746,131,43,223,169,165,53,408,92,368,443,451,715,119,44,3,587,626,340,152,159,305,254,486,638,377,542,733,255,355,356,661,190,438,134,174,384,271,199,61,402,489,694,115,386,474,592,247,514,50,196,668,124,260,698,697,137,293,700,672,352,337,437,297,479,194,252,649,314,339,46,494,550,226,122,709,522,261,564,225,309,232,11,358,647,99,256,86,512,264,117,405,396,306,389,278,459,634,298,222,153,375,530,617,266,536,390,598,574,478,215,81,16,381,346,669,392,367,421,30,503,500,93,745,276,248,103,641,665,299,27,385,259,677,17,100,643,688,211,420,554,84,251,296,274,374,639,490,395,376,383,20,195,121,529,566,52,544,436,651,584,510,717,209,253,107,19,182,70,344,191,313,315,588,188,348,483,615,22,265,560,7,4,531,185,523,287,168,637,318,56,139,38,689,120,583,692,76,577,491,33,308,413,363,708,485,650,91,541,18,326,90,110,179,40,328,654,569,680,558,606,595,333,533,693,96,521,725,239,74,283,481,135,513,13,155,430,511,201,538,539,706,526,216,192,126,423,412,419,270,34,682,495,21,559,645,656,465,540,235,422,468,518,212,250,578,77,15,310,618,123,36,492,740,635,611,676,435,128,388,63,744,281,41,549,509,364,316,627,162,719,609,613,58,9,197,150,166,62,180,570,334,42,707,504,671,517,660,607,602,445,743,244,178,499,312,206,433,78,416,460,728,217,464,322,230,373,161,427,534,455,372,49,219,361,67,417,320,6,241,424,158,229,452,742,5,72,704,234,242,85,466,712,453,80,354,272,467,378,240,365,291,394,98,527,109,221,450,729,338,640,1,198,284,714,401,497,675,143,398,65,237,295,257,288,311,289,177,444,71,686,632,51,0,231,227,735,142,440,687,286,556,441,737,555,553,79,625,636,154,236,210,332,469,243,563,699,605,695,630,648,562,246,68,411,301,599,484,406,48,496,520,581,644,380,426,133,300,59,277,565,439,146,608,488,561,114,304,202,674,741,454,473,722,151,505,329,87,616,579,32,721,702,399,262,659,623,2,470,184,596,164,302,658,434,545,371,397,662,409,597,448,576,145,330,678,350,586,25,125,24,89,653,101,181,275,508,75,303,403,204,601,546,238,582,144,407,269,127,393,382,475,663,55,108,132,400,507,620,370,594,593,149,172,170,493,45,535,102,610,657,732,220,319,203,442,681,575,624,39,23,713,425,646,690,655,268,673,428,280,515,129,73,410,263,447,157,35,189,667,716,633,97,727,360,472,387,186,734,336,29,294,456,349,547,156,366,703,629,273,524,10,345,292,321,477,691,572,147,590,66,94,183,603,8,567,471,749,258,720,324,64,628,359,476,31,585,519,557,353,323,224,683,723,724,163,501,207,342,619,516,141,551,449,652,325,111,69,171,705,187,12,218,
624,294.7939009666443,161862.97798386504,156481.0652159649,537,548,580,506,552,213,543,369,614,357,173,341,267,748,47,118,167,83,414,347,462,528,432,710,415,711,482,28,666,307,175,343,116,600,463,664,138,571,487,621,404,604,747,205,418,285,136,568,573,502,612,290,233,525,457,351,112,279,176,106,631,57,317,532,245,282,327,642,26,391,458,670,140,480,446,731,130,622,736,685,200,362,37,431,335,718,591,95,104,54,701,82,679,88,739,193,726,498,429,208,589,14,60,160,738,696,249,331,148,730,684,105,214,746,131,43,223,169,165,53,408,92,368,443,451,715,119,44,3,587,626,340,152,159,305,254,486,638,377,542,733,255,355,356,661,190,438,134,174,384,271,199,61,402,489,694,115,386,474,592,247,514,50,196,668,124,260,698,697,137,293,700,672,352,337,437,297,479,194,252,649,314,339,46,494,550,226,122,709,522,261,564,225,309,232,11,358,647,99,256,86,512,264,117,405,396,306,389,278,459,634,298,222,153,375,530,617,266,536,390,598,574,478,215,81,16,381,346,669,392,367,421,30,503,500,93,745,276,248,103,641,665,299,27,385,259,677,17,100,643,688,211,420,554,84,251,296,274,374,639,490,395,376,383,20,195,121,529,566,52,544,436,651,584,510,717,209,253,107,19,182,70,344,191,313,315,588,188,348,483,615,22,265,560,7,4,531,185,523,287,168,637,318,56,139,38,689,120,583,692,76,577,491,33,308,413,363,708,485,650,91,541,18,326,90,110,179,40,328,654,569,680,558,606,595,333,533,693,96,521,725,239,74,283,481,135,513,13,155,430,511,201,538,539,706,526,216,192,126,423,412,419,270,34,682,495,21,559,645,656,465,540,235,422,468,518,212,250,578,77,15,310,618,123,36,492,740,635,611,676,435,128,388,63,744,281,41,549,509,364,316,627,162,719,609,613,58,9,197,150,166,62,180,570,334,42,707,504,671,517,660,607,602,445,743,244,178,499,312,206,433,78,416,460,728,217,464,322,230,373,161,427,534,455,372,49,219,361,67,417,320,6,241,424,158,229,452,742,5,72,704,234,242,85,466,712,453,80,354,272,467,378,240,365,291,394,98,527,109,221,450,729,338,640,1,198,284,714,401,497,675,143,398,65,237,295,257,288,311,289,177,444,71,686,632,51,0,231,227,735,142,440,687,286,556,441,737,555,553,79,625,636,154,236,210,332,469,243,563,699,605,695,630,648,562,246,68,411,301,599,484,406,48,496,520,581,644,380,426,133,300,59,277,565,439,146,608,488,561,114,304,202,674,741,454,473,722,151,505,329,87,616,579,32,721,702,399,262,659,623,2,470,184,596,164,302,658,434,545,371,397,662,409,597,448,576,145,330,678,350,586,25,125,24,89,653,101,181,275,508,75,303,403,204,601,546,238,582,144,407,269,127,393,382,475,663,55,108,132,400,507,620,370,594,593,149,172,170,493,45,535,102,610,657,732,220,319,203,442,681,575,624,39,23,713,425,646,690,655,268,673,428,280,515,129,73,410,263,447,157,35,189,667,716,633,97,727,360,472,387,186,734,336,29,294,456,349,547,156,366,703,629,273,524,10,345,292,321,477,691,572,147,590,66,94,183,603,8,567,471,749,258,720,324,64,628,359,476,31,585,519,557,353,323,224,683,723,724,163,501,207,342,619,516,141,551,449,652,325,111,69,171,705,187,12,218,379,228,461,113,
625,295.22614192962646,159948.15648220645,156481.0652159649,537,548,580,506,552,213,543,369,614,357,173,341,267,748,47,118,167,83,414,347,462,528,432,710,415,711,482,28,666,307,175,343,116,600,463,664,138,571,487,621,404,604,747,205,418,285,136,568,573,502,612,290,233,525,457,351,112,279,176,106,631,57,317,532,245,282,327,642,26,391,458,670,140,480,446,731,130,622,736,685,200,362,37,431,335,718,591,95,104,54,701,82,679,88,739,193,726,498,429,208,589,14,60,160,738,696,249,331,148,730,684,105,214,746,131,43,223,169,165,53,408,92,368,443,451,715,119,44,3,587,626,340,152,159,305,254,486,638,377,542,733,255,355,356,661,190,438,134,174,384,271,199,61,402,489,694,115,386,474,592,247,514,50,196,668,124,260,698,697,137,293,700,672,352,337,437,297,479,194,252,649,314,339,46,494,550,226,122,709,522,261,564,225,309,232,11,358,647,99,256,86,512,264,117,405,396,306,389,278,459,634,298,222,153,375,530,617,266,536,390,598,574,478,215,81,16,381,346,669,392,367,421,30,503,500,93,745,276,248,103,641,665,299,27,385,259,677,17,100,643,688,211,420,554,84,251,296,274,374,639,490,395,376,383,20,195,121,529,566,52,544,436,651,584,510,717,209,253,107,19,182,70,344,191,313,315,588,188,348,483,615,22,265,560,7,4,531,185,523,287,168,637,318,56,139,38,689,120,583,692,76,577,491,33,308,413,363,708,485,650,91,541,18,326,90,110,179,40,328,654,569,680,558,606,595,333,533,693,96,521,725,239,74,283,481,135,513,13,155,430,511,201,538,539,706,526,216,192,126,423,412,419,270,34,682,495,21,559,645,656,465,540,235,422,468,518,212,250,578,77,15,310,618,123,36,492,740,635,611,676,435,128,388,63,744,281,41,549,509,364,316,627,162,719,609,613,58,9,197,150,166,62,180,570,334,42,707,504,671,517,660,607,602,445,743,244,178,499,312,206,433,78,416,460,728,217,464,322,230,373,161,427,534,455,372,49,219,361,67,417,320,6,241,424,158,229,452,742,5,72,704,234,242,85,466,712,453,80,354,272,467,378,240,365,291,394,98,527,109,221,450,729,338,640,1,198,284,714,401,497,675,143,398,65,237,295,257,288,311,289,177,444,71,686,632,51,0,231,227,735,142,440,687,286,556,441,737,555,553,79,625,636,154,236,210,332,469,243,563,699,605,695,630,648,562,246,68,411,301,599,484,406,48,496,520,581,644,380,426,133,300,59,277,565,439,146,608,488,561,114,304,202,674,741,454,473,722,151,505,329,87,616,579,32,721,702,399,262,659,623,2,470,184,596,164,302,658,434,545,371,397,662,409,597,448,576,145,330,678,350,586,25,125,24,89,653,101,181,275,508,75,303,403,204,601,546,238,582,144,407,269,127,393,382,475,663,55,108,132,400,507,620,370,594,593,149,172,170,493,45,535,102,610,657,732,220,319,203,442,681,575,624,39,23,713,425,646,690,655,268,673,428,280,515,129,73,410,263,447,157,35,189,667,716,633,97,727,360,472,387,186,734,336,29,294,456,349,547,156,366,703,629,273,524,10,345,292,321,477,691,572,147,590,66,94,183,603,8,567,471,749,258,720,324,64,628,359,476,31,585,519,557,353,323,224,683,723,724,163,501,207,342,619,516,141,551,449,652,325,111,69,171,705,187,12,218,379,228,461,113,
626,295.7906405925751,159450.62761849398,156481.0652159649,537,548,580,506,552,213,543,369,614,357,173,341,267,748,47,118,167,83,414,347,462,528,432,710,415,711,482,28,666,307,175,343,116,600,463,664,138,571,487,621,404,604,747,205,418,285,136,568,573,502,612,290,233,525,457,351,112,279,176,106,631,57,317,532,245,282,327,642,26,391,458,670,140,480,446,731,130,622,736,685,200,362,37,431,335,718,591,95,104,54,701,82,679,88,739,193,726,498,429,208,589,14,60,160,738,696,249,331,148,730,684,105,214,746,131,43,223,169,165,53,408,92,368,443,451,715,119,44,3,587,626,340,152,159,305,254,486,638,377,542,733,255,355,356,661,190,438,134,174,384,271,199,61,402,489,694,115,386,474,592,247,514,50,196,668,124,260,698,697,137,293,700,672,352,337,437,297,479,194,252,649,314,339,46,494,550,226,122,709,522,261,564,225,309,232,11,358,647,99,256,86,512,264,117,405,396,306,389,278,459,634,298,222,153,375,530,617,266,536,390,598,574,478,215,81,16,381,346,669,392,367,421,30,503,500,93,745,276,248,103,641,665,299,27,385,259,677,17,100,643,688,211,420,554,84,251,296,274,374,639,490,395,376,383,20,195,121,529,566,52,544,436,651,584,510,717,209,253,107,19,182,70,344,191,313,315,588,188,348,483,615,22,265,560,7,4,531,185,523,287,168,637,318,56,139,38,689,120,583,692,76,577,491,33,308,413,363,708,485,650,91,541,18,326,90,110,179,40,328,654,569,680,558,606,595,333,533,693,96,521,725,239,74,283,481,135,513,13,155,430,511,201,538,539,706,526,216,192,126,423,412,419,270,34,682,495,21,559,645,656,465,540,235,422,468,518,212,250,578,77,15,310,618,123,36,492,740,635,611,676,435,128,388,63,744,281,41,549,509,364,316,627,162,719,609,613,58,9,197,150,166,62,180,570,334,42,707,504,671,517,660,607,602,445,743,244,178,499,312,206,433,78,416,460,728,217,464,322,230,373,161,427,534,455,372,49,219,361,67,417,320,6,241,424,158,229,452,742,5,72,704,234,242,85,466,712,453,80,354,272,467,378,240,365,291,394,98,527,109,221,450,729,338,640,1,198,284,714,401,497,675,143,398,65,237,295,257,288,311,289,177,444,71,686,632,51,0,231,227,735,142,440,687,286,556,441,737,555,553,79,625,636,154,236,210,332,469,243,563,699,605,695,630,648,562,246,68,411,301,599,484,406,48,496,520,581,644,380,426,133,300,59,277,565,439,146,608,488,561,114,304,202,674,741,454,473,722,151,505,329,87,616,579,32,721,702,399,262,659,623,2,470,184,596,164,302,658,434,545,371,397,662,409,597,448,576,145,330,678,350,586,25,125,24,89,653,101,181,275,508,75,303,403,204,601,546,238,582,144,407,269,127,393,382,475,663,55,108,132,400,507,620,370,594,593,149,172,170,493,45,535,102,610,657,732,220,319,203,442,681,575,624,39,23,713,425,646,690,655,268,673,428,280,515,129,73,410,263,447,157,35,189,667,716,633,97,727,360,472,387,186,734,336,29,294,456,349,547,156,366,703,629,273,524,10,345,292,321,477,691,572,147,590,66,94,183,603,8,567,471,749,258,720,324,64,628,359,476,31,585,519,557,353,323,224,683,723,724,163,501,207,342,619,516,141,551,449,652,325,111,69,171,705,187,12,218,379,228,461,113,
627,296.3458249568939,160400.9240894696,156481.0652159649,537,548,580,506,552,213,543,369,614,357,173,341,267,748,47,118,167,83,414,347,462,528,432,710,415,711,482,28,666,307,175,343,116,600,463,664,138,571,487,621,404,604,747,205,418,285,136,568,573,502,612,290,233,525,457,351,112,279,176,106,631,57,317,532,245,282,327,642,26,391,458,670,140,480,446,731,130,622,736,685,200,362,37,431,335,718,591,95,104,54,701,82,679,88,739,193,726,498,429,208,589,14,60,160,738,696,249,331,148,730,684,105,214,746,131,43,223,169,165,53,408,92,368,443,451,715,119,44,3,587,626,340,152,159,305,254,486,638,377,542,733,255,355,356,661,190,438,134,174,384,271,199,61,402,489,694,115,386,474,592,247,514,50,196,668,124,260,698,697,137,293,700,672,352,337,437,297,479,194,252,649,314,339,46,494,550,226,122,709,522,261,564,225,309,232,11,358,647,99,256,86,512,264,117,405,396,306,389,278,459,634,298,222,153,375,530,617,266,536,390,598,574,478,215,81,16,381,346,669,392,367,421,30,503,500,93,745,276,248,103,641,665,299,27,385,259,677,17,100,643,688,211,420,554,84,251,296,274,374,639,490,395,376,383,20,195,121,529,566,52,544,436,651,584,510,717,209,253,107,19,182,70,344,191,313,315,588,188,348,483,615,22,265,560,7,4,531,185,523,287,168,637,318,56,139,38,689,120,583,692,76,577,491,33,308,413,363,708,485,650,91,541,18,326,90,110,179,40,328,654,569,680,558,606,595,333,533,693,96,521,725,239,74,283,481,135,513,13,155,430,511,201,538,539,706,526,216,192,126,423,412,419,270,34,682,495,21,559,645,656,465,540,235,422,468,518,212,250,578,77,15,310,618,123,36,492,740,635,611,676,435,128,388,63,744,281,41,549,509,364,316,627,162,719,609,613,58,9,197,150,166,62,180,570,334,42,707,504,671,517,660,607,602,445,743,244,178,499,312,206,433,78,416,460,728,217,464,322,230,373,161,427,534,455,372,49,219,361,67,417,320,6,241,424,158,229,452,742,5,72,704,234,242,85,466,712,453,80,354,272,467,378,240,365,291,394,98,527,109,221,450,729,338,640,1,198,284,714,401,497,675,143,398,65,237,295,257,288,311,289,177,444,71,686,632,51,0,231,227,735,142,440,687,286,556,441,737,555,553,79,625,636,154,236,210,332,469,243,563,699,605,695,630,648,562,246,68,411,301,599,484,406,48,496,520,581,644,380,426,133,300,59,277,565,439,146,608,488,561,114,304,202,674,741,454,473,722,151,505,329,87,616,579,32,721,702,399,262,659,623,2,470,184,596,164,302,658,434,545,371,397,662,409,597,448,576,145,330,678,350,586,25,125,24,89,653,101,181,275,508,75,303,403,204,601,546,238,582,144,407,269,127,393,382,475,663,55,108,132,400,507,620,370,594,593,149,172,170,493,45,535,102,610,657,732,220,319,203,442,681,575,624,39,23,713,425,646,690,655,268,673,428,280,515,129,73,410,263,447,157,35,189,667,716,633,97,727,360,472,387,186,734,336,29,294,456,349,547,156,366,703,629,273,524,10,345,292,321,477,691,572,147,590,66,94,183,603,8,567,471,749,258,720,324,64,628,359,476,31,585,519,557,353,323,224,683,723,724,163,501,207,342,619,516,141,551,449,652,325,111,69,171,705,187,12,218,379,228,461,113,
628,296.9115571975708,161371.85097180662,156456.19616789834,384,271,199,61,402,489,694,115,386,474,592,247,514,50,196,668,124,260,698,697,137,293,700,672,352,337,437,297,479,194,252,649,314,339,46,494,550,226,122,709,522,261,564,225,309,232,11,358,647,99,256,86,512,264,117,405,396,306,389,278,459,634,298,222,153,375,530,617,266,536,390,598,574,478,215,81,16,381,346,669,392,367,421,30,503,500,93,745,276,248,103,641,665,299,27,385,259,677,17,100,643,688,211,420,554,84,251,296,274,374,639,490,395,376,383,20,195,121,529,566,52,544,436,651,584,510,717,209,253,107,19,182,70,344,191,313,315,588,168,637,185,22,265,560,7,4,531,523,287,318,188,348,483,615,56,139,38,689,120,583,692,76,577,491,33,308,413,363,708,485,650,91,541,18,326,90,110,179,40,328,654,569,680,558,606,595,333,533,693,96,521,725,239,74,283,481,135,513,13,155,430,511,201,538,539,706,526,216,192,126,423,412,419,270,34,682,495,21,559,645,656,465,540,235,422,468,518,212,250,578,77,15,310,618,123,36,492,740,635,611,128,388,63,744,281,41,549,509,364,316,627,162,719,609,613,58,9,197,150,166,62,180,570,334,42,707,504,671,517,660,607,602,445,743,244,178,499,312,206,433,78,416,460,728,217,464,322,230,373,161,427,534,455,372,49,219,361,67,417,320,6,241,424,158,229,452,742,5,72,704,234,242,85,466,712,453,80,354,272,467,378,240,365,291,394,98,527,109,221,450,729,338,640,1,198,284,714,401,497,675,143,398,65,237,295,257,288,311,289,177,444,71,686,632,51,0,231,227,735,142,440,687,286,556,441,737,555,553,79,625,636,154,236,210,332,469,243,563,699,605,695,630,648,562,246,68,411,301,599,484,406,48,496,520,581,644,380,426,133,300,59,277,565,439,146,608,488,561,114,304,202,674,741,454,473,722,151,505,329,87,616,579,32,721,702,399,262,659,623,2,470,184,596,164,302,658,434,545,371,397,662,409,597,448,576,145,330,678,350,586,25,125,24,89,653,101,181,275,508,75,303,403,204,601,546,238,582,144,407,269,127,393,382,475,663,55,108,132,400,507,620,370,594,593,149,172,170,493,45,535,102,610,657,732,220,319,203,442,681,575,624,39,23,713,425,646,690,673,268,655,428,280,515,129,73,410,263,447,157,35,189,667,716,633,97,727,360,472,387,186,734,336,29,294,456,349,547,156,366,703,629,273,524,10,345,292,321,477,691,572,147,590,66,94,183,603,8,567,471,749,258,720,324,64,628,359,476,31,585,519,557,353,323,224,683,723,724,163,501,207,342,619,516,141,551,449,652,325,111,69,171,705,187,12,218,379,228,461,113,537,548,580,506,552,213,614,369,543,676,435,357,173,341,267,748,47,118,167,83,414,347,462,528,432,710,415,711,482,28,666,307,175,343,116,600,463,664,138,571,487,621,404,604,747,205,418,285,136,568,573,502,612,290,233,525,457,351,112,279,176,106,631,57,317,532,245,282,327,642,26,391,458,670,140,480,446,731,130,622,736,685,200,362,37,431,335,718,591,95,104,54,701,82,679,88,739,193,726,498,429,208,589,14,60,160,738,696,249,331,148,730,684,105,214,746,131,43,223,169,165,53,408,92,368,443,451,715,119,44,3,587,626,340,152,159,305,254,486,638,377,542,733,255,355,356,661,190,438,134,174,
629,297.513019323349,160761.67424115175,156406.76690618013,384,271,199,61,402,489,694,115,386,474,592,247,514,50,196,668,124,260,698,697,137,293,700,672,352,337,437,297,479,194,252,649,314,339,46,494,550,226,122,709,522,261,564,225,309,232,11,358,647,99,256,86,512,264,117,405,396,306,389,278,459,634,298,222,153,375,530,617,266,536,390,598,574,478,215,81,16,381,346,669,392,367,421,30,503,500,93,745,276,248,103,641,665,299,27,385,259,677,17,100,643,688,211,420,554,84,251,296,274,374,639,490,395,376,383,20,195,121,529,566,52,544,436,651,584,510,717,209,253,107,19,182,70,344,191,313,315,588,188,348,483,615,22,265,560,7,4,531,185,523,287,168,637,318,56,139,38,689,120,583,692,76,577,491,33,308,413,363,708,485,650,91,541,18,326,90,110,179,40,328,654,569,680,558,606,595,333,533,693,96,521,725,239,74,283,481,135,513,13,155,430,511,201,538,539,706,526,216,192,126,423,412,419,270,34,682,495,21,559,645,656,465,540,235,422,468,518,212,250,578,77,15,310,618,123,36,492,740,635,611,128,388,63,744,281,41,549,509,364,316,627,162,719,609,613,58,9,197,150,166,62,180,570,334,42,707,504,671,517,660,607,602,445,743,244,178,499,312,206,433,78,416,460,728,217,464,322,230,373,161,427,534,455,372,49,219,361,67,417,320,6,241,424,158,229,452,742,5,72,704,234,242,85,466,712,453,80,354,272,467,378,240,365,291,394,98,527,109,221,450,729,338,640,1,198,284,714,401,497,675,143,398,65,237,295,257,288,311,289,177,444,71,686,632,51,0,231,227,735,142,440,687,286,556,441,737,555,553,79,625,636,154,236,210,332,469,243,563,699,605,695,630,648,562,246,68,411,301,599,484,406,48,496,520,581,644,380,426,133,300,59,277,565,439,146,608,488,561,114,304,202,674,741,454,473,722,151,505,329,87,616,579,32,721,702,399,262,659,623,2,470,184,596,164,302,658,434,545,371,397,662,409,597,448,576,145,330,678,350,586,25,125,24,89,653,101,181,275,508,75,303,403,204,601,546,238,582,144,407,269,127,393,382,475,663,55,108,132,400,507,620,370,594,593,149,172,170,493,45,535,102,610,657,732,220,319,203,442,681,575,624,39,23,713,425,646,690,673,268,655,428,280,515,129,73,410,263,447,157,35,189,667,716,633,97,727,360,472,387,186,734,336,29,294,456,349,547,156,366,703,629,273,524,10,345,292,321,477,691,572,147,590,66,94,183,603,8,567,471,749,258,720,324,64,628,359,476,31,585,519,557,353,323,224,683,723,724,163,501,207,342,619,516,141,551,449,652,325,111,69,171,705,187,12,218,379,228,461,113,537,548,580,506,552,213,614,369,543,676,435,357,173,341,267,748,47,118,167,83,414,347,462,528,432,710,415,711,482,28,666,307,175,343,116,600,463,664,138,571,487,621,404,604,747,205,418,285,136,568,573,502,612,290,233,525,457,351,112,279,176,106,631,57,317,532,245,282,327,642,26,391,458,670,140,480,446,731,130,622,736,685,200,362,37,431,335,718,591,95,104,54,701,82,679,88,739,193,726,498,429,208,589,14,60,160,738,696,249,331,148,730,684,105,214,746,131,43,223,169,165,53,408,92,368,443,451,715,119,44,3,587,626,340,152,159,305,254,486,638,377,542,733,255,355,356,661,190,438,134,174,
630,298.0434818267822,160975.68429793895,156406.76690618013,384,271,199,61,402,489,694,115,386,474,592,247,514,50,196,668,124,260,698,697,137,293,700,672,352,337,437,297,479,194,252,649,314,339,46,494,550,226,122,709,522,261,564,225,309,232,11,358,647,99,256,86,512,264,117,405,396,306,389,278,459,634,298,222,153,375,530,617,266,536,390,598,574,478,215,81,16,381,346,669,392,367,421,30,503,500,93,745,276,248,103,641,665,299,27,385,259,677,17,100,643,688,211,420,554,84,251,296,274,374,639,490,395,376,383,20,195,121,529,566,52,544,436,651,584,510,717,209,253,107,19,182,70,344,191,313,315,588,188,348,483,615,22,265,560,7,4,531,185,523,287,168,637,318,56,139,38,689,120,583,692,76,577,491,33,308,413,363,708,485,650,91,541,18,326,90,110,179,40,328,654,569,680,558,606,595,333,533,693,96,521,725,239,74,283,481,135,513,13,155,430,511,201,538,539,706,526,216,192,126,423,412,419,270,34,682,495,21,559,645,656,465,540,235,422,468,518,212,250,578,77,15,310,618,123,36,492,740,635,611,128,388,63,744,281,41,549,509,364,316,627,162,719,609,613,58,9,197,150,166,62,180,570,334,42,707,504,671,517,660,607,602,445,743,244,178,499,312,206,433,78,416,460,728,217,464,322,230,373,161,427,534,455,372,49,219,361,67,417,320,6,241,424,158,229,452,742,5,72,704,234,242,85,466,712,453,80,354,272,467,378,240,365,291,394,98,527,109,221,450,729,338,640,1,198,284,714,401,497,675,143,398,65,237,295,257,288,311,289,177,444,71,686,632,51,0,231,227,735,142,440,687,286,556,441,737,555,553,79,625,636,154,236,210,332,469,243,563,699,605,695,630,648,562,246,68,411,301,599,484,406,48,496,520,581,644,380,426,133,300,59,277,565,439,146,608,488,561,114,304,202,674,741,454,473,722,151,505,329,87,616,579,32,721,702,399,262,659,623,2,470,184,596,164,302,658,434,545,371,397,662,409,597,448,576,145,330,678,350,586,25,125,24,89,653,101,181,275,508,75,303,403,204,601,546,238,582,144,407,269,127,393,382,475,663,55,108,132,400,507,620,370,594,593,149,172,170,493,45,535,102,610,657,732,220,319,203,442,681,575,624,39,23,713,425,646,690,673,268,655,428,280,515,129,73,410,263,447,157,35,189,667,716,633,97,727,360,472,387,186,734,336,29,294,456,349,547,156,366,703,629,273,524,10,345,292,321,477,691,572,147,590,66,94,183,603,8,567,471,749,258,720,324,64,628,359,476,31,585,519,557,353,323,224,683,723,724,163,501,207,342,619,516,141,551,449,652,325,111,69,171,705,187,12,218,379,228,461,113,537,548,580,506,552,213,614,369,543,676,435,357,173,341,267,748,47,118,167,83,414,347,462,528,432,710,415,711,482,28,666,307,175,343,116,600,463,664,138,571,487,621,404,604,747,205,418,285,136,568,573,502,612,290,233,525,457,351,112,279,176,106,631,57,317,532,245,282,327,642,26,391,458,670,140,480,446,731,130,622,736,685,200,362,37,431,335,718,591,95,104,54,701,82,679,88,739,193,726,498,429,208,589,14,60,160,738,696,249,331,148,730,684,105,214,746,131,43,223,169,165,53,408,92,368,443,451,715,119,44,3,587,626,340,152,159,305,254,486,638,377,542,733,255,355,356,661,190,438,134,174,
631,298.728999376297,163052.78161831133,156406.7669061801,52,544,436,651,584,510,717,209,253,107,19,182,70,344,191,313,315,588,188,348,483,615,22,265,560,7,4,531,185,523,287,168,637,318,56,139,38,689,120,583,692,76,577,491,33,308,413,363,708,485,650,91,541,18,326,90,110,179,40,328,654,569,680,558,606,595,333,533,693,96,521,725,239,74,283,481,135,513,13,155,430,511,201,538,539,706,526,216,192,126,423,412,419,270,34,682,495,21,559,645,656,465,540,235,422,468,518,212,250,578,77,15,310,618,123,36,492,740,635,611,128,388,63,744,281,41,549,509,364,316,627,162,719,609,613,58,9,197,150,166,62,180,570,334,42,707,504,671,517,660,607,602,445,743,244,178,499,312,206,433,78,416,460,728,217,464,322,230,373,161,427,534,455,372,49,219,361,67,417,320,6,241,424,158,229,452,742,5,72,704,234,242,85,466,712,453,80,354,272,467,378,240,365,291,394,98,527,109,221,450,729,338,640,1,198,284,714,401,497,675,143,398,65,237,295,257,288,311,289,177,444,71,686,632,51,0,231,227,735,142,440,687,286,556,441,737,555,553,79,625,636,154,236,210,332,469,243,563,699,605,695,630,648,562,246,68,411,301,599,484,406,48,496,520,581,644,380,426,133,300,59,277,565,439,146,608,488,561,114,304,202,674,741,454,473,722,151,505,329,87,616,579,32,721,702,399,262,659,623,2,470,184,596,164,302,658,434,545,371,397,662,409,597,448,576,145,330,678,350,586,25,125,24,89,653,101,181,275,508,75,303,403,204,601,546,238,582,144,407,269,127,393,382,475,663,55,108,132,400,507,620,370,594,593,149,172,170,493,45,535,102,610,657,732,220,319,203,442,681,575,624,39,23,713,425,646,690,673,268,655,428,280,515,129,73,410,263,447,157,35,189,667,716,633,97,727,360,472,387,186,734,336,29,294,456,349,547,156,366,703,629,273,524,10,345,292,321,477,691,572,147,590,66,94,183,603,8,567,471,749,258,720,324,64,628,359,476,31,585,519,557,353,323,224,683,723,724,163,501,207,342,619,516,141,551,449,652,325,111,69,171,705,187,12,218,379,228,461,113,537,548,580,506,552,213,614,369,543,676,435,357,173,341,267,748,47,118,167,83,414,347,462,528,432,710,415,711,482,28,666,307,175,343,116,600,463,664,138,571,487,621,404,604,747,205,418,285,136,568,573,502,612,290,233,525,457,351,112,279,176,106,631,57,317,532,245,282,327,642,26,391,458,670,140,480,446,731,130,622,736,685,200,362,37,431,335,718,591,95,104,54,701,82,679,88,739,193,726,498,429,208,589,14,60,160,738,696,249,331,148,730,684,105,214,746,131,43,223,169,165,53,408,92,368,443,451,715,119,44,3,587,626,340,152,159,305,254,486,638,377,542,733,255,355,356,661,190,438,134,174,384,271,199,61,402,489,694,115,386,474,592,247,514,50,196,668,124,260,698,697,137,293,700,672,352,337,437,297,479,194,252,649,314,339,46,494,550,226,122,709,522,261,564,225,309,232,11,358,647,99,256,86,512,264,117,405,396,306,389,278,459,634,298,222,153,375,530,617,266,536,390,598,574,478,215,81,16,381,346,669,392,367,421,30,503,500,93,745,276,248,103,641,665,299,27,385,259,677,17,100,643,688,211,420,554,84,251,296,274,374,639,490,395,376,383,20,195,121,529,566,
632,299.27215480804443,162053.49861340653,156406.7669061801,52,544,436,651,584,510,717,209,253,107,19,182,70,344,191,313,315,588,188,348,483,615,22,265,560,7,4,531,185,523,287,168,637,318,56,139,38,689,120,583,692,76,577,491,33,308,413,363,708,485,650,91,541,18,326,90,110,179,40,328,654,569,680,558,606,595,333,533,693,96,521,725,239,74,283,481,135,513,13,155,430,511,201,538,539,706,526,216,192,126,423,412,419,270,34,682,495,21,559,645,656,465,540,235,422,468,518,212,250,578,77,15,310,618,123,36,492,740,635,611,128,388,63,744,281,41,549,509,364,316,627,162,719,609,613,58,9,197,150,166,62,180,570,334,42,707,504,671,517,660,607,602,445,743,244,178,499,312,206,433,78,416,460,728,217,464,322,230,373,161,427,534,455,372,49,219,361,67,417,320,6,241,424,158,229,452,742,5,72,704,234,242,85,466,712,453,80,354,272,467,378,240,365,291,394,98,527,109,221,450,729,338,640,1,198,284,714,401,497,675,143,398,65,237,295,257,288,311,289,177,444,71,686,632,51,0,231,227,735,142,440,687,286,556,441,737,555,553,79,625,636,154,236,210,332,469,243,563,699,605,695,630,648,562,246,68,411,301,599,484,406,48,496,520,581,644,380,426,133,300,59,277,565,439,146,608,488,561,114,304,202,674,741,454,473,722,151,505,329,87,616,579,32,721,702,399,262,659,623,2,470,184,596,164,302,658,434,545,371,397,662,409,597,448,576,145,330,678,350,586,25,125,24,89,653,101,181,275,508,75,303,403,204,601,546,238,582,144,407,269,127,393,382,475,663,55,108,132,400,507,620,370,594,593,149,172,170,493,45,535,102,610,657,732,220,319,203,442,681,575,624,39,23,713,425,646,690,673,268,655,428,280,515,129,73,410,263,447,157,35,189,667,716,633,97,727,360,472,387,186,734,336,29,294,456,349,547,156,366,703,629,273,524,10,345,292,321,477,691,572,147,590,66,94,183,603,8,567,471,749,258,720,324,64,628,359,476,31,585,519,557,353,323,224,683,723,724,163,501,207,342,619,516,141,551,449,652,325,111,69,171,705,187,12,218,379,228,461,113,537,548,580,506,552,213,614,369,543,676,435,357,173,341,267,748,47,118,167,83,414,347,462,528,432,710,415,711,482,28,666,307,175,343,116,600,463,664,138,571,487,621,404,604,747,205,418,285,136,568,573,502,612,290,233,525,457,351,112,279,176,106,631,57,317,532,245,282,327,642,26,391,458,670,140,480,446,731,130,622,736,685,200,362,37,431,335,718,591,95,104,54,701,82,679,88,739,193,726,498,429,208,589,14,60,160,738,696,249,331,148,730,684,105,214,746,131,43,223,169,165,53,408,92,368,443,451,715,119,44,3,587,626,340,152,159,305,254,486,638,377,542,733,255,355,356,661,190,438,134,174,384,271,199,61,402,489,694,115,386,474,592,247,514,50,196,668,124,260,698,697,137,293,700,672,352,337,437,297,479,194,252,649,314,339,46,494,550,226,122,709,522,261,564,225,309,232,11,358,647,99,256,86,512,264,117,405,396,306,389,278,459,634,298,222,153,375,530,617,266,536,390,598,574,478,215,81,16,381,346,669,392,367,421,30,503,500,93,745,276,248,103,641,665,299,27,385,259,677,17,100,643,688,211,420,554,84,251,296,274,374,639,490,395,376,383,20,195,121,529,566,
633,299.72521924972534,161057.42945208855,156406.7669061801,52,544,436,651,584,510,717,209,253,107,19,182,70,344,191,313,315,588,188,348,483,615,22,265,560,7,4,531,185,523,287,168,637,318,56,139,38,689,120,583,692,76,577,491,33,308,413,363,708,485,650,91,541,18,326,90,110,179,40,328,654,569,680,558,606,595,333,533,693,96,521,725,239,74,283,481,135,513,13,155,430,511,201,538,539,706,526,216,192,126,423,412,419,270,34,682,495,21,559,645,656,465,540,235,422,468,518,212,250,578,77,15,310,618,123,36,492,740,635,611,128,388,63,744,281,41,549,509,364,316,627,162,719,609,613,58,9,197,150,166,62,180,570,334,42,707,504,671,517,660,607,602,445,743,244,178,499,312,206,433,78,416,460,728,217,464,322,230,373,161,427,534,455,372,49,219,361,67,417,320,6,241,424,158,229,452,742,5,72,704,234,242,85,466,712,453,80,354,272,467,378,240,365,291,394,98,527,109,221,450,729,338,640,1,198,284,714,401,497,675,143,398,65,237,295,257,288,311,289,177,444,71,686,632,51,0,231,227,735,142,440,687,286,556,441,737,555,553,79,625,636,154,236,210,332,469,243,563,699,605,695,630,648,562,246,68,411,301,599,484,406,48,496,520,581,644,380,426,133,300,59,277,565,439,146,608,488,561,114,304,202,674,741,454,473,722,151,505,329,87,616,579,32,721,702,399,262,659,623,2,470,184,596,164,302,658,434,545,371,397,662,409,597,448,576,145,330,678,350,586,25,125,24,89,653,101,181,275,508,75,303,403,204,601,546,238,582,144,407,269,127,393,382,475,663,55,108,132,400,507,620,370,594,593,149,172,170,493,45,535,102,610,657,732,220,319,203,442,681,575,624,39,23,713,425,646,690,673,268,655,428,280,515,129,73,410,263,447,157,35,189,667,716,633,97,727,360,472,387,186,734,336,29,294,456,349,547,156,366,703,629,273,524,10,345,292,321,477,691,572,147,590,66,94,183,603,8,567,471,749,258,720,324,64,628,359,476,31,585,519,557,353,323,224,683,723,724,163,501,207,342,619,516,141,551,449,652,325,111,69,171,705,187,12,218,379,228,461,113,537,548,580,506,552,213,614,369,543,676,435,357,173,341,267,748,47,118,167,83,414,347,462,528,432,710,415,711,482,28,666,307,175,343,116,600,463,664,138,571,487,621,404,604,747,205,418,285,136,568,573,502,612,290,233,525,457,351,112,279,176,106,631,57,317,532,245,282,327,642,26,391,458,670,140,480,446,731,130,622,736,685,200,362,37,431,335,718,591,95,104,54,701,82,679,88,739,193,726,498,429,208,589,14,60,160,738,696,249,331,148,730,684,105,214,746,131,43,223,169,165,53,408,92,368,443,451,715,119,44,3,587,626,340,152,159,305,254,486,638,377,542,733,255,355,356,661,190,438,134,174,384,271,199,61,402,489,694,115,386,474,592,247,514,50,196,668,124,260,698,697,137,293,700,672,352,337,437,297,479,194,252,649,314,339,46,494,550,226,122,709,522,261,564,225,309,232,11,358,647,99,256,86,512,264,117,405,396,306,389,278,459,634,298,222,153,375,530,617,266,536,390,598,574,478,215,81,16,381,346,669,392,367,421,30,503,500,93,745,276,248,103,641,665,299,27,385,259,677,17,100,643,688,211,420,554,84,251,296,274,374,639,490,395,376,383,20,195,121,529,566,
